Time (s),Volume (m^3),He,Ar,Ne,X(1),O2(2),H2O(3),N2(4),NO(5),NH3(6),N2O(7),OX(10),H2NX(28),HX(9),H3NX(29),HNX(49),HOX(13),H2OX(14),NX(59),NOX2(76),NOX(27),N2X2(25),N2X(26),N2O2(46),O2X2(47)
0.0,0.05595639656,0.054,0.0,0.0,0.029736827291434877,0.88,0.0,0.0,0.0,0.066,0.0,0.0,0.0,0.0,0.0,0.0,0.0,0.0,0.0,0.0,0.0,0.0,0.0,0.0,0.0
1.874760591947911e-20,0.05595639656,0.054,0.0,0.0,0.02973682729143152,0.8799999999999989,-3.7195582323285333e-56,4.887667765420499e-92,2.488422903860049e-96,0.06599999999999942,0.0,2.376132153761194e-15,3.880461801527031e-16,3.8804618015270317e-16,2.0210738549529223e-16,7.890769901366286e-32,1.8702966259140036e-37,2.8946779425437142e-61,5.541681387171799e-48,4.386989088177809e-68,2.208041511630347e-76,1.6664288229776717e-81,3.2234594736880312e-90,3.095087270538651e-128,9.406249643338244e-49
5.2493296574541515e-20,0.05595639656,0.054,0.0,0.0,0.029736827291425485,0.8799999999999967,3.6751616025346095e-55,1.1211685150598746e-86,4.975947832532864e-94,0.06599999999999834,0.0,6.653170030529598e-15,1.0865293044272744e-15,1.0865293044272754e-15,5.65900679383725e-16,4.766241606111541e-31,2.8263922419352254e-36,3.6579431535997253e-60,6.579396691728083e-47,2.669617097909124e-66,2.4406698953960606e-74,2.1236433697385284e-76,7.394204030744393e-85,5.500993907210063e-126,1.421472311007404e-47
1.1998467788466632e-19,0.05595639656,0.054,0.0,0.0,0.029736827291413408,0.8799999999999923,2.0270163947456737e-53,4.437080849388438e-85,9.009387426695954e-92,0.06599999999999621,0.0,1.520724578405941e-14,2.4834955529752373e-15,2.4834955529752416e-15,1.2934872671482183e-15,2.2949545776924277e-30,3.0405037684291583e-35,1.0375562132207773e-58,6.460332769700825e-46,1.2053157254738942e-64,2.2083632890621942e-72,4.096048468103367e-75,2.9262934708749784e-83,1.965227473157209e-123,1.5291549631004932e-46
2.549674405049159e-19,0.05595639656,0.054,0.0,0.0,0.029736827291389257,0.8799999999999838,7.97763544081e-52,1.5254642094378884e-83,1.365428721236424e-89,0.06599999999999197,0.0,3.2315397291091085e-14,5.277428050066449e-15,5.27742805006647e-15,2.7486604426277145e-15,1.0024542030547547e-29,2.7947467415955767e-34,3.0908807298625547e-57,5.715225527974499e-45,4.5519321057475387e-63,1.6716467908158887e-70,7.013503877785834e-74,1.0060569313054073e-81,5.847580152810973e-121,1.405556719266518e-45
5.249329657454151e-19,0.05595639656,0.054,0.0,0.0,0.029736827291340955,0.8799999999999667,2.8186784187990226e-50,5.0449986693532587e-82,1.8990587614910598e-87,0.06599999999998347,0.0,6.65317003050426e-14,1.0865293044230013e-14,1.0865293044230098e-14,5.659006793388748e-15,4.186611655620722e-29,2.390964584125552e-33,9.45503367993915e-56,4.80589678246119e-44,1.579892822911122e-61,1.161783181741366e-68,1.1583750481908124e-72,3.3272205399181166e-80,1.5750934804704416e-118,1.202483123188781e-44
1.0648640162264134e-18,0.05595639656,0.054,0.0,0.0,0.029736827291244352,0.8799999999999325,9.46958030730759e-49,1.6415831122985014e-80,2.5341631331780468e-85,0.06599999999996647,0.0,1.3496430633249834e-13,2.2041023032481713e-14,2.204102303248205e-14,1.1479699494118975e-14,1.7116440924875618e-28,1.9768956013445036e-32,2.950102372849877e-54,3.943288370933296e-43,5.265805784914241e-60,7.749226233619859e-67,1.8836452714097584e-71,1.082638340344843e-78,3.961487779413322e-116,9.942358995347286e-44
2.14472611718841e-18,0.05595639656,0.054,0.0,0.0,0.029736827291051142,0.8799999999998641,3.10425931400764e-47,5.304073985240889e-79,3.3154294371193524e-83,0.06599999999993249,0.0,2.718295183856207e-13,4.439248300868336e-14,4.439248300868475e-14,2.312108489241207e-14,6.929059304902057e-28,1.6075784218583832e-31,9.314979527628796e-53,3.198437647821732e-42,1.7215257937802862e-58,5.0683669357989885e-65,3.042416022239198e-70,3.4980828453935484e-77,9.303224465683826e-114,8.084954703491138e-43
4.304450319112403e-18,0.05595639656,0.054,0.0,0.0,0.029736827290664722,0.8799999999997272,1.005365946582237e-45,1.7102975801524934e-77,4.300166961109157e-81,0.0659999999998645,0.0,5.455599424847089e-13,8.909540295987964e-14,8.909540295988523e-14,4.640385567632883e-14,2.794443606729628e-27,1.296569832965006e-30,2.9603828884678795e-51,2.5825312498341844e-41,5.580999161249222e-57,3.28665786315624e-63,4.904812702730809e-69,1.1279560517443956e-75,2.0035060204451793e-111,6.520798360003215e-42
8.62389872296039e-18,0.05595639656,0.054,0.0,0.0,0.029736827289891885,0.8799999999994534,3.236506524089057e-44,5.5247163049654415e-76,5.566114307911393e-79,0.06599999999972853,0.0,1.0930207906542584e-12,1.7850124285744388e-13,1.785012428574664e-13,9.296939719348468e-14,1.127353661687799e-26,1.0414747532416097e-29,9.440302270878303e-50,2.085412672895047e-40,1.805920272581925e-55,2.127083160928162e-61,7.92237777251043e-68,3.643597868372082e-74,3.8721258404400594e-109,5.237842981127416e-41
1.7262795530656363e-17,0.05595639656,0.054,0.0,0.0,0.02973682728834621,0.879999999998906,1.0387854249015978e-42,1.7960671432242627e-74,7.230047836528041e-77,0.06599999999945658,0.0,2.187942486878852e-12,3.573129226332559e-13,3.5731292263334725e-13,1.8610048002508595e-13,4.568618624891146e-26,8.348698859980441e-29,3.0156177541622714e-48,1.6918940696324273e-39,5.864942200726007e-54,1.3815142044907502e-59,1.288031444338525e-66,1.1845214939440773e-72,6.675470618982822e-107,4.198752405153237e-40
3.4540589146048315e-17,0.05595639656,0.054,0.0,0.0,0.029736827285254855,0.8799999999978111,3.329081087540328e-41,5.920342130955679e-73,9.49107480416657e-75,0.06599999999891269,0.0,4.377785878870015e-12,7.149362821075939e-13,7.149362821079676e-13,3.723626448774499e-13,1.8713248380697743e-25,6.685713564873642e-28,9.641585021345058e-47,1.38835233794454e-38,1.925241904873785e-52,9.068489806856614e-58,2.123782903558121e-65,3.9045143462027706e-71,1.0477754456554137e-104,3.362363924468744e-39
6.909617637683222e-17,0.05595639656,0.054,0.0,0.0,0.02973682727907215,0.8799999999956213,1.0660975510176176e-39,2.0048754844214414e-71,1.2737102721679986e-72,0.06599999999782492,0.0,8.75747266102024e-12,1.4301830007469536e-12,1.430183000748514e-12,7.448869713388457e-13,7.829342228528236e-25,5.351254007312424e-27,3.0840098979633377e-45,1.1656685946594408e-37,6.462506243505009e-51,6.0860142245576575e-56,3.5990029342548895e-64,1.3222309058844476e-69,1.559012502396831e-102,2.691184550079083e-38
1.382073508384e-16,0.05595639656,0.054,0.0,0.0,0.02973682726670674,0.8799999999912416,3.4127542214861335e-38,7.132433090629853e-70,1.7820218403730835e-70,0.06599999999564939,0.0,1.751684621799228e-11,2.8606764367870412e-12,2.8606764367938097e-12,1.4899356112884883e-12,3.405575482329521e-24,4.282044798886055e-26,9.86705899415541e-44,1.0214753181102373e-36,2.26248736984254e-49,4.2587124539508674e-54,6.411175012943486e-63,4.70388794421486e-68,2.3079421348667595e-100,2.153381856136662e-37
2.764296997615356e-16,0.05595639656,0.054,0.0,0.0,0.029736827241975922,0.8799999999824822,1.0922640913514327e-36,2.7568845924903846e-68,2.6807273867353607e-68,0.0659999999912983,0.0,3.503559330262261e-11,5.721663303901753e-12,5.7216633039330325e-12,2.9800328392966155e-12,1.5810218766320843e-23,3.4260014367879554e-25,3.157375613773874e-42,9.639110808941464e-36,8.521734887705657e-48,3.204841956817099e-52,1.2419017918159545e-61,1.8181787356409032e-66,3.579378134724463e-98,1.7227459711923092e-36
5.528743976078068e-16,0.05595639656,0.054,0.0,0.0,0.029736827192514286,0.8799999999649635,3.4954349111307695e-35,1.2063949677945993e-66,4.5173264001043263e-66,0.06599999998259613,0.0,7.007308735462736e-11,1.1443637018181847e-11,1.1443637018340587e-11,5.9602270877597374e-12,8.073862541669796e-23,2.7408656565928e-24,1.0104825679218676e-40,1.0206014030166348e-34,3.597833009153653e-46,2.7021978601036735e-50,2.725660887616503e-60,7.956186655880826e-65,6.134895564367767e-96,1.3779998883689316e-35
1.1057637933003492e-15,0.05595639656,0.054,0.0,0.0,0.029736827093591014,0.879999999929926,1.1185038895376645e-33,6.198373195730915e-65,8.885463291210482e-64,0.06599999996519179,0.0,1.4014807498960597e-10,2.2887584366244846e-11,2.2887584367148777e-11,1.1920614754565467e-11,4.629253337110434e-22,2.1925875597824172e-23,3.234703294395152e-39,1.2629033575334433e-33,1.7738072670447712e-44,2.6598497994662352e-48,7.026404948574122e-59,4.087785453010828e-63,1.2189249644560042e-93,1.1019804528101547e-34
2.2115425846854338e-15,0.05595639656,0.054,0.0,0.0,0.029736826895744483,0.879999999859851,3.5787359117587913e-32,3.816547024366703e-63,2.0971134597959933e-61,0.06599999993038312,0.0,2.802980483833825e-10,4.577547873478321e-11,4.577547874055072e-11,2.3841386768430908e-11,2.9714456229127582e-21,1.7538188853541622e-22,1.0360282678501967e-37,1.8759363708936455e-32,1.0493413749024189e-42,3.141510516586818e-46,2.170300206346283e-57,2.5169283898357002e-61,2.8951243285752474e-91,8.8087221404099e-34
4.423100167455604e-15,0.05595639656,0.054,0.0,0.0,0.02973682650005144,0.879999999719701,1.1448505341610303e-30,2.8255008553509445e-61,5.985098026840282e-59,0.0659999998607658,0.0,5.605979876657519e-10,9.155126611671807e-11,9.155126615700279e-11,4.7682917523066194e-11,2.0843691623686306e-20,1.4026201399555102e-21,3.323039113096392e-36,3.3700474402400473e-31,7.504134843928504e-41,4.486188143138804e-44,8.055961051951911e-56,1.8632685175053929e-59,8.296569565909905e-89,7.035443535719555e-33
8.846215332995942e-15,0.05595639656,0.054,0.0,0.0,0.029736825708665444,0.8799999994394011,3.6612517721898003e-29,8.39783659230941e-61,2.0402248963858763e-56,0.06599999972153123,0.0,1.1211978362060889e-09,1.8310283510169036e-10,1.8310283540055232e-10,9.536592598706309e-11,1.5503794176150255e-19,1.1213874922631103e-20,1.0751367773520195e-34,7.23674136030289e-30,6.407103228991678e-39,7.650727952704823e-42,8.052421122328399e-56,5.537245802605383e-59,7.802524887995776e-92,5.60992140085565e-32
1.769244566407662e-14,0.05595639656,0.054,0.0,0.0,0.029736824125893836,0.8799999988788013,1.1701402126830399e-27,1.9865138678500975e-60,8.041246441643304e-54,0.06599999944306231,0.0,2.2423974131598513e-09,3.6620594708940705e-10,3.662059493867234e-10,1.9073173111082589e-10,1.1934568392555001e-18,8.959729638592462e-20,3.55935308121733e-33,1.8013965126934314e-28,6.322679024551488e-37,1.5083103020637808e-39,8.285199892771432e-56,1.3095175378801501e-58,-8.995611365931512e-91,4.458696231637207e-31
3.538490632623798e-14,0.05595639656,0.054,0.0,0.0,0.029736820960352177,0.879999997757602,3.735119881431136e-26,1.0625043524328506e-58,3.50024528500561e-51,0.06599999888612544,0.0,4.484796086326448e-09,7.32412044202838e-10,7.324120622084035e-10,3.8146249715632724e-10,9.360264637605207e-18,7.14963656559448e-19,1.2789026318186063e-31,4.98406994518166e-27,6.889714992880036e-35,3.283524281302561e-37,3.76652060739511e-54,7.002055091503131e-57,-9.19802649060997e-88,3.521035735588571e-30
5.307736698839934e-14,0.05595639656,0.054,0.0,0.0,0.029736817794812125,0.8799999966364028,1.785285346739515e-25,8.140598210610552e-55,2.9702509089461885e-50,0.06599999832918955,0.0,6.7271942784649495e-09,1.0986179838768183e-09,1.0986180370172107e-09,5.721924230184267e-10,2.7630171132747624e-17,2.119600178727409e-18,6.215282475352593e-31,2.308144334579387e-26,4.501944612826036e-34,2.463652423960184e-36,2.9404012652215016e-50,5.3648160709052255e-53,3.1867109688106856e-80,1.0379356667375385e-29
8.846228831272206e-14,0.05595639656,0.054,0.0,0.0,0.029736811463738716,0.8799999943940057,2.6796981824102174e-24,4.196525531859339e-54,4.56593996889665e-48,0.06599999721532186,0.0,1.1211988736653623e-08,1.8310290500031126e-09,1.831029297439875e-09,9.536489381277482e-10,1.2866105131433354e-16,9.884986290910446e-18,1.4744458351877818e-29,3.276603654212917e-25,2.2245454552057372e-32,2.132585282168632e-34,6.108823475240053e-50,2.7631486011525796e-52,1.7242227214680383e-84,4.755446200147153e-29
1.203087175046125e-13,0.05595639656,0.054,0.0,0.0,0.029736805765778335,0.8799999923758488,9.756158305289987e-24,8.530237994054356e-54,2.785423376462509e-47,0.0659999962128444,0.0,1.524830219137899e-08,2.4901981649197667e-09,2.4901987347989717e-09,1.2969571312228274e-09,2.9631812287330036e-16,2.27572594609789e-17,6.868969751656114e-29,1.1767143235830696e-24,1.1773645676890561e-31,1.2213460192601088e-33,3.5844917805941996e-49,5.628451727976836e-52,-1.1659676422558338e-78,1.0845905708278373e-28
1.5215514669650295e-13,0.05595639656,0.054,0.0,0.0,0.02973680006782425,0.8799999903576928,2.6118098644342782e-23,3.610900085009471e-52,1.2738316780399807e-46,0.0659999952103707,0.0,1.9284613995429827e-08,3.1493661981361564e-09,3.1493672940755445e-09,1.640262522317085e-09,5.698277204015662e-16,4.370891499115603e-17,2.030030637730986e-28,3.130419651649006e-24,4.0044874424240425e-31,4.8540361670412335e-33,6.406188477861672e-48,2.3779225702233785e-50,1.0687194957596303e-76,2.062725080390368e-28
1.840015758883934e-13,0.05595639656,0.054,0.0,0.0,0.0297367943698764,0.8799999883395379,5.989641480693799e-23,1.5506477625937432e-51,4.4026120484919836e-46,0.0659999942079007,0.0,2.332092423846234e-08,3.808533021343572e-09,3.808534883242991e-09,1.9835652913599473e-09,9.6803020511923e-16,7.41456141138307e-17,5.736125269547727e-28,7.142412794674357e-24,1.170349353659711e-30,1.5402023525600926e-32,2.2474281651404494e-47,1.020856948915737e-49,3.107322062286063e-76,3.467697812036664e-28
2.476944342721743e-13,0.05595639656,0.054,0.0,0.0,0.02973678297399591,0.8799999843032293,2.152000658760312e-22,1.802678399590356e-50,2.999065034136612e-45,0.06599999220296968,0.0,3.139354115809792e-08,5.126863227307547e-09,5.126867340294734e-09,2.6701649393874995e-09,2.138178716659529e-15,1.6334934764310164e-16,3.295872201712828e-27,2.5491736944817622e-23,6.948168339035057e-30,9.726014787015429e-32,2.5079067444896928e-46,1.186624223127654e-48,4.189207876923963e-76,7.533660675383197e-28
3.113872926559552e-13,0.05595639656,0.054,0.0,0.0,0.029736771578141096,0.8799999802669237,5.72816243108651e-22,1.1188808700559508e-49,1.2923244574565578e-44,0.06599999019805368,0.0,3.946615229014824e-08,6.445187177611988e-09,6.445194879073844e-09,3.3567551295247813e-09,4.003248265643515e-15,3.049992030894177e-16,1.1624805330865713e-26,6.765394634608485e-23,2.450372395236663e-29,3.84504663225047e-31,1.4797126485928743e-45,7.364427494294635e-48,6.707806678605653e-75,1.3883772852946787e-27
3.750801510397361e-13,0.05595639656,0.054,0.0,0.0,0.029736760182315514,0.8799999762306212,1.3200726073716094e-21,6.1271670932019406e-49,4.585936209962363e-44,0.0659999881931546,0.0,4.753875723038657e-08,7.763503216486091e-09,7.763516246052237e-09,4.043335382095889e-09,6.771996234197488e-15,5.143695190631713e-16,3.5315194051906985e-26,1.5571307345915866e-22,7.304209676221088e-29,1.253386115050168e-30,7.912838581812666e-45,4.032634349480059e-47,2.0216085644315863e-74,2.3100655022435895e-27
4.3877300942351697e-13,0.05595639656,0.054,0.0,0.0,0.029736748786521702,0.8799999721943216,2.7370231113190782e-21,3.056624669445405e-48,1.4332513319546782e-43,0.06599998618827377,0.0,5.561135586866661e-08,9.081809828255655e-09,9.081830305072436e-09,4.7299057240048845e-09,1.0641232573965637e-14,8.055680121989387e-16,9.477802535471287e-26,3.228441828266981e-22,1.9551021993493144e-28,3.627946541171089e-30,3.8127605337262534e-44,2.011604039135897e-46,5.454665067576528e-74,3.567680907232545e-27
5.024658678072979e-13,0.05595639656,0.054,0.0,0.0,0.029736737390761624,0.8799999681580252,5.182814945197941e-21,1.349424469097774e-47,3.9597511842214925e-43,0.06599998418341217,0.0,6.368394818300138e-08,1.0400105708922047e-08,1.0400136081968497e-08,5.416466308473644e-09,1.5781876335530194e-14,1.1906119571466432e-15,2.257152053928114e-25,6.119173879636693e-22,4.777638938272445e-28,9.414488764404894e-30,1.6501223554578406e-43,8.880307836323294e-46,1.630941195548327e-76,5.199823448112606e-27
6.298515845748596e-13,0.05595639656,0.054,0.0,0.0,0.0297367145993516,0.8799999600854419,1.5550837612817862e-20,2.622087139827574e-46,2.953191425926455e-42,0.06599998017375105,0.0,7.982911380179037e-08,1.303665920811459e-08,1.303671825964116e-08,6.7895590326618344e-09,3.067424759828553e-14,2.296842369397638e-15,1.0460810235841658e-24,1.8431435130468087e-21,2.2700734737344875e-27,5.628963671681249e-29,2.2203419331603117e-42,1.7239714561260863e-44,3.755101120916075e-79,9.745409261326723e-27
7.572373013424214e-13,0.05595639656,0.054,0.0,0.0,0.029736691808102532,0.879999952012871,3.8186851468872115e-20,2.056188375620473e-45,1.4082687358499803e-41,0.06599997616417974,0.0,9.597425398475202e-08,1.5673152205588816e-08,1.567325418951093e-08,8.162615066271394e-09,5.295950508515555e-14,3.934949495392942e-15,3.582809232413384e-24,4.547281511863448e-21,7.800192414007739e-27,2.290194662283355e-28,1.5062704813883206e-41,1.3512837122425505e-43,4.480493829923341e-72,1.6223394664373995e-26
8.846230181099832e-13,0.05595639656,0.054,0.0,0.0,0.029736669017031456,0.8799999439403124,8.152988516777997e-20,1.1312834024757374e-44,5.137888276899755e-41,0.06599997215470671,0.0,1.1211936863757717e-07,1.8309573206203113e-08,1.8309735295494724e-08,9.535635927074386e-09,8.414637997687488e-14,6.203285380288288e-15,1.0080415811876463e-23,9.758325345774204e-21,2.185434623347667e-26,7.344919584430695e-28,7.503448975690754e-41,7.431858712889791e-43,1.4864190484917235e-71,2.48646828189399e-26
1e-12,0.05595639656,0.054,0.0,0.0,0.029736648374657334,0.87999993662877,1.5045907365686076e-19,8.734704505493877e-44,1.8378823185278275e-40,0.06599996852330114,0.0,1.2674245065819302e-07,2.06973853906652e-08,2.0697619169108267e-08,1.0779192114162484e-08,1.2132867851579386e-13,8.878642579079152e-15,2.4364456098157694e-23,1.8120696728023335e-20,5.289375820183528e-26,2.1287595216788446e-27,4.144681724487723e-40,5.728182531259962e-42,1.821663954650842e-71,3.469914579850127e-26
1.1393944516451067e-12,0.05595639656,0.054,0.0,0.0,0.02973662343549101,0.8799999277952328,2.8680761944824224e-19,3.4511199116583114e-43,5.683647989141542e-40,0.06599996413608908,0.0,1.4440952099161762e-07,2.358215353183376e-08,2.358249897410155e-08,1.2281578144022923e-08,1.7922079237844518e-13,1.2998850790517315e-14,5.87911376836728e-23,3.477848829805348e-20,1.279494375122107e-25,5.8505584754789545e-27,1.5060555974756767e-39,2.2624168754023793e-41,7.548270561053816e-76,4.931083804288298e-26
1.3941658851802303e-12,0.05595639656,0.054,0.0,0.0,0.029736577854865734,0.8799999116502031,7.719657212644527e-19,3.2061927556439477e-42,3.142442205793661e-39,0.06599995611796557,0.0,1.7669957015564865e-07,2.8854308804158023e-08,2.8854941181805537e-08,1.5027397704872364e-08,3.2789030440399667e-13,2.3401746544295977e-14,2.2697759662342407e-22,9.478012396816461e-20,4.894896560892977e-25,2.698065501771416e-26,1.2182613669254321e-38,2.100072271134389e-40,1.208060779477682e-69,8.429189405198394e-26
1.903708752250477e-12,0.05595639656,0.054,0.0,0.0,0.029736486696901192,0.8799998793602929,3.645949589684572e-18,2.2229680119978285e-40,6.383829059616123e-38,0.06599994008346986,0.0,2.412793563595742e-07,3.939697946270586e-08,3.9398589623159677e-08,2.0518716765349443e-08,8.338779718809566e-13,5.758966608438561e-14,1.9834339287796825e-21,4.611231116766562e-19,4.277260743071187e-24,3.5358605765014723e-25,4.998753676007019e-37,1.4489774992940128e-38,2.3236890109606366e-74,1.8858063530598377e-25
2.4132516193207243e-12,0.05595639656,0.054,0.0,0.0,0.02973639554421861,0.8799998470705819,1.1512109021004277e-17,2.6960281923184786e-39,4.344367219543782e-37,0.06599992405175749,0.0,3.058587224133234e-07,4.9936855710297467e-08,4.994013773491606e-08,2.6009688940141203e-08,1.6978352191103705e-12,1.1362763299516063e-13,9.319563964992497e-21,1.4933207665368677e-18,1.9736627492089677e-23,1.9903433678994803e-24,5.3618948163159185e-36,1.754824677021687e-37,2.155047407151639e-67,3.4217382037473425e-25
2.9227944863909714e-12,0.05595639656,0.054,0.0,0.0,0.029736304397897043,0.87999981478107,2.886063436760981e-17,2.074066552002224e-38,1.9626230855778022e-36,0.06599990802336583,0.0,3.704376640972425e-07,6.047320886089632e-08,6.047904381049883e-08,3.150040992524813e-08,3.015375330332971e-12,1.957559354599693e-13,3.197593802018392e-20,3.834754312901014e-18,6.676147422052205e-23,7.80122563735033e-24,3.7909717471273917e-35,1.3484925997713474e-36,7.925479100644433e-67,5.4716482799693e-25
3.4323373534612185e-12,0.05595639656,0.054,0.0,0.0,0.029736213259013742,0.8799997824917571,6.220886858600615e-17,1.2179923520572e-37,6.98483741258457e-36,0.06599989199883159,0.0,4.3501617776573784e-07,7.1005311114988e-08,7.101476734118919e-08,3.699097527603773e-08,4.881983081473285e-12,3.076429749266008e-13,8.95019211106655e-20,8.465186338953941e-18,1.8660224334026858e-22,2.4642368102946635e-23,2.066846950256077e-34,7.910769951995942e-36,2.08952690320695e-66,8.04376840549672e-25
3.941880220531466e-12,0.05595639656,0.054,0.0,0.0,0.02973612212864397,0.8799997502026435,1.2036092529815306e-16,5.784028745688356e-37,2.1075192959339245e-35,0.06599987597869088,0.0,4.995942602698527e-07,8.153243572307228e-08,8.154676905305657e-08,4.248148038606722e-08,7.392990692628308e-12,4.5246383374651436e-13,2.1646345359580115e-19,1.6772005679948305e-17,4.5401193985056365e-22,6.686985062205789e-23,9.08054711649582e-34,3.752478766317294e-35,4.544209880763887e-66,1.1141278754245271e-24
4.96096595467196e-12,0.05595639656,0.054,0.0,0.0,0.029735939897735212,0.8799996856250132,3.5870638166885e-16,1.0376877439276646e-35,1.4424848206774725e-34,0.06599984395372943,0.0,6.287491210457225e-07,1.0256885141779733e-07,1.025974563029459e-07,5.346269048104246e-08,1.4728602630579793e-11,8.517626183652616e-13,9.355045656662898e-19,5.2436152867222434e-17,2.009971705972003e-21,3.6635104591737383e-22,1.2242165469928729e-32,6.6958441417686875e-34,6.588604347024238e-71,1.892160672212124e-24
5.980051688812454e-12,0.05595639656,0.054,0.0,0.0,0.029735757713725837,0.8799996210481793,8.671068728190068e-16,8.756997348719004e-35,6.681781163026274e-34,0.06599981195275001,0.0,7.579022288244932e-07,1.2357666995720463e-07,1.2362681871151633e-07,6.444479909730776e-08,2.578080058903347e-11,1.411509405025801e-12,3.013012167618074e-18,1.3271029481343554e-16,6.626069644406804e-21,1.4318052839328937e-21,8.939025309401372e-32,5.632556160892834e-33,9.843836568137324e-65,2.8815163312136046e-24
6.999137422952948e-12,0.05595639656,0.054,0.0,0.0,0.029735575585126302,0.8799995564721412,1.8152969084337647e-15,5.176734657166788e-34,2.4026329881450853e-33,0.06599977998000106,0.0,8.870535705795091e-07,1.445501337345521e-07,1.44630594051046e-07,7.542856084093455e-08,4.130405114953771e-11,2.1450146846136626e-12,7.94058689747848e-18,2.9037087954265233e-16,1.7970441333311265e-20,4.4692757110303824e-21,4.742951111993921e-31,3.3206909824489564e-32,3.5830013128312595e-64,4.082425019377597e-24
8.018223157093442e-12,0.05595639656,0.054,0.0,0.0,0.02973539352039546,0.8799994918968989,3.4225851313899528e-15,2.426758235107655e-33,7.241680644845379e-33,0.06599974803970705,0.0,1.016203136612582e-06,1.654835192984732e-07,1.6560454756732618e-07,8.641472520189441e-08,6.204785830385812e-11,3.0622840658198285e-12,1.8124758376995797e-17,5.712907994339097e-16,4.242090309316877e-20,1.1906127110353015e-20,2.021479779090804e-30,1.5526587530851904e-31,7.50555802897337e-64,5.495245827207544e-24
9.037308891233937e-12,0.05595639656,0.054,0.0,0.0,0.029735211527933327,0.8799994273224517,5.959652044644257e-15,9.568135610285716e-33,1.9136518175310123e-32,0.06599971613606427,0.0,1.14535091975551e-06,1.8637114302183464e-07,1.8654447520651805e-07,9.740403573580749e-08,8.875593896541349e-11,4.1708132873276976e-12,3.710942228211473e-17,1.0366019085247812e-15,9.015465320781618e-20,2.81650161684513e-20,7.289290138550176e-30,6.105833431201888e-31,1.3654142355590342e-63,7.120123077323934e-24
1e-11,0.05595639656,0.054,0.0,0.0,0.02973503968054704,0.8799993663221846,9.501100469241235e-15,3.0886947650252e-32,4.359974895336465e-32,0.06599968603533944,0.0,1.2673502224014485e-06,2.0605576073964318e-07,2.0629060614373416e-07,1.0778876908085298e-07,1.2012902579629167e-10,5.398662435276666e-12,6.750727083065452e-17,1.7160652165097448e-15,1.7030118757281676e-19,5.830484249801336e-20,2.1695552496864127e-29,1.965990871744597e-30,2.0942087272964837e-63,8.849794598589842e-24
1.0056394625374431e-11,0.05595639656,0.054,0.0,0.0,0.029735029616073792,0.8799993627487995,9.749719716693325e-15,3.287392711848273e-32,4.561879367540759e-32,0.06599968427323695,0.0,1.2744969148497103e-06,2.0720736659958968e-07,2.0744620699967884e-07,1.0839722927067306e-07,1.2216542379254385e-10,5.476106818997802e-12,6.977149795293138e-17,1.764778041729274e-15,1.7640169693881282e-19,6.069416264420593e-20,2.3004217273279347e-29,2.0922170090666906e-30,2.1380579732737263e-63,8.956980103332876e-24
1.1075480359514925e-11,0.05595639656,0.054,0.0,0.0,0.029734847793078008,0.8799992981759421,1.5169222176769887e-14,9.966529733185574e-32,9.981219890018291e-32,0.06599965245535386,0.0,1.4036411183674442e-06,2.279866019562174e-07,2.2830561017095012e-07,1.1939503519904008e-07,1.6300614443543135e-10,6.982055704135924e-12,1.2247539420044028e-16,2.8534758124116972e-15,3.228602736239956e-19,1.2116589334027495e-19,6.471206873516599e-29,6.326935835641121e-30,-1.9747828726477607e-66,1.1005711583122919e-23
1.209456609365542e-11,0.05595639656,0.054,0.0,0.0,0.029734666067126,0.8799992336038788,2.2648101486120186e-14,2.7683707459014742e-31,2.0391206412965898e-31,0.06599962068650382,0.0,1.5327835279858799e-06,2.4870331746184203e-07,2.491185931308257e-07,1.3039817458197206e-07,2.119997313260517e-10,8.69136207443572e-12,2.0323046824000058e-16,4.4218473445530736e-15,5.593185274087417e-19,2.273072777495628e-19,1.6691065425776382e-28,1.7526726540802025e-29,1.4200587006260123e-63,1.32663136190266e-23
1.3113651827795913e-11,0.05595639656,0.054,0.0,0.0,0.029734484446309734,0.8799991690326093,3.2670023291266786e-14,7.125690901788847e-31,3.933565861242073e-31,0.06599958897073208,0.0,1.661924142314183e-06,2.69352042986176e-07,2.698811087976797e-07,1.4140735942180694e-07,2.6985888107926474e-10,1.0605811348865709e-11,3.2179977735966393e-16,6.612394201917961e-15,9.25567781506825e-19,4.048313428921872e-19,3.9983518970101064e-28,4.4986965529492135e-29,2.572818677295959e-63,1.5738821600497405e-23
1.4132737561936408e-11,0.05595639656,0.054,0.0,0.0,0.029734302938626476,0.8799991044621333,4.577215914862676e-14,1.7148250105191348e-30,7.223649896940149e-31,0.06599955731203708,0.0,1.7910629607110151e-06,2.899273746883593e-07,2.9058915782447013e-07,1.5242329197402368e-07,3.3728666304759145e-10,1.2726453913074836e-11,4.897642201000456e-16,9.59269919154646e-15,1.4732135714997027e-18,6.897077451279704e-19,8.978586159607544e-28,1.07950504717505e-28,5.2061080681300364e-64,1.842322721157228e-23
1.5151823296076902e-11,0.05595639656,0.054,0.0,0.0,0.029734121551972262,0.8799990398924498,6.254496297021169e-14,3.888590544189324e-30,1.2709562995023476e-30,0.06599952571436682,0.0,1.9201999831453605e-06,3.1042397972413363e-07,3.112387918115467e-07,1.6344666407210322e-07,4.1497583874351066e-10,1.5053743720496332e-11,7.205751096099973e-16,1.3557103386802376e-14,2.2678210349989867e-18,1.1308232228109729e-18,1.905567113187941e-27,2.440682312206243e-28,2.282004895198937e-63,2.1319492974299353e-23
1.718999476435789e-11,0.05595639656,0.054,0.0,0.0,0.029733759172787585,0.879998910755459,1.0972824294775062e-13,1.7560410500564886e-29,3.5365715138118776e-30,0.0659994627176203,0.0,2.178468642327989e-06,3.511600627680633e-07,3.5234729600773673e-07,1.8551843792648165e-07,6.038536402552442e-10,2.0327821373005153e-11,1.4340853698054299e-15,2.5359608460127426e-14,4.944090620912635e-18,2.7620103036004585e-18,7.51400118204359e-27,1.0945430028344362e-27,8.091568041131375e-66,2.7747567632557914e-23
1.922816623263888e-11,0.05595639656,0.054,0.0,0.0,0.02973339736964472,0.8799987816216329,1.7999309216888416e-13,6.629646042479338e-29,8.741294728927161e-30,0.06599940001094202,0.0,2.4367301275544276e-06,3.915192304316229e-07,3.9317617798689093e-07,2.0762798129770248e-07,8.418020904541436e-10,2.6423991809392964e-11,2.6083792389452095e-15,4.417270469080801e-14,9.847983816237919e-18,6.0764580657267494e-18,2.5215386895261353e-26,4.104389258612643e-27,1.5604460284833456e-62,3.502298390175363e-23
2.1062520554091767e-11,0.05595639656,0.054,0.0,0.0,0.029733072288019507,0.87999866540389,2.6839969803199417e-13,1.9282698055013354e-28,1.8178912074571876e-29,0.06599934384728963,0.0,2.6691593400672503e-06,4.274874323241907e-07,4.2965875364903516e-07,2.2756307593233008e-07,1.1021327936874318e-09,3.260705302626046e-11,4.204656266788468e-15,6.93032948077828e-14,1.7210941489822744e-17,1.1498152921571665e-17,6.699327098933286e-26,1.1870037843520305e-26,-2.4659296176348884e-64,4.229533618433325e-23
2.2896874875544656e-11,0.05595639656,0.054,0.0,0.0,0.02973274776206181,0.8799985491887018,3.861942182898768e-13,5.1251865177611585e-28,3.547379745558813e-29,0.06599928796314185,0.0,2.9015827616171337e-06,4.630903974104215e-07,4.658703047171434e-07,2.4753644574400603e-07,1.4099103395706625e-09,3.9442077139755795e-11,6.466343194779828e-15,1.046249876745315e-13,2.8659748622520585e-17,2.0573235477460825e-17,1.6379371912093668e-25,3.136972791554969e-26,1.3481813732005357e-61,5.025396967245889e-23
2.4731229196997545e-11,0.05595639656,0.054,0.0,0.0,0.029732423831589912,0.8799984329760633,5.392455825684203e-13,1.2611641863156656e-27,6.560341262719308e-29,0.06599923237841547,0.0,3.1340004042929258e-06,4.98301404430392e-07,5.017909265121285e-07,2.6755148677154974e-07,1.7685404022287853e-09,4.691999312298831e-11,9.561391953691024e-15,1.5287945826855775e-13,4.581528096054311e-17,3.5113683488464656e-17,3.7315275299732453e-25,7.675677993582402e-26,1.89170879259549e-61,5.889878571083015e-23
2.6565583518450433e-11,0.05595639656,0.054,0.0,0.0,0.029732100534776776,0.87999831676597,7.33914435881471e-13,2.9046597417148675e-27,1.1587541109252585e-28,0.06599917711220543,0.0,3.3664122813628486e-06,5.330948882149316e-07,5.374015377349509e-07,2.876114274016308e-07,2.1812616520584332e-09,5.503064980371685e-11,1.3675368098962134e-14,2.1721908901124243e-13,7.072411439457795e-17,5.755850211898799e-17,7.999097005517817e-25,1.7579402936043356e-25,1.4661389033792336e-61,6.822974128917392e-23
2.8399937839903322e-11,0.05595639656,0.054,0.0,0.0,0.029731777908068822,0.8799982005584165,9.770346780834068e-13,6.31743810119824e-27,1.9669162903233595e-28,0.0659991221827441,0.0,3.5988184070228514e-06,5.674464961320574e-07,5.726839209186492e-07,3.077193205490069e-07,2.6511378409867184e-09,6.376306059449284e-11,1.9010286381126965e-14,3.0122028475694986e-13,1.059199304768155e-16,9.110860158675838e-17,1.6264388439566219e-24,3.8020949413764835e-25,2.5445619111558346e-61,7.824681730311946e-23
3.0234292161356214e-11,0.05595639656,0.054,0.0,0.0,0.029731455986114715,0.879998084353398,1.275893591384638e-12,1.3069924083152116e-26,3.224716520515475e-28,0.06599906760736557,0.0,3.8312187962605895e-06,6.013331373803021e-07,6.076207579925852e-07,3.278780369119561e-07,3.1810509667417425e-09,7.31055327506413e-11,2.5783292030850853e-14,4.088930122398985e-13,1.54486057947663e-16,1.3987459714625315e-16,3.157478089567952e-24,7.822178883584557e-25,3.0657568938272886e-61,8.894995884395121e-23
3.20686464828091e-11,0.05595639656,0.054,0.0,0.0,0.029731134801704067,0.879997968150908,1.6382105059391734e-12,2.5873431316426165e-26,5.127430668921249e-28,0.06599901340247502,0.0,4.063613464776691e-06,6.347330250649227e-07,6.421956608478858e-07,3.480902593080414e-07,3.773695521892026e-09,8.304573991848864e-11,3.422523029819201e-14,5.446866379278328e-13,2.2011804913076343e-16,2.090354124732613e-16,5.884292595030055e-24,1.5398394940052233e-24,2.3871552030616127e-61,1.0033909720983533e-22
3.390300080426199e-11,0.05595639656,0.054,0.0,0.0,0.02973081438571653,0.8799978519509413,2.0721145135842176e-12,4.9247680529897064e-26,7.9341081283976625e-28,0.06599895958352303,0.0,4.2960024289092026e-06,6.676257109455829e-07,6.763931967667204e-07,3.683584781043113e-07,4.431573842146706e-09,9.357079169372695e-11,4.457921058068299e-14,7.134920707810538e-13,3.0718633539968056e-16,3.0500638039034653e-16,1.0574041593148251e-23,2.914508297360338e-24,4.2613888326805295e-61,1.1241418685892265e-22
3.573735512571488e-11,0.05595639656,0.054,0.0,0.0,0.029730494767080957,0.8799977357534915,2.586121202734726e-12,9.049489415567696e-26,1.1982160714177992e-27,0.06599890616498527,0.0,4.528385705547471e-06,6.999921129980857e-07,7.10198908798874e-07,3.886849877188994e-07,5.15699253108154e-09,1.046673140779902e-10,5.709914850521854e-14,9.20640322245079e-13,4.20798214887554e-16,4.3561558174371183e-16,1.839128711775742e-23,5.325397885745336e-24,6.62635729485335e-61,1.2517518982479173e-22
3.757170944716777e-11,0.05595639656,0.054,0.0,0.0,0.02973017597274443,0.8799976195585519,3.1891085222147996e-12,1.6108660934605608e-25,1.7703943926478306e-27,0.06599885316034694,0.0,4.76076331205172e-06,7.318145358931461e-07,7.435993311703741e-07,4.090718841765413e-07,5.952059943982409e-09,1.1632152456478202e-10,7.204826257363098e-14,1.1718975875124125e-12,5.668581799518326e-16,6.102872104132454e-16,3.1059626978713775e-23,9.425974074041068e-24,8.363696284784582e-61,1.3862205328950236e-22
3.9406063768620657e-11,0.05595639656,0.054,0.0,0.0,0.029729858027651136,0.8799975033661164,3.890291893893161e-12,2.7859423272644318e-25,2.5645395614628632e-27,0.06599880058209205,0.0,4.993135266189137e-06,7.63076684531569e-07,7.765819998273042e-07,4.2952106369424127e-07,6.818684707192358e-09,1.285192910390587e-10,8.969753513804119e-14,1.4734569933164771e-12,7.521260242438804e-16,8.402302480563654e-16,5.107240461719602e-23,1.6209458524419826e-23,1.5711747939465193e-60,1.5275472079200138e-22
4.1240418090073545e-11,0.05595639656,0.054,0.0,0.0,0.02972954095473074,0.8799973871761779,4.699198852136811e-12,4.693223981222893e-25,3.648677659294883e-27,0.06599874844169767,0.0,5.225501586080475e-06,7.937636707933999e-07,8.09135458212804e-07,4.5003422227020756e-07,7.75857524620191e-09,1.4124618035973816e-10,1.1032418921102095e-13,1.8319271783041853e-12,9.842724326704078e-16,1.1386305633041524e-15,8.19624148564156e-23,2.7151173847317353e-23,2.8613019582053255e-60,1.675731459165604e-22
4.3074772411526434e-11,0.05595639656,0.054,0.0,0.0,0.02972922477489596,0.8799972709887296,5.625643423417645e-12,7.718350668166348e-25,5.106553763538652e-27,0.06599869674963267,0.0,5.4578622901463225e-06,8.238620137319479e-07,8.412492584221444e-07,4.706128562383454e-07,8.773240284808604e-09,1.5448750739775273e-10,1.3421021144047323e-13,2.2543179066529947e-12,1.2719314293597689e-15,1.520844597122684e-15,1.286414322039496e-22,4.439711242090475e-23,4.769785920231266e-60,1.8307728443015203e-22
4.490912673297932e-11,0.05595639656,0.054,0.0,0.0,0.02972890950704908,0.8799971548037646,6.679700381781642e-12,1.2415979187023795e-24,7.040132142724386e-27,0.06599864551536089,0.0,5.690217397049889e-06,8.533596335001349e-07,8.729139579287089e-07,4.912582637423946e-07,9.86399026940492e-09,1.682283876803545e-10,1.6164091538211387e-13,2.7480229377639113e-12,1.6247490524069308e-15,2.0045929007929515e-15,1.9782119789672017e-22,7.100951407863193e-23,8.628266620070168e-60,1.9926708599222338e-22
4.674348105443221e-11,0.05595639656,0.054,0.0,0.0,0.029728595168096835,0.8799970386212754,7.871679479077125e-12,1.9569964552868126e-24,9.572308962125139e-27,0.0659985947473485,0.0,5.922566925640372e-06,8.822458393394401e-07,9.041211121111374e-07,5.119715470775426e-07,1.1031939666130729e-08,1.824537896593687e-10,1.9290353353409925e-13,3.320800393394539e-12,2.0534279216141063e-15,2.610151781485775e-15,2.9852815451443505e-22,1.112817181251171e-22,1.533156532427291e-59,2.161424995982661e-22
4.85778353758851e-11,0.05595639656,0.054,0.0,0.0,0.029728281772973132,0.8799969224412548,9.212099797416578e-12,3.0270269344303635e-24,1.2849834552946537e-26,0.06599854445307547,0.0,6.154910894900534e-06,9.105113119845472e-07,9.348632628275141e-07,5.327536158439481e-07,1.2278010075184045e-08,1.971485828597593e-10,2.2828585100693493e-13,3.9807508755865454e-12,2.569767437364547e-15,3.360541316651152e-15,4.427246984726521e-22,1.7113604164522704e-22,2.6047302113130353e-59,2.337034785617852e-22
5.041218969733799e-11,0.05595639656,0.054,0.0,0.0,0.029727969334669268,0.8799968062636954,1.0711664405776875e-11,4.60099623736418e-24,1.70464402800158e-26,0.06599849463905047,0.0,6.3872493238982334e-06,9.381480808573949e-07,9.651339232928538e-07,5.536051908535772e-07,1.3602934103515632e-08,2.12297582166974e-10,2.680749081362112e-13,4.736293598790796e-12,3.1866992381495576e-15,4.281708049914442e-15,6.460500163435314e-22,2.586198938268975e-22,4.434496135456449e-59,2.5194997678349047e-22
5.224654401879088e-11,0.05595639656,0.054,0.0,0.0,0.029727657864270975,0.8799966900885895,1.2381235483209249e-11,6.88060650569452e-24,2.2366163185200205e-26,0.06599844531082948,0.0,6.6195822317395975e-06,9.651494964446123e-07,9.949275595287467e-07,5.745268087288687e-07,1.5007259934211874e-08,2.2788559042879122e-10,3.125557875378243e-13,5.596140806261762e-12,3.918317623593668e-15,5.402700755921004e-15,9.286936714536592e-22,3.845167336303404e-22,7.430481358292786e-59,2.7088194577829965e-22
5.4080898340243766e-11,0.05595639656,0.054,0.0,0.0,0.02972734737100172,0.8799965739159296,1.4231810022458928e-11,1.0134840287550327e-23,2.904685988779998e-26,0.06599839647303732,0.0,6.85190963752297e-06,9.915101982710483e-07,1.0242395686689538e-06,5.955188271291708e-07,1.6491356528266993e-08,2.43897440289101e-10,3.620104826618701e-13,6.569270744243252e-12,4.779904817145465e-15,6.755837755452345e-15,1.316414995266163e-21,5.630897826459353e-22,1.213047439450287e-58,2.9049933720299566e-22
5.5915252661696654e-11,0.05595639656,0.054,0.0,0.0,0.029727037862271738,0.8799964577457078,1.627449620227532e-11,1.471810136917856e-23,3.736389966176781e-26,0.06599834812939212,0.0,7.084231560294445e-06,1.017226078894208e-06,1.053066254415491e-06,6.165814305393271e-07,1.8055419392862586e-08,2.603180344156556e-10,4.1671684222372895e-13,7.66489946708348e-12,5.787950972949573e-15,8.376864391032207e-15,1.8417210043875392e-21,8.129775833574426e-22,1.9571620356579116e-58,3.1080210460683406e-22
5.774960698314954e-11,0.05595639656,0.054,0.0,0.0,0.029726729343732165,0.8799963415779167,1.8520490521692724e-11,2.1092104770859894e-23,4.763402515491573e-26,0.06599830028273257,0.0,7.316548019006056e-06,1.0422942443493613e-06,1.0814047999438497e-06,6.37714636554314e-07,1.9699476849763473e-08,2.7713238305889566e-10,4.769475952674195e-13,8.892451742594066e-12,6.96016882172019e-15,1.030509940884648e-14,2.5452150068607066e-21,1.1582615120406237e-21,3.1129330841267353e-58,3.3179020172354855e-22
5.958396130460243e-11,0.05595639656,0.054,0.0,0.0,0.02972642181933369,0.8799962254125483,2.0981055797280725e-11,2.9852045893514813e-23,6.021936788794152e-26,0.06599825293504681,0.0,7.548859032476778e-06,1.066712971474383e-06,1.1092532385550608e-06,6.589183025941799e-07,2.1423396737778862e-08,2.9432563875637145e-10,5.429694677945429e-13,1.0261531320098475e-11,8.31550293569399e-15,1.2583569118290043e-14,3.477127288296532e-21,1.6297261849883758e-21,4.863289196336993e-58,3.5346358144139797e-22
6.141831562605533e-11,0.05595639656,0.054,0.0,0.0,0.029726115291389077,0.8799961092495948,2.3667500112776197e-11,4.175761288181916e-23,7.553160449156585e-26,0.06599820608750398,0.0,7.781164619355852e-06,1.090481662539113e-06,1.1366104223692271e-06,6.801921329844432e-07,2.3226893484135425e-08,3.118831286082259e-10,6.150423965955575e-13,1.1781890814343572e-11,9.874133683943596e-15,1.5259128335586473e-14,4.699038290948539e-21,2.2663343105435206e-21,7.50028788925052e-58,3.7582219693609377e-22
6.325266994750822e-11,0.05595639656,0.054,0.0,0.0,0.029725809760639123,0.8799959930890483,2.659115678600885e-11,5.776943733200787e-23,9.403623862804663e-26,0.06599815974048719,0.0,8.013464798088202e-06,1.1136007975967053e-06,1.16347598935075e-06,7.015356863384812e-07,2.510953548098302e-08,3.29790384401475e-10,6.934188373906869e-13,1.3463401447093921e-11,1.1657475970515466e-14,1.8382567274262054e-14,6.285803532392398e-21,3.1169379161566902e-21,1.1422285347309876e-57,3.9886600225605117e-22
6.508702426896112e-11,0.05595639656,0.054,0.0,0.0,0.02972550522632127,0.879995876930901,2.9763365398507967e-11,7.909160597278327e-23,1.1625699270871347e-25,0.06599811389362747,0.0,8.245759586882027e-06,1.1360718849638626e-06,1.1898503289490664e-06,7.229483831803173e-07,2.707075270512654e-08,3.4803317045797774e-10,7.783431621525955e-13,1.531602287495663e-11,1.3688172869474305e-14,2.2008703704714607e-14,8.327688173636358e-21,4.2422480023540545e-21,1.7156620048644313e-57,4.2259495156041027e-22
6.692137859041401e-11,0.05595639656,0.054,0.0,0.0,0.02972520168624057,0.8799957607751453,3.319545392525419e-11,1.0722087939532923e-22,1.4278029285954314e-25,0.06599806854583957,0.0,8.478049003678842e-06,1.157897410222929e-06,1.215734546629616e-06,7.444295137485844e-07,2.91098445214548e-08,3.6659750896771807e-10,8.700511440325116e-13,1.7349773317025515e-11,1.5990084332165858e-14,2.6196459856185565e-14,1.0932717662154237e-20,5.7170845317641595e-21,2.5468914833619168e-57,4.470089987768249e-22
6.875573291186691e-11,0.05595639656,0.054,0.0,0.0,0.029724899136842176,0.8799956446217733,3.68987219981839e-11,1.4400328287946285e-22,1.7425983009223927e-25,0.06599802369535808,0.0,8.710333066126026e-06,1.1790807841219508e-06,1.2411304275582934e-06,7.659782459252503e-07,3.1225987613349365e-08,3.854697027535548e-10,9.687695308354618e-13,1.957470017969149e-11,1.858827118886721e-14,3.100892368422209e-14,1.4229249269863068e-20,7.632928244025048e-21,3.739379416746639e-57,4.721080980932373e-22
7.05900872333198e-11,0.05595639656,0.054,0.0,0.0,0.02972459757328523,0.8799955284707771,4.08844253287427e-11,1.9169874851337918e-22,2.114211803048008e-25,0.06599797933977421,0.0,8.942611791551698e-06,1.1996262897297003e-06,1.2660403996895845e-06,7.87593633235824e-07,3.3418243986496786e-08,4.046363555940509e-10,1.0747157061074784e-12,2.2000851358821297e-11,2.150897468145808e-14,3.6513394277882926e-14,1.8368767648025667e-20,1.0100795094901623e-20,5.428402801169916e-57,4.978922041375664e-22
7.24244415547727e-11,0.05595639656,0.054,0.0,0.0,0.029724296989517316,0.8799954123221494,4.5163761301821787e-11,2.530544968756273e-22,2.550664655639126e-25,0.06599793547607317,0.0,9.17488519694184e-06,1.2195390291818905e-06,1.2904674964945711e-06,8.092746228711198e-07,3.568556899590735e-08,4.2408439024046643e-10,1.1880974333655801e-12,2.4638247381751253e-11,2.4779591784415037e-14,4.278141132603027e-14,2.352890575974472e-20,1.3254453154273042e-20,7.799582611202836e-57,5.243612716431763e-22
7.425879587622559e-11,0.05595639656,0.054,0.0,0.0,0.029723997378349264,0.8799952961758821,4.9747855741117406e-11,3.3138785036762794e-22,3.060790391080304e-25,0.0659978921006715,0.0,9.407153298919626e-06,1.2388248703327754e-06,1.3144153195500946e-06,8.310200636842124e-07,3.802681934950428e-08,4.4380106418227426e-10,1.3091126776197826e-12,2.7496854533443082e-11,2.842864660428243e-14,4.988876869817253e-14,2.991669075563785e-20,1.7254000571967015e-20,1.1098855014606385e-56,5.515152553400514e-22
7.792750451913137e-11,0.05595639656,0.054,0.0,0.0,0.029723401039819106,0.8799950638903989,5.987439714588547e-11,5.557031356349845e-22,4.341737236772519e-25,0.06599780679781211,0.0,9.871673657211663e-06,1.2755428400057512e-06,1.3608901677623542e-06,8.746992498361877e-07,4.2926077004437405e-08,4.839911088085438e-10,1.5747861359275668e-12,3.3917145655886427e-11,3.698160421461588e-14,6.6945887103939e-14,4.737184323698777e-20,2.858793220530964e-20,2.1850652914356817e-56,6.078777913927907e-22
8.122934229774656e-11,0.05595639656,0.054,0.0,0.0,0.029722867568663554,0.8799948548414621,7.014030644504277e-11,8.64141403126927e-22,5.853454537368097e-25,0.06599773164894188,0.0,1.028972400072896e-05,1.3065176971152725e-06,1.4011248640280914e-06,9.142176564367772e-07,4.757502236630254e-08,5.209603503756584e-10,1.8417818803119157e-12,4.05499379999305e-11,4.628155500268705e-14,8.601489549810944e-14,7.008624183233299e-20,4.397555844581286e-20,3.9032327894833437e-56,6.60946036904913e-22
8.420099629850024e-11,0.05595639656,0.054,0.0,0.0,0.029722390007626092,0.8799946667038601,8.036627106011919e-11,1.2631174282390308e-21,7.569125444454735e-25,0.06599766530213119,0.0,1.0665954821381425e-05,1.3327600974670558e-06,1.4360741337011667e-06,9.4994458072831e-07,5.194576896494319e-08,5.548233027098822e-10,2.1054464407778147e-12,4.725890679861596e-11,5.6114309378124395e-14,1.0665814493129907e-13,9.808973986528561e-20,6.365272037717588e-20,6.435768083913995e-56,7.106042249736451e-22
8.687548489917856e-11,0.05595639656,0.054,0.0,0.0,0.029721962233216378,0.8799944973852101,9.040704989038147e-11,1.7539085053269096e-21,9.454585908036748e-25,0.06599760660988971,0.0,1.1004550875779315e-05,1.3550881202500753e-06,1.4665290639466744e-06,9.822229409492231e-07,5.6024925130125846e-08,5.857400194545085e-10,2.36218010207966e-12,5.3929271130357894e-11,6.627458927944849e-14,1.2842470182915363e-13,1.3111672860539846e-19,8.760790732702507e-20,9.92635081319921e-56,7.568328138007359e-22
8.954997349985688e-11,0.05595639656,0.054,0.0,0.0,0.02972153633922533,0.8799943280714551,1.0127416255375455e-10,2.406694347173306e-21,1.17165766743943e-24,0.06599754886226676,0.0,1.1343135904023191e-05,1.3762260552571349e-06,1.4960588149174047e-06,1.0146135945340411e-06,6.023662518605746e-08,6.170418144909907e-10,2.637726528568367e-12,6.122694504201094e-11,7.779184855488461e-14,1.5355505666415518e-13,1.7335636968447856e-19,1.191542194857973e-19,1.5084499188631324e-55,8.045166263395613e-22
9.195701324046736e-11,0.05595639656,0.054,0.0,0.0,0.029721154605985935,0.8799941756932441,1.1178685205345943e-10,3.16916677054678e-21,1.4121182583539343e-24,0.06599749767887167,0.0,1.1647853034691023e-05,1.3942595282648709e-06,1.5218627756470158e-06,1.0438568388724416e-06,6.41361395737185e-08,6.455187648680635e-10,2.9020892377995757e-12,6.835287677693019e-11,8.941221748480777e-14,1.793365657468088e-13,2.2093450550259378e-19,1.5565403708765426e-19,2.1720682289358898e-55,8.486761609683654e-22
9.436405298107785e-11,0.05595639656,0.054,0.0,0.0,0.029720774326689015,0.8799940233189661,1.2301639183699066e-10,4.137613088897283e-21,1.6922186077367793e-24,0.06599744722605419,0.0,1.1952561293390745e-05,1.4113799133056508e-06,1.5469519577625853e-06,1.0731828481292365e-06,6.813484723693582e-08,6.742643622521812e-10,3.182195848415521e-12,7.602647046161995e-11,1.0231013996240709e-13,2.0839092360802016e-13,2.7935426122928854e-19,2.0159634100160343e-19,3.0940003337773742e-55,8.94014216909086e-22
9.677109272168833e-11,0.05595639656,0.054,0.0,0.0,0.02972039546678309,0.8799938709486065,1.3498461191808478e-10,5.358248391029986e-21,2.0168926220407305e-24,0.06599739748655299,0.0,1.2257260706020133e-05,1.427612397375892e-06,1.5713436440316693e-06,1.102587644938026e-06,7.22287819159687e-08,7.032598802221086e-10,3.478248828492656e-12,8.426523929078138e-11,1.1657307435411208e-13,2.4099385676829385e-13,3.505824807457273e-19,2.5897876632214607e-19,4.3621722544801076e-55,9.405306950978562e-22
9.917813246229882e-11,0.05595639656,0.054,0.0,0.0,0.029720017990874564,0.8799937185821507,1.47712904006392e-10,6.885551744279166e-21,2.3914801525280128e-24,0.06599734844268446,0.0,1.2561951297105853e-05,1.4429826578834868e-06,1.5950555372444846e-06,1.1320672186036611e-06,7.641394347094728e-08,7.324876940591962e-10,3.790429079596642e-12,9.308586980796431e-11,1.3229009602081133e-13,2.774305930627533e-13,4.368490132316771e-19,3.3012629060660125e-19,6.090161202126694e-55,9.88225496598503e-22
9.999999999999999e-11,0.05595639656,0.054,0.0,0.0,0.029719889414790215,0.8799936665585403,1.5223671860551804e-10,7.488382971921263e-21,2.531828198476159e-24,0.06599733185308315,0.0,1.2665983835026659e-05,1.4480379147471468e-06,1.6029993364603928e-06,1.1421492263076488e-06,7.786311328871601e-08,7.425175446996209e-10,3.900743593768635e-12,9.623372453307842e-11,1.3800571012605092e-13,2.908019895589109e-13,4.701887132988699e-19,3.580407634660887e-19,6.810433225554143e-55,1.0047804001024004e-21
1.015851722029093e-10,0.05595639656,0.054,0.0,0.0,0.029719641862920903,0.8799935662195848,1.612222218172492e-10,8.783354788567412e-21,2.821740315842967e-24,0.0659973000764392,0.0,1.2866633089810441e-05,1.4575167289514583e-06,1.6181056636312015e-06,1.1616175436604572e-06,8.068631647073775e-08,7.619312574871146e-10,4.118897407973299e-12,1.0250419475011075e-10,1.4955170009710888e-13,3.1799528392248627e-13,5.406680223725586e-19,4.17728200161775e-19,8.423571676497638e-55,1.0370985226892262e-21
1.0399221194351979e-10,0.05595639656,0.054,0.0,0.0,0.029719267046409804,0.8799934138608949,1.7553308375202238e-10,1.112601400395617e-20,3.313863940023009e-24,0.0659972523695715,0.0,1.3171306105944174e-05,1.4712408778129972e-06,1.6405122832765927e-06,1.1912345968779997e-06,8.504188722584363e-08,7.915750753043442e-10,4.463796042131121e-12,1.125351721181651e-10,1.6844960546376821e-13,3.6299040848448316e-13,6.648594476073656e-19,5.248768072231202e-19,1.1547611195951247e-54,1.0871496748252917e-21
1.0639925168413027e-10,0.05595639656,0.054,0.0,0.0,0.029718893504525275,0.879993261506068,1.9066557883481571e-10,1.3999674651464022e-20,3.874485154688472e-24,0.06599720530368249,0.0,1.3475970365982568e-05,1.4841814907530844e-06,1.6622938070980826e-06,1.2209143727682632e-06,8.947665932066359e-08,8.214046711924285e-10,4.825250222752696e-12,1.2319287091621245e-10,1.8907656526824037e-13,4.1272614814322126e-13,8.12570718182592e-19,6.551081235132248e-19,1.5695955414544617e-54,1.1383788545460607e-21
1.0880629142474076e-10,0.05595639656,0.054,0.0,0.0,0.029718521200300746,0.8799931091550909,2.0663937555813531e-10,1.750362666772702e-20,4.510692086031328e-24,0.06599715886029674,0.0,1.3780625889087698e-05,1.496364968457219e-06,1.6834687203135056e-06,1.2506528976281777e-06,9.3986667679168e-08,8.514065526126726e-10,5.203369788673739e-12,1.3449046312813688e-10,2.1152618284153872e-13,4.675197402819216e-13,9.87298588447533e-19,8.124443589230048e-19,2.1161431140905273e-54,1.1907859634711336e-21
1.1121333116535125e-10,0.05595639656,0.054,0.0,0.0,0.029718150096758898,0.8799929568079513,2.2347373255423351e-10,2.175174814202982e-20,5.230036607093559e-24,0.06599711302093202,0.0,1.408527269313176e-05,1.5078176308569462e-06,1.7040555125322815e-06,1.2804462421417506e-06,9.856799118710372e-08,8.815681744774221e-10,5.59825069809937e-12,1.4644022097790536e-10,2.358927320281147e-13,5.27694827810739e-13,1.192910858171452e-18,1.0014378939020022e-18,2.8308513496840006e-54,1.244370903319546e-21
1.1362037090596173e-10,0.05595639656,0.054,0.0,0.0,0.029717780157038475,0.8799928044646368,2.411875106058332e-10,2.6874035257846635e-20,6.040543132229895e-24,0.06599706776716285,0.0,1.4389910794722859e-05,1.5185656312767753e-06,1.7240726143673073e-06,1.3102905325887022e-06,1.0321676391748043e-07,9.11877901630569e-10,6.009976495780397e-12,1.5905351889755077e-10,2.62270984428897e-13,5.935808108434018e-13,1.433667856939873e-18,1.2272165107661583e-18,3.7587732726051086e-54,1.2991335758711533e-21
1.1602741064657222e-10,0.05595639656,0.054,0.0,0.0,0.029717411344508855,0.8799926521251356,2.5979918616981295e-10,3.3018220941685985e-20,6.950716471263002e-24,0.06599702308067777,0.0,1.4694540209233387e-05,1.5286348793630843e-06,1.7435383401956333e-06,1.3401819607328477e-06,1.0792918503331907e-07,9.42324969782203e-10,6.438619749581467e-12,1.7234084004800614e-10,2.9075604487914405e-13,6.655121988538673e-13,1.7142436759508624e-18,1.4955298319963202e-18,4.955262697181099e-54,1.3550738829244015e-21
1.184344503871827e-10,0.05595639656,0.054,0.0,0.0,0.029717043622872936,0.8799924997894365,2.793268664138616e-10,4.035148270849522e-20,7.969548754885958e-24,0.06599697894333076,0.0,1.4999160950830437e-05,1.5380509722889487e-06,1.7624708367144875e-06,1.3701167924666666e-06,1.1270152744461452e-07,9.72899445344937e-10,6.884243440949003e-12,1.86311787109457e-10,3.2144319458076193e-13,7.438279650577577e-13,2.039747099495324e-18,1.8127968597177408e-18,6.487928299991874e-54,1.4121917262928178e-21
1.2084149012779316e-10,0.05595639656,0.054,0.0,0.0,0.029716676956258917,0.8799923474575282,2.997883053147509e-10,4.90622369653177e-20,9.106525435640409e-24,0.06599693533718716,0.0,1.5303773032507617e-05,1.546839133886323e-06,1.7808880370772482e-06,1.4000913752795303e-06,1.175301452869052e-07,1.0035921850194453e-09,7.346902278137556e-12,2.0097509675241116e-10,3.5442774230788905e-13,8.288709100556756e-13,2.415742124619554e-18,2.18615438227392e-18,8.438855651849111e-54,1.4704870077994975e-21
1.2324852986840363e-10,0.05595639656,0.054,0.0,0.0,0.0297163113093014,0.8799921951294001,3.21200920373132e-10,5.936201679970321e-20,1.0371630375979761e-23,0.0659968922445643,0.0,1.560837646611766e-05,1.5550241613574149e-06,1.7988076203943334e-06,1.4301021446169034e-06,1.224114802886509e-07,1.0343947955657896e-09,7.826643924385782e-12,2.1633865720486526e-10,3.8980488460891415e-13,9.209870408303956e-13,2.848267966288937e-18,2.62350600649118e-18,1.0907172277858584e-53,1.529959629249322e-21
1.256555696090141e-10,0.05595639656,0.054,0.0,0.0,0.029715946647212284,0.8799920428050421,3.435818098176081e-10,7.148743192457972e-20,1.1775350047068959e-23,0.0659968496480669,0.0,1.59129712624059e-05,1.5626303790912981e-06,1.8162469762759873e-06,1.4601456292061371e-06,1.2734206710333242e-07,1.065299593794161e-09,8.323510151959039e-12,2.3240952854601796e-10,4.2766957486160425e-13,1.0205249671339498e-12,3.3438584962196817e-18,3.1335716520376993e-18,1.401196486799779e-53,1.5906094924076246e-21
1.2806260934962458e-10,0.05595639656,0.054,0.0,0.0,0.02971558293584246,0.8799918904844438,3.669477702840628e-10,8.570220971868751e-20,1.3328676867375175e-23,0.0659968075306179,0.0,1.6217557431044433e-05,1.5696815990592439e-06,1.8332231740490319e-06,1.4902184554282112e-06,1.3231853768604501e-07,1.0962995668826997e-09,8.837537925251374e-12,2.491939654402309e-10,4.681164009345553e-13,1.1278353160277576e-12,3.9095610838304875e-18,3.7259373718127805e-18,1.7895555880799052e-53,1.6524364989934878e-21
1.3046964909023505e-10,0.05595639656,0.054,0.0,0.0,0.029715220141734663,0.8799917381675961,3.9131531480920936e-10,1.0229931497475937e-19,1.5043111710425887e-23,0.06599676587548513,0.0,1.65221349806665e-05,1.5762010873205199e-06,1.8497529363287712e-06,1.5203173508104516e-06,1.373376247898423e-07,1.1273883333369816e-09,9.36876040396879e-12,2.666974419383221e-10,5.11239471849127e-13,1.243270166941769e-12,4.552954793781425e-18,4.411105323512936e-18,2.272722632175342e-53,1.7154405506682903e-21
1.3287668883084553e-10,0.05595639656,0.054,0.0,0.0,0.029714858232168267,0.8799915858544893,4.1670069088610047e-10,1.2160314511740007e-19,1.6930665612635998e-23,0.06599672466630342,0.0,1.682670391890109e-05,1.5822115362220478e-06,1.8658526166689812e-06,1.5504391467104594e-06,1.4239616465211744e-07,1.1585601048781254e-09,9.917207860753057e-12,2.849246779240648e-10,5.571323135092473e-13,1.367182510447388e-12,5.282167888143191e-18,5.200543693962199e-18,2.870739902701545e-53,1.7796215490173624e-21
1.35283728571456e-10,0.05595639656,0.054,0.0,0.0,0.029714497175196457,0.8799914335451146,4.43119898420822e-10,1.4397179802221822e-19,1.9003860715709035e-23,0.06599668388709345,0.0,1.713126425240726e-05,1.5877350418605923e-06,1.8815381809970028e-06,1.5805807802606957e-06,1.4749109894062158e-07,1.1898096493800887e-09,1.0482908517759742e-11,3.038796668560407e-10,6.058877730015552e-13,1.4999257326675551e-12,6.1058945970352196e-18,6.1067364027944106e-18,3.6072285799813256e-53,1.8449793955371666e-21
1.3769076831206647e-10,0.05595639656,0.054,0.0,0.0,0.029714136939676505,0.8799912812394632,4.705887075368429e-10,1.6979941002020663e-19,2.1275730481119913e-23,0.06599664352227681,0.0,1.7435815986908347e-05,1.5927930863516988e-06,1.8968251925167702e-06,1.6107392956431678e-06,1.5261947602879979e-07,1.2211322549086583e-09,1.1065889308546226e-11,3.235657045403465e-10,6.575979312265896e-13,1.6418531258212562e-12,7.033411139391079e-18,7.14323244306042e-18,4.509909693145714e-53,1.9115139916273486e-21
1.4009780805267694e-10,0.05595639656,0.054,0.0,0.0,0.029713777495293633,0.8799911289375271,4.991226761664259e-10,1.9951856139075332e-19,2.3759819215572818e-23,0.065996603556688,0.0,1.7740359127225743e-05,1.5974065244691642e-06,1.9117287997761086e-06,1.640911844760626e-06,1.5777845166709e-07,1.2525236949556933e-09,1.1666176566633321e-11,3.4398541868198513e-10,7.123540238938667e-13,1.7933174253482184e-12,8.074590980608287e-18,8.324694719707183e-18,5.611183297138769e-53,1.979225238579883e-21
1.4250484779328742e-10,0.05595639656,0.054,0.0,0.0,0.029713418812577726,0.8799909766392983,5.287371672041526e-10,2.336027617903541e-19,2.6470180792565344e-23,0.0659965639755828,0.0,1.8044893677312398e-05,1.6015955752794817e-06,1.9262637283710193e-06,1.6710956872285406e-06,1.6296528897438974e-07,1.2839801949991375e-09,1.228379662929861e-11,3.6514079904312113e-10,7.702463701394719e-13,1.9546703805340423e-12,9.239919150732716e-18,9.666948024854493e-18,6.948755759851224e-53,2.0481130375670274e-21
1.449118875338979e-10,0.05595639656,0.054,0.0,0.0,0.02971306086292021,0.8799908243447688,5.594473656328746e-10,2.7256893936144018e-19,2.9421377332698856e-23,0.0659965247646467,0.0,1.8349419640284656e-05,1.6053798135791108e-06,1.9404442725114586e-06,1.7012881903971145e-06,1.6817735845982283e-07,1.3154984007334792e-09,1.2918776412128252e-11,3.8703322746536394e-10,8.313643108843896e-13,2.1262623320438072e-12,1.0540506363644306e-17,1.1187026967594762e-17,8.566370708908868e-53,2.1181772896317407e-21
1.4731892727450836e-10,0.05595639656,0.054,0.0,0.0,0.029712703618580385,0.8799906720539313,5.912682948074214e-10,3.1698004567702474e-19,3.2628476737420366e-23,0.06599648590999818,0.0,1.8653937018455322e-05,1.6087781685958298e-06,1.9542842919015623e-06,1.7314868283975368e-06,1.734121370679388e-07,1.3470753465591088e-09,1.3571143881929462e-11,4.096635084586904e-10,8.957961517323446e-13,2.308441837190649e-12,1.1988101788113843e-17,1.2903222353368079e-17,1.0514609374812074e-52,2.1894178956813264e-21
1.4972596701511883e-10,0.05595639656,0.054,0.0,0.0,0.029712347052684922,0.8799905197667787,6.242148318323069e-10,3.6744774723616824e-19,3.61070493949443e-23,0.0659964473981884,0.0,1.8958445813365303e-05,1.6118089272446058e-06,1.9677972119941073e-06,1.7616891805988042e-06,1.786672066343066e-07,1.3787084264956466e-09,1.4240928423661998e-11,4.330318995185834e-10,9.636291108090616e-13,2.5015553403467815e-12,1.3595104601272402e-17,1.4835125856592814e-17,1.2851617713779242e-52,2.261834756478429e-21
1.521330067557293e-10,0.05595639656,0.054,0.0,0.0,0.02971199113923376,0.879990367483304,6.583017235888156e-10,4.2463505727080266e-19,3.9873165471153637e-23,0.0659964092162043,0.0,1.926294602581229e-05,1.6144897330947388e-06,1.9809960210957237e-06,1.7918929306358119e-06,1.839402529130315e-07,1.410395367339686e-09,1.4928161256222224e-11,4.571381412101816e-10,1.0349492790139954e-12,2.70594682206301e-12,1.537457609380238e-17,1.7003675627021517e-17,1.5644059928378414e-52,2.3354277726313225e-21
1.5454004649633978e-10,0.05595639656,0.054,0.0,0.0,0.029711635853093957,0.8799902152035007,6.935436010588633e-10,4.892591073327108e-19,4.3943390884574845e-23,0.06599637135146531,0.0,1.956743765588177e-05,1.6168375933699963e-06,1.9938932734378446e-06,1.8220958644028096e-06,1.892290635692476e-07,1.4421342011175135e-09,1.563287573017833e-11,4.819814866592788e-10,1.1098415898967859e-12,2.9219575122092424e-12,1.734024997408441e-17,1.9431198918574912e-17,1.8968514359729452e-52,2.4101968445883136e-21
1.5694708623695025e-10,0.05595639656,0.054,0.0,0.0,0.029711281169991763,0.8799900629273626,7.299549930277893e-10,5.620939605331226e-19,4.833478293220451e-23,0.0659963337918198,0.0,1.9871920702975594e-05,1.6188688871411654e-06,2.0065010931836107e-06,1.8522958679202034e-06,1.9453152604539868e-07,1.4739232405257616e-09,1.635510754896038e-11,5.075607302062693e-10,1.1883897810841994e-12,3.149925634779817e-12,1.950654183282491e-17,2.2141453218721274e-17,2.2912097305939553e-52,2.48614187263263e-21
1.5935412597756072e-10,0.05595639656,0.054,0.0,0.0,0.029710927066506763,0.8799899106548834,7.675503403004784e-10,6.439734013544304e-19,5.306488611158351e-23,0.06599629652554174,0.0,2.0176395165838966e-05,1.6205993721333876e-06,2.0188311773821766e-06,1.8824909253682103e-06,1.9984562559437122e-07,1.5057610555497685e-09,1.709489503255468e-11,5.338742364657882e-10,1.2706763627026202e-12,3.3901861412010107e-12,2.1888558875428804e-17,2.5159668201322918e-17,2.7573132148368993e-52,2.563262756874369e-21
1.617611657181712e-10,0.05595639656,0.054,0.0,0.0,0.029710573520059864,0.8799897583860573,8.063440083279027e-10,7.357938172125611e-19,5.815172716524593e-23,0.0659962595413251,0.0,2.048086104258781e-05,1.622044195525644e-06,2.030894801980513e-06,1.9126791166536286e-06,2.0516944284629755e-07,1.5376464508565057e-09,1.785227926195331e-11,5.609199677583739e-10,1.3567826164055988e-12,3.643070493945216e-12,2.450210817607139e-17,2.851258454038702e-17,3.3064299206148333e-52,2.6415593972431126e-21
1.6416820545878167e-10,0.05595639656,0.054,0.0,0.0,0.029710220508897933,0.8799896061208786,8.463502988734982e-10,8.385171364864032e-19,6.361380965537563e-23,0.06599622282827589,0.0,2.0785318330735105e-05,1.6232179069752963e-06,2.042702829551141e-06,1.94285861472304e-06,2.1050115112218483e-07,1.5695784448394087e-09,1.8627304178048742e-11,5.886955104804105e-10,1.4467885749241043e-12,3.9089064885207095e-12,2.7363703917997628e-17,3.2228490625740983e-17,3.951310753841771e-52,2.72103169348511e-21
1.6657524519939214e-10,0.05595639656,0.054,0.0,0.0,0.02970986801208117,0.8799894538593419,8.875834623586545e-10,9.531737344864469e-19,6.947010880607458e-23,0.06599618637590615,0.0,2.1089767027215144e-05,1.62413446978094e-06,2.054265715604842e-06,1.9730276831002215e-06,2.158390139715676e-07,1.60155625025465e-09,1.9420016718001214e-11,6.171981020443802e-10,1.5407729906211873e-12,4.188018060932545e-12,3.049057504637519e-17,3.633726038921726e-17,4.7060430552086456e-52,2.801679545159556e-21
1.6898228494000261e-10,0.05595639656,0.054,0.0,0.0,0.02970951600946357,0.8799893016014422,9.300577078748213e-10,1.0808654467611662e-18,7.574006551757835e-23,0.06599615017412404,0.0,2.1394207128409065e-05,1.6248072765048713e-06,2.065593518389241e-06,2.003184672937206e-06,2.2118138222490624e-07,1.6335792548776407e-09,2.0230466865816382e-11,6.464246550310484e-10,1.6388133479552355e-12,4.480725155853872e-12,3.390067109219504e-17,4.087038643198884e-17,5.586571707483262e-52,2.883502851629893e-21
1.7138932468061309e-10,0.05595639656,0.054,0.0,0.0,0.02970916448167974,0.8799891493471741,9.73787214885401e-10,1.222768515379394e-18,8.244358090791147e-23,0.06599611421322722,0.0,2.169863863016542e-05,1.6252491604403169e-06,2.0766959055050335e-06,2.033328020553729e-06,2.2652669153376688e-07,1.665647006137498e-09,2.1058707676925884e-11,6.763717829201603e-10,1.7409858745434178e-12,4.787343560422905e-12,3.761266877858957e-17,4.5861015765948536e-17,6.611439524152001e-52,2.9665015120595165e-21
1.7379636442122356e-10,0.05595639656,0.054,0.0,0.0,0.029708813410122072,0.8799889970965332,1.0187861416620568e-09,1.3801366673056954e-18,8.960100987487641e-23,0.0659960784838917,0.0,2.2003061527825355e-05,1.6254724132227315e-06,2.087582165333475e-06,2.063456244309569e-06,2.318734592455465e-07,1.6977591928214474e-09,2.190479531336877e-11,7.070358219904986e-10,1.847365515592313e-12,5.108184827606263e-12,4.1645976571579216e-17,5.1343979423824436e-17,7.800460437465793e-52,3.0506754254117853e-21
1.7620340416183403e-10,0.05595639656,0.054,0.0,0.0,0.02970846277692105,0.8799888448495145,1.0650686339858833e-09,1.5543041783198487e-18,9.72331548399695e-23,0.06599604297716175,0.0,2.230747581624296e-05,1.625488800313531e-06,2.098261216906928e-06,2.0935679417649366e-06,2.3722028156626264e-07,1.729915631261549e-09,2.27687889751492e-11,7.384128529640462e-10,1.9580259320703525e-12,5.4435561937927e-12,4.6020738970786454e-17,5.735582170539537e-17,9.175306898200202e-52,3.1360244904452126e-21
1.786104439024445e-10,0.05595639656,0.054,0.0,0.0,0.0297081125649262,0.8799886926061137,1.1126488344401178e-09,1.746688921495717e-18,1.0536125957160091e-22,0.06599600768444058,0.0,2.2611881489805486e-05,1.62530957609217e-06,2.1087416194333994e-06,2.1236617868634685e-06,2.42565830745605e-07,1.7621162513390052e-09,2.365075094005735e-11,7.704987234189246e-10,2.0730395308771178e-12,5.793760477464607e-12,5.075784113729757e-17,6.393483056200537e-17,1.0762248272788046e-51,3.222548605704914e-21
1.8101748364305498e-10,0.05595639656,0.054,0.0,0.0,0.02970776275768686,0.8799885403663266,1.1615408901314046e-09,1.9587954563670755e-18,1.1400700284794956e-22,0.06599597259748069,0.0,2.291627854245196e-05,1.6249454988888128e-06,2.1190315819592174e-06,2.153736527216072e-06,2.4790885236388066e-07,1.7943610846601553e-09,2.4550746420114967e-11,8.032890676487587e-10,2.1924774794772044e-12,6.159096023006317e-12,5.587891229650113e-17,7.112106403497591e-17,1.259032874048642e-51,3.310247669522485e-21
1.8407282000534022e-10,0.05595639656,0.054,0.0,0.0,0.029707319293884246,0.8799883471284514,1.2255128710989578e-09,2.2589463411887297e-18,1.2576161839238287e-22,0.06599592834439748,0.0,2.3302647515226298e-05,1.624233209180084e-06,2.1318310087241487e-06,2.1918820414937555e-06,2.5468543753908584e-07,1.835354410315121e-09,2.5719221359993202e-11,8.459184114075199e-10,2.3505659127879403e-12,6.645082502234029e-12,6.296748031185545e-17,8.118324593190155e-17,1.5300685680316265e-51,3.423259119830792e-21
1.8712815636762546e-10,0.05595639656,0.054,0.0,0.0,0.029706876426128907,0.8799881538963835,1.291650342624938e-09,2.5969269124477504e-18,1.3843210098753286e-22,0.0659958843947048,0.0,2.368900257320692e-05,1.6232595579830933e-06,2.1443515849650453e-06,2.229992615937719e-06,2.614537827338895e-07,1.8764195948658424e-09,2.69170080779163e-11,8.896657234380104e-10,2.5160355163016757e-12,7.156511987436549e-12,7.075832176733483e-17,9.238120889181642e-17,1.8515086190703056e-51,3.538163283291301e-21
1.901834927299107e-10,0.05595639656,0.054,0.0,0.0,0.029706434125315286,0.8799879606701159,1.3599823778078863e-09,2.976466093715163e-18,1.520657137749534e-22,0.0659958407338005,0.0,2.4075343701168223e-05,1.6220433485910488e-06,2.156607828478316e-06,2.268066157874352e-06,2.6821178883372973e-07,1.9175572279067856e-09,2.814425967630628e-11,9.345208793957636e-10,2.6890232736797935e-12,7.693962983830116e-12,7.930089454501062e-17,1.0480958092563404e-16,2.2324037119457683e-51,3.654959950443865e-21
1.9323882909219593e-10,0.05595639656,0.054,0.0,0.0,0.029705992363902294,0.8799877674496409,1.4305381365065825e-09,3.4015548072603118e-18,1.667107714951623e-22,0.06599579734786341,0.0,2.4461670882929405e-05,1.6206022878587327e-06,2.1686134743061218e-06,2.306100733004888e-06,2.749575142720963e-07,1.9587680379087334e-09,2.9401135935593326e-11,9.804734077959925e-10,2.8696630617969787e-12,8.25800217301805e-12,8.864661507629772e-17,1.1856785389952032e-16,2.680415354476879e-51,3.7736489112466105e-21
1.9629416545448117e-10,0.05595639656,0.054,0.0,0.0,0.029705551115844796,0.8799875742349517,1.5033468831352107e-09,3.876456378233232e-18,1.8241661877978958e-22,0.06599575422381898,0.0,2.4847984101404e-05,1.6189530376239919e-06,2.180381509015799e-06,2.344094556747113e-06,2.816891663875797e-07,2.0000528655161977e-09,3.06878030253651e-11,1.027512540682005e-09,3.0580856939039357e-12,8.849184413964167e-12,9.884886195874336e-17,1.3376044724587462e-16,3.2051487298967907e-51,3.894229955067513e-21
1.9934950181676641e-10,0.05595639656,0.054,0.0,0.0,0.029705110356525954,0.8799873810260419,1.578438000833149e-09,4.405716992644912e-18,1.9923360860528982e-22,0.06599571134930568,0.0,2.5234283338647916e-05,1.6171112650164486e-06,2.1919242045785306e-06,2.3820459859371086e-06,2.884050931431168e-07,2.041412639371349e-09,3.2004433059937384e-11,1.0756272583161315e-09,3.2544190538211516e-12,9.46805283398218e-12,1.0996297846199735e-16,1.504967629751003e-16,3.820785689723309e-51,4.016702870666801e-21
2.0240483817905165e-10,0.05595639656,0.054,0.0,0.0,0.029704670062690317,0.8799871878229047,1.6558410052204107e-09,4.9941761603193306e-18,2.1721308076571996e-22,0.06599566871264141,0.0,2.5620568575904612e-05,1.6150916920596844e-06,2.2032531518639365e-06,2.419953510695506e-06,2.951037750100615e-07,2.082848353994221e-09,3.33512037534066e-11,1.1248063320504051e-09,3.4587881213726112e-12,1.011513892150617e-11,1.22046273090824e-16,1.6889123697503325e-16,4.53856482743107e-51,4.141067446195616e-21
2.054601745413369e-10,0.05595639656,0.054,0.0,0.0,0.02970423021237838,0.8799869946255344,1.735585555378813e-09,5.646977206811557e-18,2.3640734067286403e-22,0.06599562630279107,0.0,2.6006839793647798e-05,1.6129081438139572e-06,2.214379293393225e-06,2.457815746656865e-06,3.0178381721687873e-07,2.1243610506948543e-09,3.47282979842408e-11,1.1750383624684584e-09,3.671315010088753e-12,1.0790962694746378e-11,1.351580194501512e-16,1.8906338341314588e-16,5.369533628983727e-51,4.267323469197279e-21
2.0851551090362213e-10,0.05595639656,0.054,0.0,0.0,0.029703790784862925,0.8799868014339254,1.8177014642324079e-09,6.369577755977147e-18,2.5686963834791163e-22,0.06599558410933451,0.0,2.639309697162108e-05,1.6105735950935992e-06,2.225312955196217e-06,2.495631427467203e-06,3.084439422662813e-07,2.1659518007736005e-09,3.613590339346355e-11,1.2263118153000122e-09,3.892119081722671e-12,1.1496032844308881e-11,1.4935945439763668e-16,2.111378350255369e-16,6.334882488492901e-51,4.395470726594452e-21
2.1157084726590737e-10,0.05595639656,0.054,0.0,0.0,0.02970335176058754,0.8799866082480721,1.9022187069418276e-09,7.167760218710719e-18,2.7865414785996137e-22,0.06599554212243618,0.0,2.6779340088875443e-05,1.608100215383788e-06,2.2360638775990367e-06,2.533399397650741e-06,3.1508298282246714e-07,2.207621690949663e-09,3.757421193327035e-11,1.2786150537129217e-09,4.121317044535254e-12,1.2230846928514562e-11,1.647137756656419e-16,2.3524437800723535e-16,7.452773043073065e-51,4.5255090046797375e-21
2.146261836281926e-10,0.05595639656,0.054,0.0,0.0,0.02970291312110706,0.8799864150679693,1.9891674285725733e-09,8.047642264428066e-18,3.018159470231374e-22,0.06599550033281504,0.0,2.7165569123804668e-05,1.6054994121816834e-06,2.246641245010078e-06,2.5711186057667587e-06,3.2169987488871565e-07,2.249371810251097e-09,3.904341946066308e-11,1.331936368449323e-09,4.359022963885811e-12,1.2995891576493815e-11,1.8128613806706784e-16,2.6151798267110026e-16,8.733572132315455e-51,4.657438089119622e-21
2.1768151999047785e-10,0.05595639656,0.054,0.0,0.0,0.02970247484903019,0.8799862218936118,2.078577950174508e-09,9.015687287181898e-18,3.264109975688839e-22,0.06599545873171618,0.0,2.7551784054178967e-05,1.602781872620651e-06,2.257053714658035e-06,2.608788097904156e-06,3.282936513232623e-07,2.2912032385987652e-09,4.054372532008414e-11,1.3862640048385532e-09,4.605348346475818e-12,1.3791642714271289e-11,1.9914364920728388e-16,2.9009882941644506e-16,1.0206140888748574e-50,4.7912577649504814e-21
2.207368563527631e-10,0.05595639656,0.054,0.0,0.0,0.02970203692796409,0.8799860287249951,2.170480774072308e-09,1.007871484819975e-17,3.5249612564872637e-22,0.06599541731088318,0.0,2.7937984857176494e-05,1.5999576034941425e-06,2.2673094443088734e-06,2.6464070114687297e-06,3.3486343564807665e-07,2.333117036780703e-09,4.207533196026797e-11,1.441586187558878e-09,4.860402268399696e-12,1.4618565780663903e-11,2.183553640234469e-16,3.211323305500507e-16,1.1902917968242103e-50,4.926967816566089e-21
2.2379219271504833e-10,0.05595639656,0.054,0.0,0.0,0.029701599342461214,0.8799858355621148,2.2649065879013163e-09,1.1243911101027664e-17,3.8012900283585988e-22,0.06599537606253127,0.0,2.832417150941309e-05,1.5970359695313364e-06,2.277416118876697e-06,2.6839745692945714e-06,3.414084361820516e-07,2.3751142380154353e-09,4.363844453132499e-11,1.4978911429030452e-09,5.1242914187932226e-12,1.5477115979597154e-11,2.389922788760538e-16,3.54769148050262e-16,1.3830675401081179e-50,5.0645680277163995e-21
2.2684752907733357e-10,0.05595639656,0.054,0.0,0.0,0.029701162077968326,0.8799856424049664,2.361886267923169e-09,1.2518839184850951e-17,4.0936812751995686e-22,0.06599533497932222,0.0,2.871034398697035e-05,1.5940257299907816e-06,2.2873809759380954e-06,2.7214900740510557e-06,3.479279404698198e-07,2.4171958406844328e-09,4.523327050622991e-11,1.555167119054384e-09,5.397120129338841e-12,1.6367738532231714e-11,2.611273247421035e-16,3.911652075672358e-16,1.602142278588478e-50,5.204058181510919e-21
2.299028654396188e-10,0.05595639656,0.054,0.0,0.0,0.029700725120777753,0.8799854492535454,2.4614508813513176e-09,1.3911449590292885e-17,4.4027280682417805e-22,0.06599529405433983,0.0,2.9096502265422006e-05,1.5909350735204913e-06,2.2972108301205496e-06,2.75895290295637e-06,3.544213100171557e-07,2.459362802261524e-09,4.6860019298485705e-11,1.6134024041543773e-09,5.678990498390606e-12,1.729086892529626e-11,2.8483535997762407e-16,4.304817089086192e-16,1.8535866983798163e-50,5.3454380604102525e-21
2.3295820180190407e-10,0.05595639656,0.054,0.0,0.0,0.02970028845798083,0.8799852561078482,2.5636316880341197e-09,1.543009048745343e-17,4.729031389462705e-22,0.06599525328106669,0.0,2.9482646319858808e-05,1.5877716513814673e-06,2.306912096412121e-06,2.796362502772584e-06,3.6088797530781634e-07,2.5016160341162705e-09,4.851890191524293e-11,1.6725853426189984e-09,5.9700024799015456e-12,1.8246933162232434e-11,3.101931623538157e-16,4.728851331378491e-16,2.1377719002418387e-50,5.48870744621839e-21
2.360135381641893e-10,0.05595639656,0.054,0.0,0.0,0.029699852077423414,0.8799850629678708,2.6684601413391156e-09,1.7083518018977757e-17,5.073199960037582e-22,0.06599521265336211,0.0,2.986877612491222e-05,1.584542609035453e-06,2.316490812394541e-06,2.8337183850827883e-06,3.6732743110234725e-07,2.5439563972854894e-09,5.0210130613143084e-11,1.7327043497125303e-09,6.270253893445172e-12,1.9236348034136886e-11,3.3727942073560573e-16,5.185472465624452e-16,2.456457443746443e-50,5.633866120086325e-21
2.3906887452647455e-10,0.05595639656,0.054,0.0,0.0,0.029699415967663602,0.8799848698336096,2.7759678884815634e-09,1.8880906550305518e-17,5.435850073276316e-22,0.06599517216544086,0.0,3.0254891654776607e-05,1.5812546161732976e-06,2.3259526594391944e-06,2.871020121831791e-06,3.7373923200024016e-07,2.5863846989936882e-09,5.193391858042816e-11,1.7937479244997537e-09,6.5798404994437185e-12,2.0259521376499642e-11,3.661747262014489e-16,5.67645101712443e-16,2.820618061994814e-50,5.780913862511185e-21
2.421242108887598e-10,0.05595639656,0.054,0.0,0.0,0.029698980117931373,0.879984676705061,2.8861867702102257e-09,2.083185887845384e-17,5.817605432602442e-22,0.065995131811853,0.0,3.0640992883230214e-05,1.577913895195032e-06,2.335302982870831e-06,2.9082673411271106e-06,3.801229882621341e-07,2.628901689970287e-09,5.369047961903423e-11,1.8557046612354102e-09,6.8988561221461895e-12,2.1316852319164866e-11,3.9696156281666446e-16,6.203610355989712e-16,3.2319955916386115e-50,5.929850453326814e-21
2.4517954725104503e-10,0.05595639656,0.054,0.0,0.0,0.029698544518090304,0.8799844835822216,2.999148820025252e-09,2.294641639335776e-17,6.21909699400668e-22,0.06599509158746503,0.0,3.102707978365502e-05,1.5745262482101633e-06,2.3445468111368892e-06,2.945459723284827e-06,3.8647836187658316e-07,2.671508062355208e-09,5.5480027852029313e-11,1.91856325948747e-09,7.2273926802269675e-12,2.2408731547375246e-11,4.2972429797837154e-16,6.768826653487855e-16,3.6866966236883953e-50,6.080675671702291e-21
2.4823488361333027e-10,0.05595639656,0.054,0.0,0.0,0.02969810915860119,0.8799842904650881,3.1148862628806276e-09,2.523506919240687e-17,6.640962813350785e-22,0.06599505148744139,0.0,3.1413152329055544e-05,1.5710970825920662e-06,2.3536888740023426e-06,2.9825969971132344e-06,3.9280506286425367e-07,2.7142044482131953e-09,5.7302777438357515e-11,1.9823125329939114e-09,7.565540207849064e-12,2.3535541563011777e-11,4.645491724962742e-16,7.374028814673242e-16,4.202286253226507e-50,6.233389296145895e-21
2.512902199756155e-10,0.05595639656,0.054,0.0,0.0,0.029697674030487578,0.8799840973536575,3.2334315135024258e-09,2.7708766143868424e-17,7.083847898210602e-22,0.06599501150722754,0.0,3.179921049207658e-05,1.5676314351577906e-06,2.36273361981331e-06,3.0196789364201185e-06,3.9910284580537514e-07,2.7569914185041693e-09,5.91589423130373e-11,2.0469414173021716e-09,7.913386967413301e-12,2.4697656924901016e-11,5.0152429031690705e-16,8.021198388244414e-16,4.788013706058093e-50,6.387991104499822e-21
2.5434555633790075e-10,0.05595639656,0.054,0.0,0.0,0.02969723912530302,0.8799839042479264,3.3548171742983624e-09,3.0378924899352734e-17,7.548404064353692e-22,0.0659949716425334,0.0,3.2185254245019966e-05,1.5641339950177906e-06,2.371685231856826e-06,3.0567053567350423e-06,4.053715065817644e-07,2.799869482532023e-09,6.104873593456678e-11,2.1124389763717424e-09,8.271019526414517e-12,2.5895444491130145e-11,5.407396080038182e-16,8.712369455785648e-16,5.426911877091193e-50,6.544480873933612e-21
2.57400892700186e-10,0.05595639656,0.054,0.0,0.0,0.029696804435100144,0.8799837111478923,3.4790760329574724e-09,3.325744185205222e-17,8.035289796533567e-22,0.06599493188931801,0.0,3.257128355986057e-05,1.5606091251605584e-06,2.3805476438572495e-06,3.0936761122342676e-06,4.116108793210521e-07,2.842839087753453e-09,6.297237105282626e-11,2.178794408281845e-09,8.638522753571246e-12,2.712926366927802e-11,5.822869239788989e-16,9.449628501357663e-16,6.140463132900497e-50,6.702858380947204e-21
2.604562290624712e-10,0.05595639656,0.054,0.0,0.0,0.02969636995240132,0.879983518053552,3.6062410597271043e-09,3.635670204060269e-17,8.545170113762053e-22,0.06599489224377497,0.0,3.295729840826139e-05,1.5570608828188715e-06,2.3893245546383283e-06,3.130591092859399e-06,4.1782083353413794e-07,2.885900619953729e-09,6.493005948465412e-11,2.2459970499959863e-09,9.015979882922053e-12,2.839946665007698e-11,6.262598675730079e-16,1.0235114263313316e-15,6.960772100327833e-50,6.863123401371782e-21
2.6351156542475646e-10,0.05595639656,0.054,0.0,0.0,0.029695935670170957,0.8799833249649031,3.736345404443757e-09,3.9689588996189866e-17,9.078716438815766e-22,0.06599485270231843,0.0,3.334329876158777e-05,1.5534930386785462e-06,2.3980194419896587e-06,3.1674502216185627e-06,4.2400127143471e-07,2.9290544036933735e-09,6.692201190902048e-11,2.3140363812891345e-09,9.403472623169907e-12,2.970639862654933e-11,6.727538878514742e-16,1.1071017569341791e-15,7.849464026747606e-50,7.025275710362633e-21
2.665669017870417e-10,0.05595639656,0.054,0.0,0.0,0.02969550158178933,0.8799831318819427,3.869422393313831e-09,4.3269494532561626e-17,9.636606471883956e-22,0.06599481326157015,0.0,3.3729284590921035e-05,1.5499090949791558e-06,2.406635575769035e-06,3.2042534520610805e-06,4.3015212543172857e-07,2.972300703027884e-09,6.894843767152856e-11,2.3829020280214107e-09,9.801081173970479e-12,3.1050398022735255e-11,7.218662422983866e-16,1.1959581156278293e-15,8.815103789690385e-50,7.18931508239745e-21
2.6962223814932694e-10,0.05595639656,0.054,0.0,0.0,0.02969506768102781,0.8799829388046685,4.0055055255051885e-09,4.711032847719306e-17,1.0219524068208895e-21,0.06599477391834711,0.0,3.411525586707149e-05,1.5463123025646403e-06,2.4151760302783527e-06,3.2410007659154013e-06,4.362733557846674e-07,3.015639722428298e-09,7.10095446062195e-11,2.4525837647578023e-09,1.0208884234175355e-11,3.243179671730196e-11,7.736959853703696e-16,1.2903099475624982e-15,9.942133224715373e-50,7.355241291280415e-21
2.726775745116122e-10,0.05595639656,0.054,0.0,0.0,0.029694633962025548,0.8799827457330778,4.144628469549582e-09,5.122652834327945e-17,1.0828159119732415e-21,0.06599473466964989,0.0,3.450121256059052e-05,1.5427056769328377e-06,2.4236436959448074e-06,3.2776921708815984e-06,4.423649484127733e-07,3.059071607902025e-09,7.310553886597763e-11,2.5230715167124614e-09,1.0626959102319808e-11,3.385092024479103e-11,8.283439569112609e-16,1.3903918486122132e-15,1.1173214788595486e-49,7.52305411013906e-21
2.757329108738974e-10,0.05595639656,0.054,0.0,0.0,0.02969420041926743,0.8799825526671681,4.2868250596033165e-09,5.563306894127431e-17,1.1463207440498397e-21,0.06599469551265158,0.0,3.4887154641782344e-05,1.539092013337256e-06,2.432041290342475e-06,3.3143276985692185e-06,4.4842691284915987e-07,3.10259644825763e-09,7.523662476785486e-11,2.594355361184953e-09,1.1055381738976684e-11,3.530808799607293e-11,8.859127704436993e-16,1.4964435434268266e-15,1.2454602594207792e-49,7.692753311418712e-21
2.7878824723618266e-10,0.05595639656,0.054,0.0,0.0,0.02969376704756329,0.879982359606937,4.432129291568131e-09,6.034547192958025e-17,1.212537065570278e-21,0.06599465644468756,0.0,3.5273082080715135e-05,1.5354739009878765e-06,2.440371368584922e-06,3.350907402572355e-06,4.5445928033157787e-07,3.1462142765103013e-09,7.740300464708575e-11,2.666425528575988e-09,1.1494226749654094e-11,3.6803613425741166e-11,9.465068014017471e-16,1.6087098623883674e-15,1.3963841464761524e-49,7.864338666884973e-21
2.818435835984679e-10,0.05595639656,0.054,0.0,0.0,0.02969333384202837,0.8799821665523827,4.580575319110085e-09,6.537981530350502e-17,1.2815356094330334e-21,0.06599461746324557,0.0,3.565899484723155e-05,1.5318537364001271e-06,2.4486363331214854e-06,3.387431356673629e-06,4.604621020215662e-07,3.1899250713847174e-09,7.960487872461913e-11,2.7392724029084073e-09,1.1943567437391904e-11,3.8337804240943953e-11,1.0102321752843458e-15,1.727440717557118e-15,1.5670490170769586e-49,8.037809947625574e-21
2.8489891996075314e-10,0.05595639656,0.054,0.0,0.0,0.02969290079806484,0.8799819735035026,4.732197449580136e-09,7.075274282219546e-17,1.3533876685270346e-21,0.06599457856595663,0.0,3.6044892910958865e-05,1.5282337359363698e-06,2.4568384429666457e-06,3.423899653169552e-06,4.664354473444386e-07,3.2337287589114506e-09,8.184244498302004e-11,2.8128865219215195e-09,1.2403475899167414e-11,3.9910962575621825e-11,1.0771967557176526e-15,1.8528910777036865e-15,1.7352330042728474e-49,8.21316692404504e-21
2.879542563230384e-10,0.05595639656,0.054,0.0,0.0,0.02969246791134441,0.8799817804602946,4.887030139866442e-09,7.648147337287186e-17,1.4281650856684589e-21,0.06599453975058633,0.0,3.643077624131854e-05,1.5246159475850492e-06,2.4649798223927577e-06,3.4603124013097707e-06,4.723794024426322e-07,3.277625214083918e-09,8.411589905404182e-11,2.887258576893876e-09,1.2874023028785799e-11,4.152338517380946e-11,1.1475101324800467e-15,1.9853209425002342e-15,1.930007722478856e-49,8.390409365862962e-21
2.910095926853236e-10,0.05595639656,0.054,0.0,0.0,0.029692035177792016,0.8799815874227568,5.0451079921822916e-09,8.25838102721097e-17,1.5059402438576108e-21,0.06599450101502655,0.0,3.681664480753552e-05,1.5210022620187312e-06,2.4730624691137627e-06,3.496669725843328e-06,4.782940687355444e-07,3.32161426257167e-09,8.642543411389056e-11,2.9623794121599575e-09,1.335527851426529e-11,4.317536356762828e-11,1.221283609513174e-15,2.1249953159511293e-15,2.16673885532164e-49,8.569537042117948e-21
2.9406492904760886e-10,0.05595639656,0.054,0.0,0.0,0.029691602593570385,0.8799813943908866,5.206465749813188e-09,8.90781505037839e-17,1.5867860568494671e-21,0.065994462357288,0.0,3.720249857864694e-05,1.517394422972074e-06,2.4810882619876166e-06,3.532971765665255e-06,4.841795615791729e-07,3.3656956824648905e-09,8.877124078872826e-11,3.0382400242749245e-09,1.384731092736919e-11,4.486718423295311e-11,1.2986301928768467e-15,2.2721841791341047e-15,2.38928765426736e-49,8.750549721166048e-21
2.971202654098941e-10,0.05595639656,0.054,0.0,0.0,0.029691170155065564,0.8799812013646828,5.371138292826984e-09,9.59834938934908e-17,1.670775960019397e-21,0.06599442377549279,0.0,3.758833752351056e-05,1.5137940369775779e-06,2.4890589682629964e-06,3.5692186725572562e-06,4.900360090193601e-07,3.4098692060462305e-09,9.115350706738572e-11,3.1148315609698974e-09,1.4350187773371154e-11,4.659912874512362e-11,1.3796645786708206e-15,2.4271624623202345e-15,2.6275505439477795e-49,8.933447170676124e-21
3.0017560177217934e-10,0.05595639656,0.054,0.0,0.0,0.0296907378588733,0.8799810083441426,5.539160633765706e-09,1.0331945221914138e-16,1.757983901509445e-21,0.06599438526786781,0.0,3.797416161081279e-05,1.5102025824963027e-06,2.496976250395587e-06,3.6054106100165514e-06,4.958635506326719e-07,3.4541345215711247e-09,9.357241822304704e-11,3.1921453199575125e-09,1.4863975463219157e-11,4.8371473941922985e-11,1.464503140980055e-15,2.5902100165302986e-15,2.9526579841778856e-49,9.118229157631924e-21
3.032309381344646e-10,0.05595639656,0.054,0.0,0.0,0.02969030570178621,0.8799808153292648,5.710567913322829e-09,1.1110625825766102e-16,1.8484843336541263e-21,0.06599434683273811,0.0,3.835997080907652e-05,1.5066214184781057e-06,2.5048416724574724e-06,3.6415477521672646e-06,5.016623364493506e-07,3.4984912750531745e-09,9.602815674146102e-11,3.2701727474914848e-09,1.5388739357048424e-11,5.0184492068582756e-11,1.55326391981545e-15,2.761611584588996e-15,3.2588084182485876e-49,9.30489544833458e-21
3.062862744967498e-10,0.05595639656,0.054,0.0,0.0,0.029689873680781756,0.8799806223200473,5.885395396020562e-09,1.193647747676887e-16,1.942352204673396e-21,0.06599430846852113,0.0,3.874576508666838e-05,1.503051792384952e-06,2.5126567061626197e-06,3.67763028274907e-06,5.07432525953032e-07,3.5429390720404163e-09,9.852090225690364e-11,3.3489054367291878e-09,1.592454384971577e-11,5.20384509093727e-11,1.6460666090238988e-15,2.941656771732035e-15,3.529664981849505e-49,9.493445808398689e-21
3.0934161085903505e-10,0.05595639656,0.054,0.0,0.0,0.029689441793010914,0.8799804293164878,6.063678465890391e-09,1.2811650340820386e-16,2.0396629506142287e-21,0.06599427017372081,0.0,3.9131544411805935e-05,1.4994948477085967e-06,2.5204227365299e-06,3.7136583941780935e-06,5.131742871522695e-07,3.58747747937971e-09,1.0105083149402237e-10,3.4283351260317373e-09,1.647145236302306e-11,5.393361392934863e-11,1.7430325442276211e-15,3.1306400158138693e-15,3.959682242216178e-49,9.683880002750728e-21
3.123969472213203e-10,0.05595639656,0.054,0.0,0.0,0.029689010035787528,0.8799802363185849,6.245452622168185e-09,1.3738359359304155e-16,2.1404924875359836e-21,0.06599423194692255,0.0,3.951730875256453e-05,1.4959516310127573e-06,2.5281410672044077e-06,3.749632286675391e-06,5.188877957191607e-07,3.63210602695881e-09,1.0361811821642927e-10,3.5084536971458635e-09,1.7029527335154727e-11,5.587024041151288e-11,1.844284690810076e-15,3.328860557162041e-15,4.41077790647028e-49,9.876197795632899e-21
3.1545228358360553e-10,0.05595639656,0.054,0.0,0.0,0.029688578406578348,0.8799800433263371,6.4307534750066284e-09,1.471888512813923e-16,2.244917203936438e-21,0.06599419378678803,0.0,3.990305807688383e-05,1.4924230985279688e-06,2.535812925456539e-06,3.78555216745856e-06,5.245732341906797e-07,3.6768242094240536e-09,1.0622293318056015e-10,3.589253173208477e-09,1.7598830301606132e-11,5.784858557293811e-11,1.949947631893028e-15,3.5366224081256423e-15,4.694589390720106e-49,1.0070398950602635e-20
3.1850761994589077e-10,0.05595639656,0.054,0.0,0.0,0.029688146902993602,0.8799798503397421,6.61961674121374e-09,1.575557477043231e-16,2.353013953401033e-21,0.06599415569205053,0.0,4.02887923525741e-05,1.4889101223260854e-06,2.543439466877495e-06,3.821418249992328e-06,5.302307912285541e-07,3.721631487866088e-09,1.0886544409535309e-10,3.6707257167005707e-09,1.8179421934862727e-11,5.986890068245608e-11,2.0601475563276452e-15,3.7542343223572815e-15,5.211924579695742e-49,1.0266483230528856e-20
3.21562956308176e-10,0.05595639656,0.054,0.0,0.0,0.029687715522778203,0.8799796573587987,6.812078240019707e-09,1.6850842802737638e-16,2.46486004746399e-21,0.06599411766151068,0.0,4.067451154732238e-05,1.4854134960997085e-06,2.5510217797887775e-06,3.85723075329422e-06,5.358606609337992e-07,3.766527291472197e-09,1.1154581558657259e-10,3.752863627393086e-09,1.8771362008853887e-11,6.193143318658092e-11,2.1750122467599173e-15,3.982009763863155e-15,5.924982398881444e-49,1.046445039759388e-20
3.2461829267046125e-10,0.05595639656,0.054,0.0,0.0,0.029687284263803484,0.879979464383505,7.008173888878694e-09,1.8007171994940877e-16,2.580533248681948e-21,0.0659940796940321,0.0,4.106021562869841e-05,1.481933940570625e-06,2.5585608893824424e-06,3.8929899012916025e-06,5.414630422122461e-07,3.811511019139828e-09,1.1426420916614209e-10,3.835659340175479e-09,1.9374709436009845e-11,6.403642681857376e-11,2.2946710677318072e-15,4.220266875859048e-15,6.220353472295918e-49,1.0664300213296323e-20
3.276736290327465e-10,0.05595639656,0.054,0.0,0.0,0.02968685312405941,0.8799792714138593,7.207939699307336e-09,1.9227114223786217e-16,2.7001117639104125e-21,0.06599404178853786,0.0,4.144590456416011e-05,1.4784721085498264e-06,2.5660577616078883e-06,3.9286959222267105e-06,5.470381381876314e-07,3.856582041050452e-09,1.1702078320556177e-10,3.9191054228070825e-09,1.9989522344147278e-11,6.618412169575881e-11,2.4192549537841842e-15,4.4693284494671385e-15,6.7123267233578946e-49,1.0866032438448262e-20
3.3072896539503173e-10,0.05595639656,0.054,0.0,0.0,0.02968642210164729,0.87997907844986,7.4114117727648996e-09,2.0513291320059315e-16,2.8236742377666235e-21,0.06599400394400647,0.0,4.18315783210592e-05,1.4750285896705557e-06,2.5735133068201776e-06,3.964349048106357e-06,5.525861556590313e-07,3.9017397002001104e-09,1.198156929136248e-10,4.0031945737114486e-09,2.0615858060764874e-11,6.837475442827236e-11,2.548896397628849e-15,4.7295218922803445e-15,7.871345929858715e-49,1.1069646833173996e-20
3.3378430175731697e-10,0.05595639656,0.054,0.0,0.0,0.02968599119477291,0.8799788854915057,7.61862629657636e-09,2.1868395909446042e-16,2.951299746276746e-21,0.06599396615946869,0.0,4.221723686664652e-05,1.4716039148144809e-06,2.580928383204018e-06,3.999949514193358e-06,5.581073045996226e-07,3.946983313886306e-09,1.2264909031769295e-10,4.0879196197462165e-09,2.1253773097302468e-11,7.060855822412731e-11,2.683729438403415e-15,5.001179196821907e-15,8.286460151875744e-49,1.1275143156913821e-20
3.368396381196022e-10,0.05595639656,0.054,0.0,0.0,0.029685560401740176,0.8799786925387946,7.829619539902039e-09,2.329519224709648e-16,3.0830677907062653e-21,0.06599392843400428,0.0,4.260288016807709e-05,1.4681985602500425e-06,2.588303799986809e-06,4.035497558536794e-06,5.636017976939463e-07,3.992312175148867e-09,1.2552112424863708e-10,4.17327351388292e-09,2.1903323223594376e-11,7.288576297474502e-11,2.823889649942494e-15,5.284636908930813e-15,8.447586231549795e-49,1.148252116842435e-20
3.3989497448188745e-10,0.05595639656,0.054,0.0,0.0,0.02968512972094498,0.8799784995917251,8.044427849754611e-09,2.4796517045917305e-16,3.2190582915585637e-21,0.06599389076673903,0.0,4.2988508192415066e-05,1.4648129515008396e-06,2.5956403204533387e-06,4.070993421538473e-06,5.690698499110276e-07,4.037725554164835e-09,1.2843194032885108e-10,4.259249332914909e-09,2.256456349968582e-11,7.520659534358773e-11,2.9695141290899042e-15,5.580236096096174e-15,1.0242199718707159e-48,1.1691780625775577e-20
3.429503108441727e-10,0.05595639656,0.054,0.0,0.0,0.02968469915086967,0.8799783066502959,8.263087647066063e-09,2.6375280298614424e-16,3.3593515827327246e-21,0.06599385315684177,0.0,4.3374120906638564e-05,1.461447466960924e-06,2.6029386647741104e-06,4.106437345553086e-06,5.745116781108811e-07,4.08322269959606e-09,1.313816809633843e-10,4.345840275224142e-09,2.3237548235244833e-11,7.757127886389338e-11,3.120741484118127e-15,5.8883223157596665e-15,1.1210733206910871e-48,1.1902921286352759e-20
3.460056472064579e-10,0.05595639656,0.054,0.0,0.0,0.02968426869007765,0.8799781137145052,8.485635422805024e-09,2.803446609351951e-16,3.50402840584349e-21,0.06599381560352204,0.0,4.375971827764443e-05,1.458102441272852e-06,2.6101995126584753e-06,4.141829574519769e-06,5.799275006820816e-07,4.128802839889897e-09,1.3437048533371417e-10,4.433039658492206e-09,2.3922331022334308e-11,7.998003402065469e-11,3.2777118232060067e-15,6.209245583610335e-15,1.0453804533705396e-48,1.2115942906859612e-20
3.4906098356874316e-10,0.05595639656,0.054,0.0,0.0,0.029683838337208432,0.8799779207843516,8.7121077341462e-09,2.977713342423508e-16,3.653169904695594e-21,0.06599377810602722,0.0,4.414530027225252e-05,1.4547781684834121e-06,2.6174235058432367e-06,4.177170353622816e-06,5.853175372082396e-07,4.174465184532394e-09,1.3739848939415325e-10,4.52084091739156e-09,2.4618964805439008e-11,8.243307832247061e-11,3.4405667429360192e-15,6.543360341894065e-15,1.2806391542892533e-48,1.2330845243316426e-20
3.521163199310284e-10,0.05595639656,0.054,0.0,0.0,0.02968340809097301,0.8799777278598339,8.942541200692018e-09,3.160641699312406e-16,3.806857619898426e-21,0.06599374066364055,0.0,4.453086685721036e-05,1.4514749049910527e-06,2.6246112504266786e-06,4.212459928979615e-06,5.9068200816136e-07,4.220208925254702e-09,1.404658258705012e-10,4.609237601367939e-09,2.5327501860087192e-11,8.493062638585596e-11,3.609449316886103e-15,6.891025427751643e-15,1.5476351737670473e-48,1.2547628051059177e-20
3.5517165629331364e-10,0.05595639656,0.054,0.0,0.0,0.029682977950149413,0.8799775349409503,9.176972500747526e-09,3.3525528008677165e-16,3.965173483621084e-21,0.0659937032756788,0.0,4.4916417999197275e-05,1.4481928722981922e-06,2.631763319057448e-06,4.247698547353819e-06,5.960211346201916e-07,4.266033237192648e-09,1.4357262426091173e-10,4.698223372439484e-09,2.6047993774163794e-11,8.747289001658328e-11,3.784504084327914e-15,7.252604041602089e-15,1.3036834028566654e-48,1.276629108474334e-20
3.582269926555989e-10,0.05595639656,0.054,0.0,0.0,0.029682547913578654,0.8799773420276996,9.415438367648395e-09,3.553775497680071e-16,4.128199814488498e-21,0.0659936659414901,0.0,4.5301953664828604e-05,1.444932259580794e-06,2.638880252987159e-06,4.282886455892001e-06,6.013351380118047e-07,4.31193728000039e-09,1.467190108386562e-10,4.787792002945996e-09,2.6780491517462736e-11,9.006007827288186e-11,3.9658770389540495e-15,7.62846371559197e-15,1.4875696083356575e-48,1.2986834098344803e-20
3.612823290178841e-10,0.05595639656,0.054,0.0,0.0,0.029682117980160874,0.87997714912008,9.657975586142467e-09,3.764646448605911e-16,4.296019312605497e-21,0.0659936286604523,0.0,4.568747382065968e-05,1.4416932260868436e-06,2.645962563995065e-06,4.318023901882162e-06,6.066242398747512e-07,4.357920198918524e-09,1.4990510865673273e-10,4.877937373361056e-09,2.7525045467353854e-11,9.269239753302569e-11,4.153715617663286e-15,8.018976282123964e-15,2.1583720806975534e-48,1.3209256845157673e-20
3.673930017424546e-10,0.05595639656,0.054,0.0,0.0,0.029681258418659397,0.8799767633217295,1.0155411452734117e-08,4.216719255378107e-16,4.646370489631578e-21,0.0659935542554779,0.0,4.645846746886626e-05,1.435280397114341e-06,2.6600252274999587e-06,4.3881483948051365e-06,6.171286244797025e-07,4.450119179942632e-09,1.5639691417307424e-10,5.059934383893769e-09,2.9050520348303973e-11,9.809324162259554e-11,4.549386544696692e-15,8.845468735699998e-15,1.0813623003401369e-48,1.3659740548200035e-20
3.7289260719456803e-10,0.05595639656,0.054,0.0,0.0,0.029680485156145124,0.879976416122459,1.0617397707423507e-08,4.660121783927742e-16,4.978916470025098e-21,0.06599348746707914,0.0,4.7152308372128924e-05,1.4295837127311978e-06,2.6725678063946872e-06,4.451090332791968e-06,6.264996248863873e-07,4.533359184059324e-09,1.6237652034740313e-10,5.22564489210329e-09,3.0465172870049995e-11,1.0311036733007548e-10,4.929111058578025e-15,9.643241997046477e-15,1.693864608576527e-48,1.4071602079678354e-20
3.7839221264668146e-10,0.05595639656,0.054,0.0,0.0,0.029679712213083805,0.8799760689414124,1.1093149195828518e-08,5.140385435463521e-16,5.328295398946618e-21,0.06599342084238484,0.0,4.784609850117362e-05,1.4239582760127539e-06,2.685004999096725e-06,4.513872602821726e-06,6.357933736596975e-07,4.616840900109584e-09,1.6848655824602088e-10,5.393133586471869e-09,3.191964367022712e-11,1.0827681177030663e-10,5.332141929918687e-15,1.0494466606686197e-14,-5.4603044368364914e-48,1.4489550079017818e-20
3.838918180987949e-10,0.05595639656,0.054,0.0,0.0,0.02967893958477192,0.8799757217785819,1.1582881848250639e-08,5.659766073405265e-16,5.695002764473537e-21,0.06599335437862273,0.0,4.8539837659280024e-05,1.418404196249414e-06,2.697338938110749e-06,4.576496627053803e-06,6.450111422373375e-07,4.70055894779624e-09,1.747276305465402e-10,5.562368413211331e-09,3.3414205923067255e-11,1.1359369015285417e-10,5.7593897498164044e-15,1.1401462471969578e-14,1.8819633945744788e-47,1.491358308296395e-20
3.893914235509083e-10,0.05595639656,0.054,0.0,0.0,0.029678167266894883,0.8799753746339593,1.2086811865112649e-08,6.220607581562217e-16,6.0795377040072515e-21,0.0659932880732156,0.0,4.923352564939237e-05,1.4129214099364672e-06,2.7095715624629876e-06,4.63896381610337e-06,6.541541904927358e-07,4.7845078615502445e-09,1.8110030653160655e-10,5.733318291888879e-09,3.4949127055958064e-11,1.1906209441392405e-10,6.211779396511867e-15,1.2366592174146856e-14,-4.135139502193711e-47,1.5343699621231407e-20
3.9489102900302175e-10,0.05595639656,0.054,0.0,0.0,0.029677395255484233,0.8799750275075372,1.2605155655596112e-08,6.825343251964603e-16,6.4824029280856495e-21,0.06599322192375982,0.0,4.992716227417839e-05,1.4075097062869122e-06,2.7217046390770865e-06,4.701275566915764e-06,6.632237646659576e-07,4.868682108933661e-09,1.876051220355305e-10,5.905953079257164e-09,3.6524669640270055e-11,1.246830940924304e-10,6.690249837106958e-15,1.339226039726864e-14,1.3546200074169235e-46,1.5779898216484388e-20
4.003906344551352e-10,0.05595639656,0.054,0.0,0.0,0.02967662354687794,0.879974680399308,1.3138129778616814e-08,7.476497160603354e-16,6.90410464592899e-21,0.06599315592800568,0.0,5.0620747336084876e-05,1.4021687508889859e-06,2.733739782644244e-06,4.763433260822323e-06,6.722210954709346e-07,4.95307610868811e-09,1.9424258146193974e-10,6.0802435363588135e-09,3.8141090583171055e-11,1.3045773742891624e-10,7.19575393093846e-15,1.4480913360658268e-14,-3.7410319635378015e-46,1.6222177384411104e-20
4.058902399072486e-10,0.05595639656,0.054,0.0,0.0,0.029675852137688877,0.8799743333092639,1.3685950889504097e-08,8.176685515825731e-16,7.345152495978297e-21,0.06599309008384165,0.0,5.131428063739549e-05,1.396898103989716e-06,2.7456784714030786e-06,4.825438262243262e-06,6.811473968402102e-07,5.0376842367490915e-09,2.010131585005666e-10,6.2561612952460665e-09,3.979864304117238e-11,1.363870519423642e-10,7.729258240420124e-15,1.563503825821865e-14,1.0885389003079063e-45,1.667053563368605e-20
4.1138984535936205e-10,0.05595639656,0.054,0.0,0.0,0.029675081024780666,0.8799739862373976,1.424883568766038e-08,8.92861797466229e-16,7.806059481634401e-21,0.0659930243892824,0.0,5.2007761980296336e-05,1.391697233777805e-06,2.757522059204356e-06,4.887291918033813e-06,6.900038653067742e-07,5.122500827281767e-09,2.0791729344232361e-10,6.433678830125718e-09,4.149757374693346e-11,1.4247204568196666e-10,8.291742844837374e-15,1.6857162709340952e-14,-3.106499100847469e-45,1.7124971466110304e-20
4.168894508114755e-10,0.05595639656,0.054,0.0,0.0,0.02967431020524343,0.8799736391837021,1.4827000858209563e-08,9.735098944362174e-16,8.287341909097996e-21,0.06599295884245683,0.0,5.2701191166928264e-05,1.3865655297981521e-06,2.769271787660467e-06,4.948995556807507e-06,6.987916793642201e-07,5.207520185067712e-09,2.1495539277925152e-10,6.612769422366571e-09,4.323812781500962e-11,1.4871370725314392e-10,8.88420115723334e-15,1.8149854219227902e-14,8.943817473447507e-45,1.7585483376506646e-20
4.235652913594689e-10,0.05595639656,0.054,0.0,0.0,0.029673374916007998,0.8799732179278614,1.55496656637734e-08,1.079154575332003e-15,8.899685540422213e-21,0.0659928794726857,0.0,5.354285803445705e-05,1.3804282416719987e-06,2.78341002607808e-06,5.0236964468873304e-06,7.093684156200322e-07,5.310987411988423e-09,2.2367932347135639e-10,6.832239663061632e-09,4.5407215630513197e-11,1.5650222069918433e-10,9.645097414144078e-15,1.9817597239078085e-14,1.1056809000761522e-44,1.8152650019675324e-20
4.302411319074623e-10,0.05595639656,0.054,0.0,0.0,0.029672440050564495,0.8799727966987712,1.6295552413032865e-08,1.1938029899337476e-15,9.543753585644517e-21,0.06599280031500239,0.0,5.4384447404619645e-05,1.3743905744124369e-06,2.797413517041854e-06,5.09818051747963e-06,7.198477314492062e-07,5.4147347989052065e-09,2.326018236586973e-10,7.053944724902111e-09,4.7638403082267906e-11,1.6452471501847116e-10,1.0453469726144725e-14,2.1597903417538476e-14,-1.5741970482136342e-44,1.8728764790711296e-20
4.362493884006563e-10,0.05595639656,0.054,0.0,0.0,0.029671599030563118,0.8799724176154508,1.6987024975984422e-08,1.3051467754257927e-15,1.015131788438576e-20,0.06599272925209,0.0,5.514181128530799e-05,1.3690407022398234e-06,2.8099028615508887e-06,5.1650326676973806e-06,7.291974679612578e-07,5.508338533753274e-09,2.4080230613803495e-10,7.25535420376421e-09,4.969990976084599e-11,1.719463902216915e-10,1.122312836877906e-14,2.330040447468144e-14,9.675707344197991e-48,1.925491647562226e-20
4.4225764489385033e-10,0.05595639656,0.054,0.0,0.0,0.029670758347641477,0.8799720385537786,1.7697902307920937e-08,1.4246595320405203e-15,1.078603367841322e-20,0.06599265835673825,0.0,5.589911184928312e-05,1.3637693350600883e-06,2.8222855800000464e-06,5.231712639724592e-06,7.384713292173578e-07,5.602153469009393e-09,2.49164430289869e-10,7.458508220510884e-09,5.181234554832376e-11,1.7956012908997444e-10,1.2034114033444283e-14,2.510155880718053e-14,1.1054170870304616e-47,1.9788311928448233e-20
4.4826590138704435e-10,0.05595639656,0.054,0.0,0.0,0.029669917999159454,0.8799716595137451,1.8428465655314895e-08,1.5527787337838634e-15,1.1448596758349347e-20,0.0659925876270923,0.0,5.665634883938791e-05,1.3585753758920184e-06,2.8345627216667828e-06,5.298222020339224e-06,7.476707083859806e-07,5.696172175811081e-09,2.5768850940609026e-10,7.663377179188223e-09,5.3975997851334946e-11,1.8736710006552928e-10,1.2887814595603145e-14,2.7004991202093488e-14,1.233548852063971e-47,2.032894913738126e-20
4.5427415788023837e-10,0.05595639656,0.054,0.0,0.0,0.029669077982635045,0.8799712804953413,1.9178995787541434e-08,1.6899565258536037e-15,1.2139707095680677e-20,0.06599251706137814,0.0,5.7413521998850585e-05,1.3534577038781055e-06,2.846735258244304e-06,5.364562367109926e-06,7.567969699425246e-07,5.790387249846281e-09,2.663748159807202e-10,7.86993239676535e-09,5.6191151183567e-11,1.9536845037886675e-10,1.3785635298567342e-14,2.901437842309138e-14,1.3930659215707818e-47,2.0876826081103764e-20
4.602824143734324e-10,0.05595639656,0.054,0.0,0.0,0.029668238295728136,0.8799709014985583,1.9949772929653616e-08,1.8366599087430895e-15,1.2860068768528022e-20,0.0659924466578948,0.0,5.817063107135775e-05,1.3484151820011853e-06,2.8588040919468725e-06,5.430735208550175e-06,7.658514498459352e-07,5.884791315079063e-09,2.7522358124168886e-10,8.078146072305394e-09,5.845808459246903e-11,2.0356530737138133e-10,1.472899850665459e-14,3.1133448461027333e-14,1.561303001433475e-47,2.1431940728906368e-20
4.662906708666264e-10,0.05595639656,0.054,0.0,0.0,0.0296673989362271,0.8799705225233866,2.074107669510641e-08,1.993370919209941e-15,1.3610389891422346e-20,0.06599237641500738,0.0,5.892767580112098e-05,1.3434466630785046e-06,2.8707700622318966e-06,5.496742044445075e-06,7.748354558845857e-07,5.979377029668722e-09,2.842349954947189e-10,8.287991255327125e-09,6.077707194327419e-11,2.119587792918768e-10,1.571934346435952e-14,3.336597980251704e-14,1.7489179449389197e-47,2.199429104077334e-20
4.722989273598204e-10,0.05595639656,0.054,0.0,0.0,0.029666559902036378,0.8799701435698177,2.1553186019126918e-08,2.1605868087248557e-15,1.4391382547810865e-20,0.0659923063311412,0.0,5.968465593294042e-05,1.3385509952184407e-06,2.8826339520236865e-06,5.562584346198832e-06,7.837502680410523e-07,6.074137091991789e-09,2.9340920923868827e-10,8.499441814721284e-09,6.314838324292225e-11,2.205499558826636e-10,1.6758126059431246e-14,3.571580071423392e-14,1.955244684160985e-47,2.2563874967432572e-20
4.783071838530145e-10,0.05595639656,0.054,0.0,0.0,0.02966572119116477,0.8799697646378424,2.2386379094310267e-08,2.3388202197008375e-15,1.520376272473486e-20,0.06599223640477578,0.0,6.044157121226978e-05,1.3337270268924922e-06,2.8943964935551213e-06,5.6282635571840906e-06,7.925971388569283e-07,6.169064244506425e-09,3.027463338787485e-10,8.712472410367939e-09,6.557228436946544e-11,2.293399092122528e-10,1.7846818592162777e-14,3.8186788541123874e-14,2.1820639371300108e-47,2.314069045043983e-20
4.843154403462085e-10,0.05595639656,0.054,0.0,0.0,0.029664882801715163,0.879969385727452,2.324093330835822e-08,2.528599359388146e-15,1.6048250250101723e-20,0.06599216663444005,0.0,6.119842138528014e-05,1.3289736112068094e-06,2.9060583735212722e-06,5.693781093148797e-06,8.01377293852879e-07,6.264151276546219e-09,3.122464418717532e-10,8.927058465998503e-09,6.804903693724839e-11,2.383296944627197e-10,1.8986909551736064e-14,4.0782869019451756e-14,2.4310354146466627e-47,2.3724735422272158e-20
4.903236968394025e-10,0.05595639656,0.054,0.0,0.0,0.029664044731875776,0.8799690068386375,2.4117125182918214e-08,2.7304681713030277e-15,1.69255687328027e-20,0.06599209701870787,0.0,6.195520619892129e-05,1.324289609245752e-06,2.917620237454989e-06,5.759138342699934e-06,8.10091932023221e-07,6.3593910274749064e-09,3.219095670389848e-10,9.143176142856761e-09,7.05788987684629e-11,2.4752035057843727e-10,2.017990339775691e-14,4.350801560615283e-14,2.703923191740558e-47,2.4316007806405825e-20
4.963319533325965e-10,0.05595639656,0.054,0.0,0.0,0.02966320697991262,0.8799686279713903,2.501523031324119e-08,2.944986504256521e-15,1.7836445505433122e-20,0.0659920275561943,0.0,6.271192540098135e-05,1.3196738927588405e-06,2.9290826935320047e-06,5.824336667831477e-06,8.187422263729631e-07,6.454776389790444e-09,3.317357052556677e-10,9.360802314807847e-09,7.316212407313893e-11,2.5691290093086324e-10,2.1427320346941537e-14,4.636624882449719e-14,3.0026005103388544e-47,2.491450551740057e-20
5.023402098257905e-10,0.05595639656,0.054,0.0,0.0,0.02966236954416255,0.8799682491257015,2.5935523309114078e-08,3.1727302791433706e-15,1.8781611569327493e-20,0.06599195824555228,0.0,6.346857874014623e-05,1.3151253464625011e-06,2.9404463160121783e-06,5.889377404463503e-06,8.273293244646633e-07,6.550300311363518e-09,3.4172481507261025e-10,9.579914544692907e-09,7.579896347084617e-11,2.665083539894214e-10,2.273069616599138e-14,4.936163562532498e-14,3.3290545910601014e-47,2.5520226460994043e-20
5.083484663189846e-10,0.05595639656,0.054,0.0,0.0,0.0296615324230271,0.8799678703015626,2.68782777372368e-08,3.4142916535920204e-15,1.976180154181174e-20,0.06599188908546966,0.0,6.422516596605794e-05,1.3106428700081977e-06,2.951711648358777e-06,5.954261862987688e-06,8.358543489703984e-07,6.645955797002235e-09,3.518768180764926e-10,9.80049106159995e-09,7.848966418253328e-11,2.763077039437683e-10,2.409158197043239e-14,5.249828876366371e-14,3.6853916052116795e-47,2.6133168534193992e-20
5.143567228121786e-10,0.05595639656,0.054,0.0,0.0,0.029660695614966946,0.8799674914989648,2.784376606474155e-08,3.6702791845033185e-15,2.077775360567387e-20,0.06599182007466638,0.0,6.498168682937157e-05,1.306225379567688e-06,2.962879206002382e-06,6.018991328827398e-06,8.443183982370882e-07,6.741735909921673e-09,3.621915992465675e-10,1.0022510739151919e-08,8.123447021795502e-11,2.8631193130287867e-10,2.5511544028946238e-14,5.578036619106105e-14,4.0738417730091135e-47,2.6753329625370873e-20
5.203649793053726e-10,0.05595639656,0.054,0.0,0.0,0.029659859118497067,0.8799671127178996,2.8832259603642228e-08,3.9413179885036455e-15,2.183020946082559e-20,0.06599175121189212,0.0,6.573814108181122e-05,1.3018718090499378e-06,2.9739494787638477e-06,6.083567063012302e-06,8.527225468651753e-07,6.837633773174883e-09,3.726690074645024e-10,1.0245953074821173e-08,8.403362248501748e-11,2.965220034844387e-10,2.699216357329693e-14,5.921207046383076e-14,4.496764595148262e-47,2.7380707614356004e-20
5.263732357985666e-10,0.05595639656,0.054,0.0,0.0,0.0296590229321825,0.8799667339583582,2.984402845629284e-08,4.228049900374096e-15,2.291991427806392e-20,0.06599168249592446,0.0,6.649452847622482e-05,1.2975811110350964e-06,2.9849229330036326e-06,6.147990302758164e-06,8.610678462914939e-07,6.9336425707655186e-09,3.833088560359343e-10,1.047079817013087e-08,8.688735892067943e-11,3.0693887538047943e-10,2.853503661393224e-14,6.279764816707684e-14,4.956654218475584e-47,2.801530037254196e-20
5.323814922917606e-10,0.05595639656,0.054,0.0,0.0,0.02965818705463444,0.8799663552203325,3.087934146192831e-08,4.531133629533203e-15,2.4047616654826985e-20,0.06599161392556659,0.0,6.725084876663823e-05,1.2933522574999577e-06,2.9958000135562848e-06,6.212262262043849e-06,8.693553253685163e-07,7.029755548383688e-09,3.941109231080252e-10,1.069702671169317e-08,8.979591463879552e-11,3.1756348990150303e-10,3.014177376118563e-14,6.654138935429583e-14,5.456144937097264e-47,2.865710576298392e-20
5.383897487849547e-10,0.05595639656,0.054,0.0,0.0,0.02965735148450679,0.8799659765038136,3.1938466144196415e-08,4.851244914638929e-15,2.5214068572874213e-20,0.0659915454996461,0.0,6.80071017083083e-05,1.2891842403618157e-06,3.006581145473158e-06,6.276384132183647e-06,8.775859909381995e-07,7.125966013948136e-09,4.05074952057612e-10,1.0924619953068942e-08,9.275952205552947e-11,3.2839677850658574e-10,3.181400005205104e-14,7.044762700249983e-14,5.998016830219819e-47,2.930612164050372e-20
5.443980052781487e-10,0.05595639656,0.054,0.0,0.0,0.029656516220493076,0.879965597808793,3.3021668659578425e-08,5.18907667636234e-15,2.6420025357848256e-20,0.06599147721701311,0.0,6.876328705777526e-05,1.285076071848454e-06,3.0172667355819354e-06,6.3403570823954545e-06,8.857608284009653e-07,7.222267338070689e-09,4.162006519322135e-10,1.115355969739359e-08,9.577841100850919e-11,3.394396617170879e-10,3.355335478246641e-14,7.45207364828803e-14,6.585201538005225e-47,2.996234585179696e-20
5.504062617713427e-10,0.05595639656,0.054,0.0,0.0,0.029655681261323636,0.8799652191352629,3.412921374669692e-08,5.545339168385015e-15,2.766624564066894e-20,0.06599140907653922,0.0,6.951940457291366e-05,1.281026784714156e-06,3.0278571738805257e-06,6.404182260363504e-06,8.938808022786315e-07,7.318652954401808e-09,4.2748769790795754e-10,1.1383828280721387e-08,9.885280888058487e-11,3.50693049612498e-10,3.536149134501708e-14,7.876513504695968e-14,7.220788176725707e-47,3.062577623554151e-20
5.624227747577308e-10,0.05595639656,0.054,0.0,0.0,0.029654012252609087,0.879964461852639,3.6418383205649715e-08,6.3160849128249446e-15,3.0282527535114073e-20,0.06599127321765502,0.0,7.103143513867538e-05,1.273101088430914e-06,3.048754077979173e-06,6.531393785927928e-06,9.099599162600572e-07,7.511651113780228e-09,4.50544361923521e-10,1.1848283879716791e-08,1.0516902935230051e-10,3.738349304192003e-10,3.9190793099643473e-14,8.778567489880632e-14,8.650347572428365e-47,3.197424683567442e-20
5.7323763644548e-10,0.05595639656,0.054,0.0,0.0,0.029652511175267432,0.8799637803716893,3.856451240069182e-08,7.080274570082065e-15,3.278255939747064e-20,0.06599115141992072,0.0,7.239202825454223e-05,1.2661600542066642e-06,3.0672394821633345e-06,6.645389869908822e-06,9.242527533329158e-07,7.685573156796643e-09,4.718432256207099e-10,1.2270671704410753e-08,1.1104570321650212e-10,3.9539148202745716e-10,4.2889268576519454e-14,9.653512349387655e-14,1.013691684069539e-46,3.321249364299987e-20
5.840524981332293e-10,0.05595639656,0.054,0.0,0.0,0.02965101106731939,0.8799630989602378,4.079355876596262e-08,7.916033484372622e-15,3.542499057656663e-20,0.06599103006609504,0.0,7.375239788788472e-05,1.2593956916120867e-06,3.085422011276773e-06,6.758924093878655e-06,9.383819357626294e-07,7.859669074462502e-09,4.936582944865719e-10,1.2697112994400105e-08,1.1710566207715903e-10,4.176437945213261e-10,4.683693903846962e-14,1.0591010891635789e-13,1.1836203063484124e-46,3.4474054481683726e-20
5.948673598209785e-10,0.05595639656,0.054,0.0,0.0,0.029649511922413184,0.8799624176182363,4.310700862372512e-08,8.828149892110928e-15,3.8214360452742524e-20,0.0659909091502375,0.0,7.511254268133113e-05,1.252803094674881e-06,3.103303471870652e-06,6.872002443081987e-06,9.523524041328476e-07,8.033902851161488e-09,5.159865036808255e-10,1.3127522041788452e-08,1.2335015790160234e-10,4.405968580248563e-10,5.10439373455656e-14,1.1593784473656682e-13,1.377274825963394e-46,3.575891647211002e-20
6.056822215087278e-10,0.05595639656,0.054,0.0,0.0,0.0296480137344372,0.8799617363456375,4.55063296615545e-08,9.821605478136407e-15,4.11552405982806e-20,0.06599078866656319,0.0,7.647246129532076e-05,1.2463775603279616e-06,3.1208855677367326e-06,6.98463071797211e-06,9.661689209815753e-07,8.208239123413911e-09,5.388244654905909e-10,1.3561817617304743e-08,1.2978042535981813e-10,4.642555877622525e-10,5.552053323284576e-14,1.2664594842753314e-13,1.5973269184075922e-46,3.70670666598942e-20
6.16497083196477e-10,0.05595639656,0.054,0.0,0.0,0.029646516497497232,0.8799610551423931,4.799297011178701e-08,1.0901577976804363e-14,4.425223431270497e-20,0.06599066860943231,0.0,7.783215240893662e-05,1.2401145816602008e-06,3.1381699114564844e-06,7.096814542914757e-06,9.798360794506802e-07,8.382643172552531e-09,5.621684768171456e-10,1.3999922749984375e-08,1.363976835914738e-10,4.886248312550577e-10,6.027713112558941e-14,1.3806243417584383e-13,1.8466793685155974e-46,3.839849201827638e-20
6.273119448842263e-10,0.05595639656,0.054,0.0,0.0,0.029645020205896766,0.8799603740084563,5.056835795672063e-08,1.2073443731638665e-14,4.750997620442179e-20,0.06599054897334132,0.0,7.919161472071087e-05,1.234009840543051e-06,3.155158034426505e-06,7.2085593744523394e-06,9.933583114900598e-07,8.557080917310167e-09,5.860145266892847e-10,1.444176452155365e-08,1.432031378477125e-10,5.137093751372158e-10,6.532426811981464e-14,1.5021570618213328e-13,2.1284803388758072e-46,3.975317945058867e-20
6.381268065719756e-10,0.05595639656,0.054,0.0,0.0,0.029643524854119672,0.8799596929437802,5.323390015864589e-08,1.3342780217519414e-14,5.0933131815203925e-20,0.06599042975291529,0.0,8.055084694940515e-05,1.2280591998674408e-06,3.1718513956480624e-06,7.3198705091548415e-06,1.0067398956442217e-06,8.73151890538481e-09,6.103583038844439e-10,1.4887273873859535e-08,1.5019798107103253e-10,5.395139516039563e-10,7.067261212508372e-14,1.631345524306037e-13,2.4461380284008854e-46,4.1131115792761917e-20
6.489416682597248e-10,0.05595639656,0.054,0.0,0.0,0.029642030436815153,0.8799590119483183,5.599098191515844e-08,1.471536852721545e-14,5.452639728655274e-20,0.06599031094290117,0.0,8.190984783476513e-05,1.2222586955510018e-06,3.1882513894356513e-06,7.430753091055466e-06,1.0199849644199446e-06,8.905924304404983e-09,6.351952044379514e-10,1.5336385428779638e-08,1.5738339541800011e-10,5.660432445328734e-10,7.633296016917122e-14,1.7684813892840544e-13,2.8033358720953235e-46,4.2532287815885777e-20
6.597565299474741e-10,0.05595639656,0.054,0.0,0.0,0.029640536948784216,0.8799583310220237,5.884096593893873e-08,1.6197195826233812e-14,5.829449906491942e-20,0.065990192538162,0.0,8.326861613824973e-05,1.2166045285612119e-06,3.2043593523244307e-06,7.541212118688349e-06,1.0330975112536776e-06,9.080264892780106e-09,6.605203391048312e-10,1.5789037319234646e-08,1.6476055367985758e-10,5.933018953305642e-10,8.231623685905608e-14,1.9138600439923619e-13,3.20404845439662e-46,4.3956682228837167e-20
6.705713916352233e-10,0.05595639656,0.054,0.0,0.0,0.02963904438496743,0.8799576501648505,6.178519176167611e-08,1.779445777911028e-14,6.22421936438982e-20,0.06599007453367156,0.0,8.462715064373519e-05,1.2110930570975742e-06,3.220176569346974e-06,7.651252451742626e-06,1.0460813970936789e-06,9.25450905075765e-09,6.863285408917829e-10,1.6245171030356694e-08,1.7233062064014247e-10,6.212945085076499e-10,8.863349299292147e-14,2.0677805542089229e-13,3.652557809782364e-46,4.540428568094373e-20
6.813862533229726e-10,0.05595639656,0.054,0.0,0.0,0.029637552740433733,0.8799569693767527,6.482497506205807e-08,1.951356095015093e-14,6.637426734158143e-20,0.06598995692450972,0.0,8.598545015819423e-05,1.2057207889968966e-06,3.2357042797853174e-06,7.76087881735422e-06,1.0589403566188715e-06,9.42862575153649e-09,7.126143726378416e-10,1.6704731249966636e-08,1.800947543986591e-10,6.500256569825857e-10,9.52959043196314e-14,2.2305456199575001e-13,4.153470252031569e-46,4.687508476468386e-20
6.922011150107219e-10,0.05595639656,0.054,0.0,0.0,0.029636062010370123,0.8799562886576846,6.796160701798219e-08,2.1361125181177882e-14,7.069553611162214e-20,0.06598983970585796,0.0,8.734351351235003e-05,1.2004843743797228e-06,3.250943682452842e-06,7.870095816054268e-06,1.0716780041137039e-06,9.602584552564186e-09,7.393721345666882e-10,1.716766572781682e-08,1.8805410760469205e-10,6.794998871342366e-10,1.0231477044282459e-13,2.4024615354536195e-13,4.711734022527484e-46,4.8369066018448665e-20
7.030159766984711e-10,0.05595639656,0.054,0.0,0.0,0.029634572190072254,0.8799556080076006,7.119635368301934e-08,2.3343985948922784e-14,7.521084538645309e-20,0.06598972287299554,0.0,8.87013395613052e-05,1.1953805985619479e-06,3.2658959405655915e-06,7.978907927392713e-06,1.0842978390178026e-06,9.77635558712148e-09,7.665958718763287e-10,1.763392514296559e-08,1.962098286253405e-10,7.09721723621465e-10,1.0970151386657187e-13,2.5838381532025027e-13,5.332657328666718e-46,4.9886215929336316e-20
7.138308383862204e-10,0.05595639656,0.054,0.0,0.0,0.02963308327493562,0.8799549274264555,7.453045538709655e-08,2.5469196704752386e-14,7.992506995115117e-20,0.0659896064212958,0.0,9.00589271851453e-05,1.1904063752627526e-06,3.280562186267129e-06,8.08731951525403e-06,1.0968032511678043e-06,9.94990955623886e-09,7.942793823913768e-10,1.8103462978647837e-08,2.0456306269875967e-10,7.406956739795725e-10,1.1746767917867863e-13,2.774988852154006e-13,6.021926869305375e-46,5.1426520935965694e-20
7.246457000739696e-10,0.05595639656,0.054,0.0,0.0,0.02963159526044737,0.8799542469142042,7.796512616142437e-08,2.7744031199418872e-14,8.484311384650965e-20,0.06598949034622273,0.0,9.141627528951763e-05,1.185558740130854e-06,3.2949435248627966e-06,8.19533483288255e-06,1.1091975257490991e-06,1.0123217720927182e-08,8.224162242405196e-10,1.857623540412211e-08,2.1311495301575964e-10,7.724262330156861e-10,1.256249323681149e-13,2.9762305098146034e-13,6.785627308168838e-46,5.2989967431341785e-20
7.354605617617189e-10,0.05595639656,0.054,0.0,0.0,0.029630108142178573,0.8799535664708018,8.15015531877025e-08,3.017598579540798e-14,8.996991030001441e-20,0.06598937464332788,0.0,9.277338280618453e-05,1.1808348445920476e-06,3.309041038799977e-06,8.302958027634792e-06,1.1214838479750628e-06,1.0296251894759193e-08,8.509997235473703e-10,1.9052201163000402e-08,2.2186664173083403e-10,8.049178870126062e-10,1.3418506027351013e-13,3.1878834782184574e-13,7.630261154796959e-46,5.45765417657529e-20
7.462754234494682e-10,0.05595639656,0.054,0.0,0.0,0.02962862191577701,0.8799528860962037,8.514089627165944e-08,3.277278176934768e-14,9.531042168351219e-20,0.06598925930824727,0.0,9.413024869355157e-05,1.176231950008738e-06,3.3228557914173486e-06,8.410193145475466e-06,1.1336653075106576e-06,1.046898443683035e-08,8.800229821700563e-10,1.9531321467575393e-08,2.3081927096879268e-10,8.381751177393008e-10,1.4315997015938548e-13,3.410271563665889e-13,8.562769053338289e-46,5.61862302496722e-20
7.570902851372174e-10,0.05595639656,0.054,0.0,0.0,0.029627136576960294,0.8799522057903655,8.8884287341011e-08,3.55423676068655e-14,1.0086963949640658e-19,0.0659891443366988,0.0,9.54868719371707e-05,1.171747422140391e-06,3.3363888304819286e-06,8.517044135232681e-06,1.1457449026560045e-06,1.0641388245099267e-08,9.094788854896929e-10,2.0013559898793e-08,2.3997398378029465e-10,8.722024062868356e-10,1.5256168941678235e-13,3.6437220101407123e-13,9.590551173923201e-46,5.781901915669662e-20
7.679051468249667e-10,0.05595639656,0.054,0.0,0.0,0.02962565212150937,0.879951525553243,9.273282996793081e-08,3.849292129224495e-14,1.0665258437327046e-19,0.06598902972447925,0.0,9.68432515502176e-05,1.1673787258962056e-06,3.349641191532963e-06,8.6235148526267e-06,1.157725544304378e-06,1.0813436750083504e-08,9.393601102243248e-10,2.0498882311520225e-08,2.493319250212678e-10,9.070042367467858e-10,1.6240236538546916e-13,3.888565486318006e-13,1.0721489056531696e-45,5.947489472651793e-20
7.787200085127159e-10,0.05595639656,0.054,0.0,0.0,0.02962416854526246,0.8799508453847918,9.668759891607934e-08,4.1632852595190005e-14,1.12664306114833e-19,0.06598891546746215,0.0,9.819938657394428e-05,1.1631234203713354e-06,3.36261390105021e-06,8.729609064085793e-06,1.1696100596882983e-06,1.0985103908898877e-08,9.696591322665642e-10,2.0987256744699545e-08,2.58894242231796e-10,9.425850997284989e-10,1.7269426529466752e-13,4.145136076074089e-13,1.1963967731602884e-45,6.115384316788648e-20
7.895348702004652e-10,0.05595639656,0.054,0.0,0.0,0.029622685844109143,0.8799501652849686,1.0074963971222491e-07,4.4970805356951674e-14,1.1890988374135538e-19,0.06598880156159509,0.0,9.955527607810588e-05,1.1589791541552629e-06,3.3753079794602543e-06,8.835330450362153e-06,1.181401195926729e-06,1.1156364199637476e-08,1.0003682345585598e-09,2.1478653336096174e-08,2.6866208648668744e-10,9.789494957265549e-10,1.8344977631915187e-13,4.413771272412858e-13,1.3326899122048422e-45,6.28558506615945e-20
8.003497318882145e-10,0.05595639656,0.054,0.0,0.0,0.029621204013984895,0.8799494852537293,1.0491996824250223e-07,4.851565977800619e-14,1.2539442556746138e-19,0.06598868800289766,0.0,0.00010091091916136245,1.1549436608984236e-06,3.387724443990582e-06,8.94068260996014e-06,1.1931016233856735e-06,1.1327192616076764e-08,1.031479514999082e-09,2.1973044241389595e-08,2.7863661316663275e-10,1.016101938356385e-09,1.9468140574818126e-13,4.694811974725571e-13,1.4819745989519136e-45,6.458090336349064e-20
8.111645935759637e-10,0.05595639656,0.054,0.0,0.0,0.029619723050865764,0.8799488052910307,1.091995703733576e-07,5.227653470941543e-14,1.3212306929754238e-19,0.0659885747874591,0.0,0.00010226631495165518,1.1510147551227748e-06,3.3998643113791972e-06,9.045669062388197e-06,1.2047139388636065e-06,1.1497564662701334e-08,1.0629848943694158e-09,2.247040355728159e-08,2.8881898272490654e-10,1.054046957453505e-09,2.0640178126449467e-13,4.988602489303852e-13,1.6452545957925734e-45,6.632898740748069e-20
8.21979455263713e-10,0.05595639656,0.054,0.0,0.0,0.029618242950763405,0.8799481253968295,1.1358940159720307e-07,5.626278994994841e-14,1.391009821409006e-19,0.06598846191143634,0.0,0.00010362146260655726,1.147190328262983e-06,3.4117286004469016e-06,9.150293251245072e-06,1.2162406686123532e-06,1.1667456350016913e-08,1.0948761242763537e-09,2.2970707248377867e-08,2.992103614481626e-10,1.09278910204205e-09,2.186236513303179e-13,5.295490533027416e-13,1.823593701474936e-45,6.810008890852705e-20
8.327943169514622e-10,0.05595639656,0.054,0.0,0.0,0.0296167637097203,0.8799474455710824,1.1809038670278148e-07,6.04840285509962e-14,1.463333609458302e-19,0.06598834937105198,0.0,0.00010497636131359984,1.1434683449258471e-06,3.423318334538994e-06,9.254558547150207e-06,1.227684271203299e-06,1.1836844190138102e-08,1.1271447951156107e-09,2.3473933077672247e-08,3.0981192213928977e-10,1.1323329431930036e-09,2.3135988567812326e-13,5.615827240149671e-13,2.0181183722587393e-45,6.989419396567678e-20
8.436091786392115e-10,0.05595639656,0.054,0.0,0.0,0.029615285323805245,0.8799467658137468,1.2270341947023754e-07,6.495009913126476e-14,1.538254323518874e-19,0.06598823716259232,0.0,0.00010633101029057203,1.1398468393558636e-06,3.4346345438422482e-06,9.358468250527525e-06,1.2390471402482084e-06,1.2005705192633972e-08,1.1597823440494974e-09,2.398006054036624e-08,3.206248447856562e-10,1.172683076768735e-09,2.446234759038181e-13,5.949967172106865e-13,2.2300203221939115e-45,7.171128866507281e-20
8.544240403269608e-10,0.05595639656,0.054,0.0,0.0,0.029613807789109,0.8799460861247799,1.2742936239087628e-07,6.967109820318322e-14,1.615824529596399e-19,0.06598812528240564,0.0,0.00010768540878579637,1.1363239120949051e-06,3.4456782675820158e-06,9.462025594251336e-06,1.250331606983337e-06,1.2174016860614696e-08,1.192780062989817e-09,2.448907080080513e-08,3.3165031724122813e-10,1.2138441260523273e-09,2.5842753615941213e-13,6.298268330279195e-13,2.4605592910727808e-45,7.355135908294417e-20
8.6523890201471e-10,0.05595639656,0.054,0.0,0.0,0.029612331101740264,0.8799454065041389,1.3226904641156903e-07,7.465737251291745e-14,1.6960970951720882e-19,0.06598801372690033,0.0,0.00010903955607837875,1.1328977268243475e-06,3.4564505561035795e-06,9.56523374616245e-06,1.2615399427249475e-06,1.2341757187041662e-08,1.2261291065825138e-09,2.5000946632416576e-08,3.4288953583815005e-10,1.2558207442824182e-09,2.7278530394302766e-13,6.661092171634014e-13,2.7110659111937752e-45,7.541439128861671e-20
8.760537637024593e-10,0.05595639656,0.054,0.0,0.0,0.02961085525782171,0.8799447269517818,1.3722327070374963e-07,7.991952139583299e-14,1.7791251912296096e-19,0.0659879024925433,0.0,0.00011039345147843343,1.1295665073786685e-06,3.4669524728415026e-06,9.668095811462027e-06,1.272674361203776e-06,1.250890465124276e-08,1.2598205001925673e-09,2.551567236044507e-08,3.5434370596914187e-10,1.2986176170939718e-09,2.877101409843836e-13,7.038803627183451e-13,2.9829445141888634e-45,7.730037134750915e-20
8.868686253902085e-10,0.05595639656,0.054,0.0,0.0,0.029609380253486386,0.8799440474676663,1.4229280245692947e-07,8.546839914921076e-14,1.8649622944374193e-19,0.06598779157585834,0.0,0.00011174709432728321,1.126328534920289e-06,3.4771850961805435e-06,9.770614834990296e-06,1.2837370207854809e-06,1.267543821561596e-08,1.2938451478832232e-09,2.603323380727802e-08,3.660140426985036e-10,1.3422394648573853e-09,3.032155342229876e-13,7.431771123191282e-13,3.277676122904579e-45,7.920928532408965e-20
8.976834870779578e-10,0.05595639656,0.054,0.0,0.0,0.02960790608487412,0.8799433680517503,1.474783766966426e-07,9.131511742397678e-14,1.95366218948062e-19,0.06598768097342442,0.0,0.00011310048399763449,1.1231821452660673e-06,3.4871495212114482e-06,9.872793803396562e-06,1.2947300265836446e-06,1.2841337322504472e-08,1.3281938403826313e-09,2.6553618240286176e-08,3.779017713162747e-10,1.3866910449348923e-09,3.1931509687695046e-13,7.840366605065768e-13,3.5968215860751245e-45,8.114111928484003e-20
9.08498348765707e-10,0.05595639656,0.054,0.0,0.0,0.0296064327481283,0.8799426887039924,1.527806961267112e-07,9.747104763716713e-14,2.0452789715367728e-19,0.06598757068187443,0.0,0.00011445361989372806,1.1201257263563379e-06,3.4968468613846374e-06,9.97463564720685e-06,1.3056554324714795e-06,1.3006581891228052e-08,1.362857263033033e-09,2.707681432202738e-08,3.9000812784699835e-10,1.4319771538597556e-09,3.3602256960098855e-13,8.264965563877097e-13,3.9420246020724225e-45,8.30958593012102e-20
9.193132104534563e-10,0.05595639656,0.054,0.0,0.0,0.029604960239392672,0.8799420094243507,1.582004309957018e-07,1.0394782340681188e-13,2.1398670488904354e-19,0.06598746069789357,0.0,0.00011580650145146519,1.1171577158578819e-06,3.5062782500646048e-06,1.0076143242794777e-05,1.3165152429979738e-06,1.3171152315254827e-08,1.3978260037186553e-09,2.760281206261886e-08,4.023343595948289e-10,1.4781026294259863e-09,3.5335182173109107e-13,8.705947065440654e-13,4.315014937957515e-45,8.507349145251886e-20
9.409429338289548e-10,0.05595639656,0.054,0.0,0.0,0.029602017690511857,0.8799406510692503,1.6939466519526615e-07,1.179117719377901e-13,2.3381763051131208e-19,0.06598724163963353,0.0,0.00011851149945430328,1.111480906155205e-06,3.5243478143539805e-06,1.0278166935006536e-05,1.3380458601938156e-06,1.3498194657012246e-08,1.4686413506885824e-09,2.8663179032479727e-08,4.2765149739711566e-10,1.5728912499749827e-09,3.899317932500972e-13,9.638592032137932e-13,5.151727369437623e-45,8.909737653381098e-20
9.604096848669035e-10,0.05595639656,0.054,0.0,0.0,0.02959937218953546,0.8799394287822041,1.7987709287235752e-07,1.3169878183402388e-13,2.527368800281659e-19,0.06598704550685548,0.0,0.00012094512281192431,1.106659401196338e-06,3.539712695111256e-06,1.0458872940678234e-05,1.3572182419721235e-06,1.3790040110354625e-08,1.53332321133657e-09,2.962701678496442e-08,4.512016558408916e-10,1.6611210900451385e-09,4.2512207394534663e-13,1.053787794979145e-12,6.019036137422605e-45,9.279702481904271e-20
9.798764359048521e-10,0.05595639656,0.054,0.0,0.0,0.02959672931106303,0.8799382067152155,1.9074887787655283e-07,1.4671850432839623e-13,2.727049064806132e-19,0.06598685032130039,0.0,0.00012337791479563508,1.1021020868396872e-06,3.5542345733153814e-06,1.0638538430178337e-05,1.37620719935167e-06,1.4079417809300742e-08,1.5988443021099489e-09,3.059983353433377e-08,4.754841743486208e-10,1.7521478075644765e-09,4.625486467491291e-13,1.1496305525720413e-12,7.00757140852996e-45,9.657062778976035e-20
9.993431869428008e-10,0.05595639656,0.054,0.0,0.0,0.029594089032267595,0.8799369848680492,2.0201274666942883e-07,1.63048597978681e-13,2.937546120455464e-19,0.06598665606535711,0.0,0.00012580987326822732,1.0978013761607239e-06,3.5679209495699937e-06,1.0817178449202621e-05,1.3950228613122894e-06,1.436623022035196e-08,1.6651472398296555e-09,3.158161418289048e-08,5.005067965818162e-10,1.8460013581115722e-09,5.022972447281419e-13,1.2516219453330855e-12,8.130990934085066e-45,1.0041810491947053e-19
9.999999999999999e-10,0.05595639656,0.054,0.0,0.0,0.029593999993664664,0.8799369436464504,2.0239965925737085e-07,1.6362337594978522e-13,2.9448409028389253e-19,0.0659866495271206,0.0,0.00012589191359825002,1.0976606577694092e-06,3.5683682520884815e-06,1.0823188098574632e-05,1.3956548004877345e-06,1.4375861495965133e-08,1.667397270166664e-09,3.161489595355674e-08,5.013640659496661e-10,1.8492176577473333e-09,5.036798937023005e-13,1.2551731968428491e-12,8.171419698177803e-45,1.0054920712805819e-19
1.0188099379807494e-09,0.05595639656,0.054,0.0,0.0,0.029591451330133446,0.8799357632404705,2.136710825760369e-07,1.8076967767531103e-13,3.1591925274394484e-19,0.06598646272186573,0.0,0.0001282409964266155,1.0937500514733362e-06,3.580779625756925e-06,1.0994807604010485e-05,1.4136749640913304e-06,1.4650384594908845e-08,1.7321742370678014e-09,3.257235462867047e-08,5.262774198802209e-10,1.9427122735472116e-09,5.444550792749674e-13,1.36000051047744e-12,9.404143006768328e-45,1.0433937598674662e-19
1.038276689018698e-09,0.05595639656,0.054,0.0,0.0,0.029588816181423446,0.8799345418322477,2.257259271904776e-07,1.9996536578177373e-13,3.3923244534494875e-19,0.06598627027409781,0.0,0.00013067128280026341,1.0899412358491742e-06,3.5928187195880784e-06,1.1171440086188867e-05,1.432172875090288e-06,1.493179292754521e-08,1.7998672432906107e-09,3.3572061152441526e-08,5.528041025546029e-10,2.0423116910216657e-09,5.891108768692144e-13,1.4750089470728465e-12,1.0843143001973521e-44,1.0833436112426437e-19
1.0577434400566467e-09,0.05595639656,0.054,0.0,0.0,0.02958618356265098,0.8799333206431503,2.3817898253315964e-07,2.2072234458537268e-13,3.637281746048393e-19,0.06598607870573828,0.0,0.00013310073124885615,1.0863683671180504e-06,3.6040466765223115e-06,1.1347089695514255e-05,1.450525614911493e-06,1.521037191686471e-08,1.8681680836287846e-09,3.4580749849021774e-08,5.800950705053121e-10,2.144831379987783e-09,6.363549182217272e-13,1.5968942171580989e-12,1.246545412806655e-44,1.1240298086634698e-19
1.0772101910945953e-09,0.05595639656,0.054,0.0,0.0,0.029583553450056085,0.8799320996729507,2.5103161392115936e-07,2.4313041010689796e-13,3.8944080081033635e-19,0.06598588800086791,0.0,0.00013552934095926121,1.083025174098734e-06,3.6144722792829147e-06,1.152176986112304e-05,1.4687418777343318e-06,1.54860429248854e-08,1.937018594938769e-09,3.559844609757698e-08,6.081587233360888e-10,2.250303767543584e-09,6.862790797224808e-13,1.7259076535851356e-12,1.4289969355495695e-44,1.165451561952e-19
1.096676942132544e-09,0.05595639656,0.054,0.0,0.0,0.029580925819585803,0.8799308789214224,2.642848535477252e-07,2.6728252736809374e-13,4.1640506761644763e-19,0.06598569814394721,0.0,0.0001379571114417828,1.0799056548801003e-06,3.6241046549631746e-06,1.169549366107311e-05,1.4868300501126273e-06,1.5758731936067313e-08,2.0063607579563673e-09,3.6625184068569876e-08,6.370036404297445e-10,2.358761962309064e-09,7.389768771756339e-13,1.86230507453678e-12,1.633709841805299e-44,1.2076080858487958e-19
1.1161436931704926e-09,0.05595639656,0.054,0.0,0.0,0.029578300646878553,0.8799296583883417,2.779394047344359e-07,2.9327488718251735e-13,4.446561101559026e-19,0.06598550911980139,0.0,0.00014038404252574583,1.0770040568748808e-06,3.632953279864803e-06,1.1868273840479859e-05,1.504798228374463e-06,1.602836951570951e-08,2.0761368261801734e-09,3.766100626357729e-08,6.666385865412223e-10,2.470239777075674e-09,7.94543511703116e-13,2.006346904429014e-12,1.8628860167121663e-44,1.2504986004320407e-19
1.1356104442084413e-09,0.05595639656,0.054,0.0,0.0,0.029575677907252147,0.8799284380734863,2.919956468291612e-07,3.212069645470454e-13,4.742294634052817e-19,0.06598532091360601,0.0,0.0001428101343544388,1.0743148584632471e-06,3.6410279821853533e-06,1.204012282835427e-05,1.522654234750641e-06,1.6294890767044168e-08,2.1462894511410682e-09,3.8705963085241955e-08,6.970725168226122e-10,2.5847717501852323e-09,8.530759177446274e-13,2.158298300992075e-12,2.1188975651585727e-44,1.2941223315222954e-19
1.15507719524639e-09,0.05595639656,0.054,0.0,0.0,0.029573057575695425,0.8799272179766369,3.0645364072081304e-07,3.5118157870257955e-13,5.051610707924536e-19,0.06598513351087365,0.0,0.00014523538737944567,1.0718327520876769e-06,3.6483389426923536e-06,1.2211052753256006e-05,1.540405632343626e-06,1.655823528643508e-08,2.2167618031368987e-09,3.976011243417866e-08,7.283145819144707e-10,2.7023931655610213e-09,9.146728131025702e-13,2.318429288324956e-12,2.4042966576331423e-44,1.3384785110623137e-19
1.1745439462843386e-09,0.05595639656,0.054,0.0,0.0,0.029570439626863083,0.879925998097575,3.2131313494447694e-07,3.8330495493494734e-13,5.374872930320512e-19,0.06598494689744148,0.0,0.00014765980235439453,1.0695526286895244e-06,3.6548966934864554e-06,1.2381075457845043e-05,1.5580597390196246e-06,1.681834711688413e-08,2.287497687524024e-09,4.0823519331140044e-08,7.603741326763766e-10,2.8231400715649574e-09,9.794347509811633e-13,2.4870148957827456e-12,2.721826067820088e-44,1.3835663774716382e-19
1.1940106973222872e-09,0.05595639656,0.054,0.0,0.0,0.02956782403507376,0.8799247784360857,3.3657357234777234e-07,4.1768678818365915e-13,5.712449171759045e-19,0.06598476105945943,0.0,0.000150083380328152,1.0674695633668967e-06,3.6607121149490467e-06,1.255020251241448e-05,1.575623640305367e-06,1.7075174699363895e-08,2.3584416567979705e-09,4.189625556263886e-08,7.932607242870008e-10,2.9470492988798087e-09,1.047464173972581e-12,2.664335302565658e-12,3.0744297278267775e-44,1.4293851759856903e-19
1.2134774483602359e-09,0.05595639656,0.054,0.0,0.0,0.029565210774311006,0.8799235589919556,3.52234097287842e-07,4.54440308525084e-13,6.064711658663313e-19,0.06598457598337919,0.0,0.00015250612263749533,1.0655788021352642e-06,3.6657964309709192e-06,1.271844522748451e-05,1.5931042013683644e-06,1.7328670821797996e-08,2.429539117631866e-09,4.297839934755034e-08,8.269841204749127e-10,3.074158477325749e-09,1.1188654699416658e-12,2.8506759878671287e-12,3.4652638248192976e-44,1.4759341589694022e-19
1.2329441993981845e-09,0.05595639656,0.054,0.0,0.0,0.029562599818227148,0.8799223397649732,3.6829356332635373e-07,4.936823485943652e-13,6.432037067805394e-19,0.06598439165594383,0.0,0.00015492803089929596,1.0638757496870548e-06,3.67016120256794e-06,1.2885814665533073e-05,1.6105080781551342e-06,1.7578792565397505e-08,2.500736432670352e-09,4.4070035023233695e-08,8.615542975560431e-10,3.2045060516578702e-09,1.1937450297623064e-12,3.0463278864364505e-12,3.8977087993465536e-44,1.523212586201326e-19
1.2524109504361332e-09,0.05595639656,0.054,0.0,0.0,0.029559991140149667,0.8799211207549298,3.8475054138882196e-07,5.355334130091816e-13,6.814806622547968e-19,0.06598420806417817,0.0,0.00015734910700224941,1.062355958066448e-06,3.673818319992282e-06,1.3052321651929317e-05,1.6278417277524145e-06,1.782550124834157e-08,2.5719810172994853e-09,4.517125274997046e-08,8.969814477583677e-10,3.3381312965143725e-09,1.2722113068716396e-12,3.251587549431492e-12,4.3753813017825474e-44,1.5712197251414149e-19
1.2718777014740818e-09,0.05595639656,0.054,0.0,0.0,0.02955738471309008,0.8799199019616188,4.0160332835516663e-07,5.801177498571104e-13,7.213406190776694e-19,0.06598402519537967,0.0,0.00015976935309818316,1.0610151161869265e-06,3.6767799934431e-06,1.321797678512752e-05,1.645111418028171e-06,1.8068762366617814e-08,2.6432214311543014e-09,4.62821482315838e-08,9.332759826788895e-10,3.475074330435096e-09,1.3543748786006754e-12,3.4667573104538295e-12,4.902146648779895e-44,1.619954851174648e-19
1.2913444525120305e-09,0.05595639656,0.054,0.0,0.0,0.02955478050975503,0.8799186833848357,4.1884995604801144e-07,6.27563424307153e-13,7.628226384422146e-19,0.06598384303710994,0.0,0.00016218877159297873,1.0598490401233966e-06,3.6790587424752373e-06,1.3382790446173617e-05,1.662323236603652e-06,1.8308545531994226e-08,2.714407463881584e-09,4.740282245112773e-08,9.704485367309665e-10,3.615376128970342e-09,1.4403485092363782e-12,3.692145456662086e-12,5.482132457714232e-44,1.6694172478216305e-19
1.310811203549979e-09,0.05595639656,0.054,0.0,0.0,0.02955217850255956,0.8799174650243787,4.3648820058430826e-07,6.780023944047859e-13,8.059662660474487e-19,0.06598366157718662,0.0,0.00016460736513714265,1.0588536641143365e-06,3.680667384202113e-06,1.3546772807572952e-05,1.6794830992041959e-06,1.8544824406984086e-08,2.7854902152999343e-09,4.853338142106705e-08,1.0085099698093799e-09,3.759078537084013e-09,1.530247214796505e-12,3.9280664048632555e-12,6.119742186393838e-44,1.71960620693198e-19
1.3302779545879277e-09,0.05595639656,0.054,0.0,0.0,0.02954957866364222,0.8799162468800479,4.5451559205530354e-07,7.315705891088202e-13,8.508115423397985e-19,0.06598348080367607,0.0,0.0001670251366160598,1.0580250322159746e-06,3.681619020390007e-06,1.3709933841564422e-05,1.696596757433091e-06,1.8777576636838805e-08,2.8564221699824632e-09,4.9673935946120616e-08,1.0474713700311545e-09,3.906224280748874e-09,1.6241883294884143e-12,4.174840882490365e-12,6.819669060788884e-44,1.7705210288566094e-19
1.3497447056258764e-09,0.05595639656,0.054,0.0,0.0,0.029546980964882043,0.8799150289516459,4.7292942450025275e-07,7.88407988627277e-13,8.973990128854673e-19,0.06598330070488623,0.0,0.00016944208913996652,1.0573592905581227e-06,3.681927023541072e-06,1.3872283327842231e-05,1.7136698060089086e-06,1.9006783778483844e-08,2.9271572660078726e-09,5.082460139772852e-08,1.0873440566630301e-09,4.056856977671591e-09,1.7222915738030582e-12,4.43279611338081e-12,7.586911535921588e-44,1.8221610225845757e-19
1.369211456663825e-09,0.05595639656,0.054,0.0,0.0,0.029544385377917093,0.8799138112389776,4.917267661389988e-07,8.486587071084644e-13,9.45769738864815e-19,0.06598312126936019,0.0,0.000171858226033677,1.0568526801571897e-06,3.681605022061071e-06,1.4033830860762706e-05,1.7307076895029515e-06,1.9232431226485213e-08,2.997650957741383e-09,5.1985497500003504e-08,1.1281395822242506e-09,4.211021147395019e-09,1.8246791242297254e-12,4.7022660082729144e-12,8.426788635837692e-44,1.874525505861364e-19
1.3886782077017737e-09,0.05595639656,0.054,0.0,0.0,0.02954179187416447,0.8799125937418508,5.109044698286828e-07,9.12471077742532e-13,9.959653076803041e-19,0.06598294248586999,0.0,0.00017427355082609924,1.056501530245803e-06,3.6806668846047387e-06,1.4194585856070294e-05,1.747715708610219e-06,1.945450813598424e-08,3.0678602728607024e-09,5.315674812562188e-08,1.1698697345486147e-09,4.368762220711609e-09,1.9314756845764098e-12,4.9835913599440856e-12,9.344955465022314e-44,1.9276138052907522e-19
1.4081449587397223e-09,0.05595639656,0.054,0.0,0.0,0.0295392004248417,0.8799113764600753,5.304591837101272e-07,9.799977403279417e-13,1.0480278436698728e-18,0.0659827643434108,0.0,0.00017668806723957316,1.0563022520816466e-06,3.679126703689636e-06,1.4354557557174296e-05,1.7646990259846955e-06,1.967300734275641e-08,3.1377438635233653e-09,5.4338481100622714e-08,1.2125465392288898e-09,4.530126548234763e-09,2.0428085588458822e-12,5.277120042919888e-12,1.0347420697024172e-43,1.9814252564003143e-19
1.427611709777671e-09,0.05595639656,0.054,0.0,0.0,0.02953661100098916,0.8799101593934632,5.503873620101259e-07,1.0513957313564257e-12,1.1020000189175836e-18,0.06598258683119568,0.0,0.00017910177917906714,1.0562513332016505e-06,3.6769987786672393e-06,1.4513755041005505e-05,1.781662671667468e-06,1.988792528032817e-08,3.2072620516339214e-09,5.553082801835696e-08,1.2561822612391154e-09,4.695161408386037e-09,2.158807725653862e-12,5.58320721768537e-12,1.1440563975469579e-43,2.035959203686259e-19
1.4470784608156196e-09,0.05595639656,0.054,0.0,0.0,0.02953402357349369,0.8799089425418289,5.706852759658479e-07,1.1268265766692e-12,1.157925064153655e-18,0.06598240993865058,0.0,0.0001815146907212657,1.0563453320912427e-06,3.674297598139029e-06,1.467218722347983e-05,1.7986115481340353e-06,2.0099261894394253e-08,3.2763768682243626e-09,5.6733924061329565e-08,1.300789406345382e-09,4.863915014791283e-09,2.2796059141859664e-12,5.9022155393321236e-12,1.2631153121832747e-43,2.0912150006477086e-19
1.4665452118535683e-09,0.05595639656,0.054,0.0,0.0,0.029531438113112943,0.87990772590499,5.913490248385248e-07,1.2064563867364277e-12,1.2158467797362405e-18,0.06598223365540956,0.0,0.0001839268061035801,1.0565808732415553e-06,3.671037821902628e-06,1.4829862864593827e-05,1.815550434985143e-06,2.030702055441737e-08,3.345052087198846e-09,5.794790782979643e-08,1.3463807230764898e-09,5.036436522850371e-09,2.405338681640958e-12,6.234515370579093e-12,1.3926363857010622e-43,2.1471920097856575e-19
1.486011962891517e-09,0.05595639656,0.054,0.0,0.0,0.029528854590500593,0.8799065094827658,6.123745469840309e-07,1.2904559546111745e-12,1.2758095467072919e-18,0.06598205797131043,0.0,0.00018633812971311617,1.0569546425698912e-06,3.667234262511395e-06,1.498679057317532e-05,1.8324839933036567e-06,2.0511207962799826e-08,3.413253253269054e-09,5.917292117763092e-08,1.3929692039336776e-09,5.212776035731578e-09,2.536144492144023e-12,6.5804849991066566e-12,1.5333799578781995e-43,2.2038896025781513e-19
1.5054787139294656e-09,0.05595639656,0.054,0.0,0.0,0.029526272976232094,0.8799052932749785,6.337576309493067e-07,1.3790008566083435e-12,1.3378583379150051e-18,0.06598188287639078,0.0,0.00018874866607562958,1.0574633831809509e-06,3.6629018665270255e-06,1.5142978811310593e-05,1.8494167696983822e-06,2.0711834061367524e-08,3.4809477043667813e-09,6.04091090545361e-08,1.4405680861764299e-09,5.392984609865438e-09,2.67216479713954e-12,6.94051085914451e-12,1.6861510379847365e-43,2.2613071594513665e-19
1.5249454649674142e-09,0.05595639656,0.054,0.0,0.0,0.02952369324083095,0.8799040772814527,6.554939265635863e-07,1.4722715557584106e-12,1.402038729195626e-18,0.06598170836088403,0.0,0.0001911584198444981,1.0581038914482131e-06,3.6580556955437923e-06,1.529843589846821e-05,1.8663532000543241e-06,2.090891193582717e-08,3.548104588408286e-09,6.165661935332153e-08,1.4891908533073801e-09,5.57711425962453e-09,2.8135441172080395e-12,7.314987757257132e-12,1.8518015200292236e-43,2.3194440697188176e-19
1.5444122160053629e-09,0.05595639656,0.054,0.0,0.0,0.02952111535479537,0.8799028615020152,6.775789559955633e-07,1.570453508085038e-12,1.4683969106072767e-18,0.06598153441521594,0.0,0.00019356739578974143,1.0588730133969116e-06,3.6527109070581925e-06,1.5453170015338253e-05,1.8832976130075718e-06,2.11024577175866e-08,3.614694874963884e-09,6.291560276292789e-08,1.5388512359226302e-09,5.765217961403094e-09,2.96043012528319e-12,7.704319102270933e-12,2.0312324364328196e-43,2.3782997314926547e-19
1.5638789670433115e-09,0.05595639656,0.054,0.0,0.0,0.02951853928862515,0.8799016459364957,7.000081247471629e-07,1.6737372717549282e-12,1.5369796977085103e-18,0.06598136103000138,0.0,0.00019597559878711734,1.0597676413715652e-06,3.6468827352583026e-06,1.5607189207404425e-05,1.900254233161841e-06,2.1292490484175293e-08,3.6806913612872187e-09,6.41862126266431e-08,1.5895632119028116e-09,5.95734965727631e-09,3.11297373129175e-12,8.108917139285727e-12,2.2253960527800327e-43,2.437873551597031e-19
1.5833457180812601e-09,0.05595639656,0.054,0.0,0.0,0.029515965012848693,0.8799004305847259,7.227767325579278e-07,1.7823186191476233e-12,1.607834542874617e-18,0.06598118819604101,0.0,0.00019838303380731808,1.0607847109727118e-06,3.6405864717995085e-06,1.5760501388265702e-05,1.9172271840626296e-06,2.1479032156818893e-08,3.746068673815566e-09,6.546860480406814e-08,1.6413410073857184e-09,6.153564257869325e-09,3.271329168160388e-12,8.529203187716751e-12,2.435298343540399e-43,2.498164945455897e-19
1.6028124691192088e-09,0.05595639656,0.054,0.0,0.0,0.02951339249805008,0.8798992154465405,7.458799841918735e-07,1.8963986518922418e-12,1.6810095466446238e-18,0.06598101590431857,0.0,0.00020078970590529677,1.061921198248387e-06,3.633837446637257e-06,1.591311434272278e-05,1.9342204909439793e-06,2.1662107397745466e-08,3.8108032639383154e-09,6.676293753757824e-08,1.6941990972952285e-09,6.353917644577259e-09,3.4356540791517012e-12,8.965607883313426e-12,2.662001568139389e-43,2.559173336947894e-19
1.6222792201571574e-09,0.05595639656,0.054,0.0,0.0,0.02951082171489603,0.8798980005217762,7.69313000085006e-07,2.0161839189173987e-12,1.756553469091805e-18,0.0659808441459981,0.0,0.00020319562020974574,1.0631741171275232e-06,3.6266510089738673e-06,1.606503572964415e-05,1.9512380832619803e-06,2.184174350370737e-08,3.874873400326024e-09,6.806937132312368e-08,1.7481522049760515e-09,6.558466671429848e-09,3.6061096065648717e-12,9.418571424096866e-12,2.9066265720200114e-43,2.620898158268309e-19
1.641745971195106e-09,0.05595639656,0.054,0.0,0.0,0.02950825263416273,0.8798967858102723,7.930708268253162e-07,2.141886537559882e-12,1.834515741210899e-18,0.06598067291242152,0.0,0.00020560078191275108,1.064540517082717e-06,3.6190425083894637e-06,1.6216273084625427e-05,1.9682837970283644e-06,2.2017970301626202e-08,3.93825915466214e-09,6.938806878379452e-08,1.8032153026200008e-09,6.7672691662059655e-09,3.782860481748199e-12,9.888543820161166e-12,3.170355535425499e-43,2.6833388497746427e-19
1.6612127222330547e-09,0.05595639656,0.054,0.0,0.0,0.029505685226762366,0.8798955713118706,8.171484474502919e-07,2.2737243177769573e-12,1.9149464763151783e-18,0.065980502195106,0.0,0.00020800519625964285,1.0660174810118452e-06,3.6110272761988546e-06,1.636683382245519e-05,1.985361376956845e-06,2.2190820037495577e-08,4.000942386271908e-09,7.071919454684028e-08,1.8594036114952168e-09,6.980383930834935e-09,3.9660751163674385e-12,1.0375985147284587e-11,3.4544349280202098e-43,2.746494859794266e-19
1.6806794732710034e-09,0.05595639656,0.054,0.0,0.0,0.029503119463769267,0.8798943570264153,8.415407915295574e-07,2.4119208895063643e-12,1.99789648143626e-18,0.06598033198574203,0.0,0.0002104088685390676,1.0676021233270408e-06,3.6026206071126773e-06,1.6516725239399665e-05,2.0024744784341788e-06,2.2360327273217165e-08,4.062906717414285e-09,7.206291512440929e-08,1.916732601072477e-09,7.197870741489217e-09,4.155925694975048e-12,1.0881365804289875e-11,3.760178032782789e-43,2.810365644441349e-19
1.700146224308952e-09,0.05595639656,0.054,0.0,0.0,0.02950055531644574,0.8798931429537526,8.662427450319066e-07,2.556705833217332e-12,2.0834172687199883e-18,0.06598016227619115,0.0,0.00021281180407329127,1.0692915882429706e-06,3.593837741213977e-06,1.6665954515318118e-05,2.0196266693274064e-06,2.2526528768014086e-08,4.124137513155723e-09,7.341939879634769e-08,1.975217988871892e-09,7.419790347989273e-09,4.352588268836222e-12,1.1405166774094748e-11,4.0889679723644585e-43,2.874950667430228e-19
1.7196129753469007e-09,0.05595639656,0.054,0.0,0.0,0.0294979927562672,0.879891929093732,8.912491599281802e-07,2.7083148136952717e-12,2.1715610668116983e-18,0.06597999305848401,0.0,0.00021521400820876548,1.0710830482525083e-06,3.5846938463623557e-06,1.6814528715620244e-05,2.0368214316380886e-06,2.2689463383379884e-08,4.184621843436667e-09,7.478881549559576e-08,2.034875740396975e-09,7.646204472424358e-09,4.5562428509337165e-12,1.1947879888396747e-11,4.442261109464965e-43,2.9402493998454553e-19
1.7390797263848493e-09,0.05595639656,0.054,0.0,0.0,0.02949543175494689,0.8798907154462048,9.165548635640977e-07,2.8669897171018496e-12,2.262380832223883e-18,0.06597982432481853,0.0,0.00021761548630695027,1.0729737027856053e-06,3.575204000962133e-06,1.6962454793076318e-05,2.054062163014042e-06,2.284917194708404e-08,4.244348465330857e-09,7.617133669684824e-08,2.0957220678103204e-09,7.8771758074903e-09,4.767073512201892e-12,1.2510008095927561e-11,4.821589816129213e-43,3.0062613199215267e-19
1.758546477422798e-09,0.05595639656,0.054,0.0,0.0,0.029492872284459733,0.8798895020110242,9.421546677027879e-07,3.0329787913514115e-12,2.3559302606796126e-18,0.06597965606755804,0.0,0.00022001624373544607,1.0749607770357581e-06,3.5653831773164677e-06,1.7109739589490557e-05,2.0713521781283726e-06,2.3005697185633736e-08,4.3033077618990305e-09,7.756713530682979e-08,2.1577734291738875e-09,8.112768014222082e-09,4.9852684789598915e-12,1.3092065734211528e-11,5.228565769830146e-43,3.072985912831621e-19
1.7780132284607466e-09,0.05595639656,0.054,0.0,0.0,0.029490314317065825,0.8798882887880469,9.680433773681961e-07,3.2065367898439636e-12,2.4522637984252963e-18,0.06597948827922988,0.0,0.00022241628585938116,1.07704152095856e-06,3.5552462252962974e-06,1.7256389837247192e-05,2.0886947099355815e-06,2.3159083538770565e-08,4.361491747005648e-09,7.897638555645004e-08,2.2210465280795963e-09,8.353045718881817e-09,5.211020231443187e-12,1.3694578804769391e-11,5.66488387875928e-43,3.1404226704342624e-19
1.7974799794986952e-09,0.05595639656,0.054,0.0,0.0,0.029487757825332552,0.8798870757771309,9.942157992278817e-07,3.387925118593938e-12,2.5514366535058707e-18,0.06597932095252332,0.0,0.00022481561803318302,1.0792132084139116e-06,3.5448078568903926e-06,1.74024121607398e-05,2.106092910813567e-06,2.330937717868931e-08,4.418893947565459e-09,8.039926289591998e-08,2.2855583119340784e-09,8.59807450955697e-09,5.4445256034820615e-12,1.4318085251696804e-11,6.132325329731501e-43,3.2085710910174447e-19
1.8169467305366439e-09,0.05595639656,0.054,0.0,0.0,0.02948520278215679,0.8798858629781369,1.020666749938106e-06,3.5774119867930846e-12,2.653504806995935e-18,0.06597915408028843,0.0,0.00022721424559254158,1.0814731364803222e-06,3.534082630740057e-06,1.7547813077690862e-05,2.1235498536009e-06,2.345662567076646e-08,4.475509493547842e-09,8.183594389119879e-08,2.35132597058847e-09,8.847920932268697e-09,5.685985883318166e-12,1.4963135243546002e-11,6.63276112836306e-43,3.27743067908026e-19
1.8364134815745925e-09,0.05595639656,0.054,0.0,0.0,0.029482649160784767,0.8798846503909274,1.0473910636790043e-06,3.775272560845072e-12,2.758525024180528e-18,0.06597898765553441,0.0,0.0002296121738469255,1.0838186248724544e-06,3.5230849383203195e-06,1.7692599000374485e-05,2.141068532536928e-06,2.3600878270523975e-08,4.531334832743988e-09,8.328660612184831e-08,2.418366935630093e-09,9.102652486170315e-09,5.935606915434164e-12,1.5630291458444313e-11,7.168156640305516e-43,3.347000945051899e-19
1.8558802326125412e-09,0.05595639656,0.054,0.0,0.0,0.02948009693483356,0.8798834380153681,1.0743836002272541e-06,3.981789121908323e-12,2.866554865679072e-18,0.06597882167142805,0.0,0.00023200940807203673,1.086247015562912e-06,3.5118289888837765e-06,1.783677623674347e-05,2.158651864114526e-06,2.3742185083801914e-08,4.586368111354107e-09,8.47514280814541e-08,2.486698878363856e-09,9.362337618463968e-09,6.193599203439818e-12,1.6320129372379136e-11,7.740574968488286e-43,3.417281405035704e-19
1.87534698365049e-09,0.05595639656,0.054,0.0,0.0,0.02947754607830696,0.8798822258513259,1.101639251127334e-06,4.197251226982547e-12,2.9776526985057308e-18,0.0659786561212925,0.0,0.0002344059535033237,1.0887556724111445e-06,3.500328798416454e-06,1.7980350991481712e-05,2.1763026878505603e-06,2.3880598282310124e-08,4.640608345261342e-09,8.62305890795828e-08,2.5563397078017063e-09,9.627045718884602e-09,6.460178014023908e-12,1.70332375505599e-11,8.3521806874867e-43,3.488271580538882e-19
1.8948137346884385e-09,0.05595639656,0.054,0.0,0.0,0.029474996565619006,0.8798810138986701,1.1291529483617925e-06,4.421955873573778e-12,3.0918777070608362e-18,0.0659784909986057,0.0,0.0002368018153285411,1.0913419811317365e-06,3.4885981731387245e-06,1.8123329366967242e-05,2.194023766986654e-06,2.4016169575578084e-08,4.6940567926331605e-09,8.77242691442601e-08,2.62730756965434e-09,9.896847113369032e-09,6.735563481840623e-12,1.77702179418021e-11,9.005245101708769e-43,3.5599709982700414e-19
1.914280485726387e-09,0.05595639656,0.054,0.0,0.0,0.02947244837160045,0.8798798021572726,1.1569196674632912e-06,4.65620766797132e-12,3.209289904046003e-18,0.0659783262969992,0.0,0.00023919699868304114,1.09400334898658e-06,3.476650704933594e-06,1.82657173641941e-05,2.2118177891188766e-06,2.4148954569085758e-08,4.746714270850914e-09,8.923264892768873e-08,2.6996208439422314e-09,1.0171813057185497e-08,7.019980715334694e-12,1.853168617582687e-11,9.702150030224902e-43,3.6323791897168485e-19
1.931800561660541e-09,0.05595639656,0.054,0.0,0.0,0.029470156104000875,0.8798787117705358,1.1821219382835185e-06,4.875455118247699e-12,3.3177362039789265e-18,0.06597817842043611,0.0,0.00024135208780678242,1.0964606302385534e-06,3.4657236287525272e-06,1.839336666706647e-05,2.2278969361000064e-06,2.4266122076882996e-08,4.793433330770373e-09,9.060290872980364e-08,2.765868496441438e-09,1.0423757732340069e-08,7.283868529608256e-12,1.9238464771353865e-11,1.0368908715945394e-42,3.698152180220698e-19
1.949320637594695e-09,0.05595639656,0.054,0.0,0.0,0.02946786486678348,0.879877621554725,1.207521546433287e-06,5.102921923414367e-12,3.4288583548420162e-18,0.06597803087548368,0.0,0.00024350663513568712,1.0989747676339462e-06,3.454641302401908e-06,1.8520546776478005e-05,2.244039136900735e-06,2.4381115794182884e-08,4.839518280137548e-09,9.198535444407178e-08,2.8332347334150614e-09,1.0679997395919003e-08,7.5554298578314e-12,1.9966057188936332e-11,1.1075101702726139e-42,3.7644985665784206e-19
1.9668407135288487e-09,0.05595639656,0.054,0.0,0.0,0.029465574642544488,0.8798765315097506,1.233114949268848e-06,5.338846643593144e-12,3.5427018697382015e-18,0.06597788365781246,0.0,0.0002456606442784545,1.1015439168571817e-06,3.4434131336421535e-06,1.864726185971646e-05,2.2602461957801008e-06,2.449397766907515e-08,4.884972203785914e-09,9.338011869279456e-08,2.9017334320858863e-09,1.0940585894099107e-08,7.83483956536162e-12,2.0714941848890748e-11,1.1822713185706757e-42,3.8314180163222833e-19
1.9843607894630026e-09,0.05595639656,0.054,0.0,0.0,0.029463285414190066,0.8798754416355249,1.2588986469074835e-06,5.583473272420494e-12,3.6593128319131884e-18,0.06597773676319041,0.0,0.0002478141187973207,1.1041662482800337e-06,3.4320483635289587e-06,1.877351601949567e-05,2.276519868642353e-06,2.460474836970616e-08,4.929799842044227e-09,9.478733427951715e-08,2.9713786177545096e-09,1.12055776632081e-08,8.122276050129889e-12,2.148560690528079e-11,1.2613811690259341e-42,3.898910199689471e-19
2.0018808653971564e-09,0.05595639656,0.054,0.0,0.0,0.029460997164949078,0.8798743519319605,1.284869186891459e-06,5.837051346661213e-12,3.778737900945308e-18,0.06597759018748196,0.0,0.00024996706220255656,1.1068399471167246e-06,3.4205560575522334e-06,1.8899313294349078e-05,2.29286186328259e-06,2.4713469063621556e-08,4.9740067033934754e-09,9.620713413669083e-08,3.042184462380009e-09,1.147502772446978e-08,8.417921307551462e-12,2.227855042893418e-11,1.3450553349476124e-42,3.96697478919107e-19
2.0194009413313103e-09,0.05595639656,0.054,0.0,0.0,0.029458709878378574,0.879873262398972,1.311023166769812e-06,6.099836058090871e-12,3.901024318872686e-18,0.06597744392664735,0.0,0.00025211947795001776,1.1095632137159652e-06,3.408945101832934e-06,1.902465765900934e-05,2.3092738396079546e-06,2.482018206678459e-08,5.017598340292864e-09,9.763965127459131e-08,3.1141652829340467e-09,1.17489916782333e-08,8.721960995905646e-12,2.30942805919558e-11,1.4335184657933773e-42,4.035611459484268e-19
2.036921017265464e-09,0.05595639656,0.054,0.0,0.0,0.029456423538369417,0.8798721730364752,1.3373572365831032e-06,6.372088367646077e-12,4.0262199162502365e-18,0.06597729797674143,0.0,0.0002542713694394983,1.1123342640706124e-06,3.3972241988584986e-06,1.9149553024778243e-05,2.325757409851792e-06,2.492492921970935e-08,5.060581191860154e-09,9.90850187309509e-08,3.1873355398193573e-09,1.2027525698003128e-08,9.034584502149437e-12,2.3933315853608735e-11,1.527004585561493e-42,4.1048198874414234e-19
2.054441093199618e-09,0.05595639656,0.054,0.0,0.0,0.02945413812914572,0.879871083844387,1.3638680990771173e-06,6.6540751206874804e-12,4.15437311817107e-18,0.06597715233391298,0.0,0.0002564227400138514,1.1151513300364152e-06,3.3854018675222084e-06,1.9274003239905196e-05,2.3423141387845243e-06,2.502775332973944e-08,5.102961864828383e-09,1.0054336952120807e-07,3.2617098352648877e-09,1.2310686524547314e-08,9.355985007929629e-12,2.479618514684093e-11,1.6257574557231054e-42,4.174599751947259e-19
2.071961169133772e-09,0.05595639656,0.054,0.0,0.0,0.029451853635281716,0.879869994822625,1.390552515893861e-06,6.946069165127381e-12,4.285532950197786e-18,0.06597700699440359,0.0,0.00025857359295391926,1.1180126599560408e-06,3.3734864311728e-06,1.9398012089930883e-05,2.358945543922076e-06,2.5128695608899916e-08,5.144748634648999e-09,1.0201483658944933e-07,3.3373029114574893e-09,1.2598531459675015e-08,9.68635955611254e-12,2.5683428066447664e-11,1.7300308629252134e-42,4.244950733480132e-19
2.0894812450679258e-09,0.05595639656,0.054,0.0,0.0,0.029449570041687773,0.8798689059711085,1.4174073035668146e-06,7.248349471186417e-12,4.4197490442401204e-18,0.06597686195454731,0.0,0.0002607239314811946,1.1209165184876815e-06,3.3614860273056384e-06,1.9521583298062698e-05,2.375653095712648e-06,2.5227800122572323e-08,5.185948399092239e-09,1.0349955276153454e-07,3.4141296485966157e-09,1.2891118359437884e-08,1.0025909117579412e-11,2.6595595058110395e-11,1.8400889680497923e-42,4.315872513950264e-19
2.105249313408664e-09,0.05595639656,0.054,0.0,0.0,0.029447515565001567,0.8798679261502376,1.44171969903776e-06,7.529432099046741e-12,4.543198146879826e-18,0.0659767316719236,0.0,0.00026265879894300933,1.1235649328020803e-06,3.3506195794110025e-06,1.9632426228818574e-05,2.3907561752679356e-06,2.53154567490954e-08,5.222533950778795e-09,1.048472349463041e-07,3.484340901019083e-09,1.3158549208711129e-08,1.033951768005957e-11,2.7438319269835366e-11,1.9443142530942703e-42,4.380189888585714e-19
2.1194405749153286e-09,0.05595639656,0.054,0.0,0.0,0.02944566714058687,0.8798670444292549,1.4637148393745135e-06,7.789903071375682e-12,4.656484361314706e-18,0.06597661462050652,0.0,0.00026439982745212517,1.1259757437040992e-06,3.3407910968413737e-06,1.9731886485308606e-05,2.404403500284823e-06,2.5393128822360355e-08,5.2550663202811e-09,1.0606949626638061e-07,3.5484049216843195e-09,1.3402596954434365e-08,1.0628387210070203e-11,2.821476553705944e-11,2.0424854033557005e-42,4.438470423827198e-19
2.133631836421993e-09,0.05595639656,0.054,0.0,0.0,0.029443819281183663,0.8798661628198301,1.4858163067733643e-06,8.057639583689625e-12,4.771866054291075e-18,0.06597649775947019,0.0,0.0002661405239660155,1.1284114299837188e-06,3.330920674228181e-06,1.9831066022224204e-05,2.4181032462761657e-06,2.5469670430670534e-08,5.287229272647913e-09,1.0730068586076687e-07,3.613305248881038e-09,1.3649860556726394e-08,1.0923647024290792e-11,2.9008579756651402e-11,2.1449576493250126e-42,4.497124899786236e-19
2.1478230979286577e-09,0.05595639656,0.054,0.0,0.0,0.02944197197945549,0.8798652813219222,1.5080225300339446e-06,8.33280220066108e-12,4.889370792428184e-18,0.0659763810870387,0.0,0.0002678808900704726,1.1308711038982299e-06,3.3210122515581254e-06,1.992996670000569e-05,2.4318561051513918e-06,2.554510372633156e-08,5.3190278997323344e-09,1.0854087388520496e-07,3.679050048140288e-09,1.3900371797394134e-08,1.1225411770654313e-11,2.982007614732719e-11,2.2518930581403865e-42,4.556153150505586e-19
2.1620143594353223e-09,0.05595639656,0.054,0.0,0.0,0.029440125228212263,0.8798643999354908,1.5303319629748317e-06,8.615554366638566e-12,5.0090264144065374e-18,0.06597626460147431,0.0,0.00026962092732482065,1.1333538854391639e-06,3.311069686725033e-06,2.0028590352959164e-05,2.4456627489469038e-06,2.56194509083592e-08,5.35046753171026e-09,1.0979013035536985e-07,3.74564754051659e-09,1.4154162683355944e-08,1.153379791960858e-11,3.064957397211011e-11,2.363458876548794e-42,4.615555010175816e-19
2.176205620941987e-09,0.05595639656,0.054,0.0,0.0,0.02943827902043344,0.8798635186604962,1.552743092867902e-06,8.906062451704422e-12,5.130861032867858e-18,0.06597614830107619,0.0,0.00027136063725342343,1.1358589032664286e-06,3.30109673961707e-06,2.0126938789354472e-05,2.4595238299052617e-06,2.569273430536458e-08,5.381553736614228e-09,1.110485251316651e-07,3.813106001738053e-09,1.4411265444212279e-08,1.1848923788004138e-11,3.149739760625331e-11,2.4798276587565128e-42,4.675330312563536e-19
2.188977756297985e-09,0.05595639656,0.054,0.0,0.0,0.02943661789241372,0.8798627256082464,1.5729988325125858e-06,9.174290937973753e-12,5.242398688840669e-18,0.06597604378765953,0.0,0.0002729260975628191,1.138131717771941e-06,3.2920981493958724e-06,2.0215218545618765e-05,2.4720458697137757e-06,2.5757798304321084e-08,5.409233421048332e-09,1.1218895128470127e-07,3.874561629576332e-09,1.4645516396449677e-08,1.2138398825326052e-11,3.2276379713354435e-11,2.5888133242871447e-42,4.729447242116051e-19
2.200472678118383e-09,0.05595639656,0.054,0.0,0.0,0.029435123244755307,0.8798620119383461,1.5912975189249977e-06,9.421288898996227e-12,5.34432856035638e-18,0.06597594985168734,0.0,0.00027433478707482246,1.1401915373873228e-06,3.2839830912149443e-06,2.0294482019212287e-05,2.4833542143625546e-06,2.5815648012705757e-08,5.433907181714804e-09,1.1322175370956924e-07,3.9304787767860065e-09,1.48586780347346e-08,1.2403750639123219e-11,3.299058481867573e-11,2.690460548430193e-42,4.77841089330408e-19
2.2119675999387814e-09,0.05595639656,0.054,0.0,0.0,0.029433628941675158,0.8798612983414897,1.609660328879018e-06,9.673681162379342e-12,5.4477389646390605e-18,0.06597585603429997,0.0,0.0002757432644457449,1.1422644246196234e-06,3.2758545049983206e-06,2.0373568053715414e-05,2.494699370367542e-06,2.587283920512634e-08,5.458358772794146e-09,1.1426067540690914e-07,3.9869756977865475e-09,1.5074070614023417e-08,1.2673740931356888e-11,3.37174073498342e-11,2.795584312019694e-42,4.827619267360402e-19
2.2234625217591796e-09,0.05595639656,0.054,0.0,0.0,0.02943213497973815,0.8798605848176564,1.6280865136223314e-06,9.931561971657379e-12,5.5526453764417365e-18,0.0659757623346638,0.0,0.00027715153042847686,1.1443499331493338e-06,3.2677142203773464e-06,2.045247756071031e-05,2.506081646653508e-06,2.592938354644656e-08,5.482591305399147e-09,1.1530575314057206e-07,4.044056893517691e-09,1.5291711677551087e-08,1.2948436233413518e-11,3.445702981532969e-11,2.904287401571898e-42,4.877072276918478e-19
2.234957443579578e-09,0.05595639656,0.054,0.0,0.0,0.029430641355576076,0.879859871366826,1.6465753373208909e-06,1.0195026921951943e-11,5.659063392040854e-18,0.06597566875196037,0.0,0.0002785595857627414,1.1464476206101141e-06,3.2595640287798578e-06,2.0531211440843574e-05,2.5175013437797005e-06,2.5985292635770176e-08,5.506607758680981e-09,1.1635702358000779e-07,4.101726887047456e-09,1.5511618858842543e-08,1.3227903918221253e-11,3.5209637057305087e-11,3.016675074861649e-42,4.926769834840286e-19
2.246452365399976e-09,0.05595639656,0.054,0.0,0.0,0.029429148065885757,0.8798591579889785,1.6651260763845429e-06,1.0464172977082879e-11,5.767008729856027e-18,0.06597557528538658,0.0,0.000279967431175571,1.1485570486260896e-06,3.2514056844235234e-06,2.0609770583877766e-05,2.528958753969965e-06,2.6040577979546542e-08,5.530411210903724e-09,1.1741452329555133e-07,4.159990223245695e-09,1.5733809880760157e-08,1.3512212208675738e-11,3.597541627558447e-11,3.132855294752553e-42,4.976711853734631e-19
2.2579472872203743e-09,0.05595639656,0.054,0.0,0.0,0.029427655107429434,0.8798584446840937,1.6837380196180262e-06,1.0739098486912894e-11,5.876497231060639e-18,0.06597548193415434,0.0,0.0002813750673810802,1.1506777828833295e-06,3.243240904014516e-06,2.068815586874331e-05,2.540454161146121e-06,2.6095251038624987e-08,5.554004875906746e-09,1.1847828875320038e-07,4.218851469023725e-09,1.5958302554527675e-08,1.3801430186086297e-11,3.675455705178324e-11,3.2529388813856074e-42,5.026898246435885e-19
2.2694422090407725e-09,0.05595639656,0.054,0.0,0.0,0.029426162477035625,0.879857731452152,1.7024104687212452e-06,1.1019903204815888e-11,5.9875448601878655e-18,0.06597538869749045,0.0,0.0002827824950801369,1.1528093931965755e-06,3.2350713661785718e-06,2.0766368163590703e-05,2.5519878409622373e-06,2.6149323217305755e-08,5.577391951723906e-09,1.1954835631025173e-07,4.278315212713213e-09,1.6185114778814584e-08,1.409562779862989e-11,3.754725137344023e-11,3.3770392607483415e-42,5.0773289260916405e-19
2.2809371308611707e-09,0.05595639656,0.054,0.0,0.0,0.029424670171599308,0.8798570182931335,1.7211427384712082e-06,1.1306688305268669e-11,6.100167705731891e-18,0.06597529557463647,0.0,0.0002841897149602503,1.154951453586984e-06,3.226898711308453e-06,2.0844408325844673e-05,2.563560060840014e-06,2.6202805816814233e-08,5.600575603890046e-09,1.206247622110739e-07,4.338386063521929e-09,1.6414264538720477e-08,1.4394875869813094e-11,3.835369365817266e-11,3.5052727123044193e-42,5.12800380552875e-19
2.292432052681569e-09,0.05595639656,0.054,0.0,0.0,0.0294231781880813,0.879856305207019,1.7399341565518217e-06,1.1599556401601885e-11,6.214381980742276e-18,0.06597520256484854,0.0,0.00028559672769564603,1.1571035423576557e-06,3.2187245418458994e-06,2.0922277202260173e-05,2.5751710800050852e-06,2.625571005241615e-08,5.623559051804993e-09,1.2170754258227133e-07,4.3990686518482596e-09,1.6645769904606748e-08,1.4699246106939237e-11,3.917408077787068e-11,3.637758624708647e-42,5.178922797600928e-19
2.303926974501967e-09,0.05595639656,0.054,0.0,0.0,0.029421686523507608,0.8798555921937887,1.758784063429502e-06,1.189861156394269e-11,6.330204023410024e-18,0.06597510966739724,0.0,0.00028700353394737777,1.1592652421599554e-06,3.210550422636707e-06,2.0999975628980213e-05,2.586821149524998e-06,2.6308047073402044e-08,5.646345568471217e-09,1.2279673342854022e-07,4.460367628821288e-09,1.6879649031095728e-08,1.5008811109585066e-11,4.0008612082940327e-11,3.7746191373061605e-42,5.23008581555373e-19
2.326916818142764e-09,0.05595639656,0.054,0.0,0.0,0.029418704139621714,0.8798541663859052,1.796656769671926e-06,1.2515706760562929e-11,6.566737393632374e-18,0.0659749242066581,0.0,0.0002898165295784004,1.1636158275389523e-06,3.194208407232172e-06,2.1154864425205597e-05,2.6102394033521047e-06,2.641106357643663e-08,5.691340867263006e-09,1.2499448993163832e-07,4.584833453515879e-09,1.7354601599942654e-08,1.5643820322112773e-11,4.17209171892488e-11,4.061967888750717e-42,5.333143580766319e-19
2.347607677419481e-09,0.05595639656,0.054,0.0,0.0,0.02941602105640273,0.879852883407883,1.8309358828109924e-06,1.3093326706813816e-11,6.785282479438756e-18,0.0659747576691566,0.0,0.00029234752583556334,1.1675601283194064e-06,3.1795156999025688e-06,2.129368957688406e-05,2.6314517371210197e-06,2.6501948453730653e-08,5.731196017110937e-09,1.2699475316732713e-07,4.699007815565933e-09,1.7790360990219766e-08,1.6233841599651753e-11,4.3312416387791566e-11,4.336831912352833e-42,5.426729264937398e-19
2.368298536696198e-09,0.05595639656,0.054,0.0,0.0,0.029413338963257575,0.8798516006657118,1.8653948275020404e-06,1.3692679764830076e-11,7.009296604057389e-18,0.06597459148492499,0.0,0.00029487786276812184,1.1715292830811571e-06,3.1648457911439104e-06,2.1431974996617935e-05,2.6527941301162687e-06,2.6591164544925702e-08,5.770464212571778e-09,1.2901634028172603e-07,4.815252522280329e-09,1.8234097449380874e-08,1.6841864666649736e-11,4.4952958897827374e-11,4.6279126455799925e-42,5.521104239616836e-19
2.388989395972915e-09,0.05595639656,0.054,0.0,0.0,0.029410657845153787,0.8798503181592828,1.9000302187490227e-06,1.4314427976551256e-11,7.238879651308852e-18,0.0659744256502103,0.0,0.0002974075437598546,1.175521022762087e-06,3.1502064707553187e-06,2.1569725185203157e-05,2.674267757143333e-06,2.6678773267492446e-08,5.809164727369916e-09,1.3105945631227582e-07,4.9335954067538004e-09,1.8685919766060492e-08,1.7468346307725693e-11,4.6643800158190676e-11,4.936038561286884e-42,5.616267996084061e-19
2.409680255249632e-09,0.05595639656,0.054,0.0,0.0,0.029407977687711237,0.8798490358884901,1.9348388036109673e-06,1.495925016908869e-11,7.474132862927585e-18,0.06597426016139815,0.0,0.0002999365720599461,1.1795331286550243e-06,3.1356051502025967e-06,2.1706944537147598e-05,2.695873710930515e-06,2.6764834937232902e-08,5.847316865856016e-09,1.3312430470254092e-07,5.054064497553708e-09,1.9145937529651013e-08,1.8113753353254228e-11,4.838622357153677e-11,5.262074997842495e-42,5.71222002611918e-19
2.4303711145263488e-09,0.05595639656,0.054,0.0,0.0,0.029405298477191262,0.8798477538532279,1.969817459684409e-06,1.562784232313236e-11,7.715158848400967e-18,0.06597409501500924,0.0,0.0003024649507848494,1.1835634334117332e-06,3.12104886865731e-06,2.184363734202658e-05,2.7176130031153992e-06,2.6849408656193667e-08,5.884939871038608e-09,1.3521108723678851e-07,5.176688012479427e-09,1.9614261110310262e-08,1.877856284050588e-11,5.018154096706699e-11,5.606924931837264e-42,5.808959820773594e-19
2.4510619738030657e-09,0.05595639656,0.054,0.0,0.0,0.029402620200485462,0.8798464720533914,2.0049631935118727e-06,1.6320917947357345e-11,7.962061594553661e-18,0.06597393020769642,0.0,0.0003049926829201393,1.1876098219437006e-06,3.1065442990990407e-06,2.1979807785895595e-05,2.7394865652896802e-06,2.693255225480645e-08,5.92205285942493e-09,1.3732000397855895e-07,5.301494351352622e-09,2.0091001639147297e-08,1.9463262174855318e-11,5.203109306382166e-11,5.97153045016267e-42,5.906486868848212e-19
2.4924436923564997e-09,0.05595639656,0.054,0.0,0.0,0.029397266399162843,0.8798439091595858,2.075744553987763e-06,1.778346358325965e-11,8.473920258014555e-18,0.06597360159754967,0.0,0.00031004621872181455,1.1957426561055358e-06,3.0777151964110137e-06,2.2250597826216098e-05,2.7836398325338683e-06,2.709477414696315e-08,5.994824630784397e-09,1.416050313758345e-07,5.55776999208688e-09,2.1070181747402594e-08,2.0894332814130363e-11,5.5898411469518064e-11,6.763983753431961e-42,6.103900679950459e-19
2.5285538315824886e-09,0.05595639656,0.054,0.0,0.0,0.029392597552423225,0.8798416735189095,2.138029083815729e-06,1.9146860912924106e-11,8.9407972779874e-18,0.06597331592744221,0.0,0.0003144539020612801,1.20287290686324e-06,3.052784321883661e-06,2.2485222959709423e-05,2.822614631275487e-06,2.723218299977161e-08,6.056838451624128e-09,1.4541840107218252e-07,5.7888065917673776e-09,2.1953205364802592e-08,2.221295233084814e-11,5.946366802988733e-11,7.529838490727035e-42,6.278734083381517e-19
2.5646639708084775e-09,0.05595639656,0.054,0.0,0.0,0.02938793138574886,0.8798394385938316,2.2007844659113075e-06,2.0595916342691483e-11,9.427135426052587e-18,0.06597303124693615,0.0,0.0003188596538728147,1.210023848925493e-06,3.028092661973438e-06,2.2718313382489753e-05,2.8620086002264646e-06,2.7366016770996325e-08,6.117567818745066e-09,1.4930200079090237e-07,6.02690932153746e-09,2.2863501525163268e-08,2.3599648160104725e-11,6.321474913445647e-11,8.37128270525755e-42,6.455957876959395e-19
2.5971630961118672e-09,0.05595639656,0.054,0.0,0.0,0.02938373408521103,0.8798374277726667,2.2576569795249448e-06,2.197694358560493e-11,9.881973478816302e-18,0.06597277586907975,0.0,0.0003228231888864597,1.2164695608083056e-06,3.006094921936449e-06,2.292679836255606e-05,2.8978236335794934e-06,2.7483628648198382e-08,6.171204212248082e-09,1.5285811502299602e-07,6.247372493590182e-09,2.3706592707992754e-08,2.490831303824524e-11,6.675630756854988e-11,9.198550054230936e-42,6.61750080014782e-19
2.629662221415257e-09,0.05595639656,0.054,0.0,0.0,0.029379538880872906,0.8798354175303388,2.3148931766954347e-06,2.3434267686357654e-11,1.0353505349750744e-17,0.06597252127207633,0.0,0.0003267851769360814,1.222917836374911e-06,2.984326546174592e-06,2.313406899662731e-05,2.933981580595247e-06,2.759874137678397e-08,6.223943518068982e-09,1.564726431483443e-07,6.473800725670769e-09,2.4572722090730287e-08,2.62767278508042e-11,7.046108520915624e-11,1.0097325318793299e-41,6.78097568953597e-19
2.6621613467186467e-09,0.05595639656,0.054,0.0,0.0,0.02937534574226238,0.8798334078664766,2.3724857055593203e-06,2.497136300003869e-11,1.0842185503649544e-17,0.06597226744708573,0.0,0.00033074562530605066,1.2293624945639526e-06,2.9628015412329495e-06,2.3340138061276943e-05,2.9704833881727008e-06,2.7711529061849726e-08,6.275850231169636e-09,1.6014628854384166e-07,6.706309735744149e-09,2.5462344108446965e-08,2.7707187092251727e-11,7.433541100731104e-11,1.1072983186726854e-41,6.946380510976007e-19
2.6946604720220365e-09,0.05595639656,0.054,0.0,0.0,0.029371154641825128,0.879831398780714,2.4304278366440735e-06,2.659183702630326e-11,1.134847731459848e-17,0.06597201438584512,0.0,0.0003347045406569086,1.235797703136677e-06,2.9415322076020238e-06,2.3545017814462425e-05,3.007329604073763e-06,2.7822157227359882e-08,6.326986522512334e-09,1.6387974125933372e-07,6.945016036091196e-09,2.6375916553928198e-08,2.92020587426522e-11,7.838581973860913e-11,1.2131253369144282e-41,7.113713227941148e-19
2.7271595973254263e-09,0.05595639656,0.054,0.0,0.0,0.02936696555477392,0.8798293902726882,2.488713434221908e-06,2.8299434630113816e-11,1.1872853130904222e-17,0.06597176208063517,0.0,0.0003386619290554386,1.2422179784875733e-06,2.920529227048214e-06,2.3748720014359685e-05,3.044520392411927e-06,2.7930782607813463e-08,6.3774120451038e-09,1.676736777783716e-07,7.190036878867304e-09,2.7313900402386615e-08,3.0763785784609355e-11,8.261905640620267e-11,1.3278233648357494e-41,7.282971792448957e-19
2.759658722628816e-09,0.05595639656,0.054,0.0,0.0,0.02936277845893259,0.8798273823420394,2.547336925804006e-06,3.009804240232913e-11,1.2415794334502919e-17,0.06597151052424675,0.0,0.00034261779600651735,1.2486181834826245e-06,2.8998017537538916e-06,2.3951255939045658e-05,3.082055550060006e-06,2.8037552937097278e-08,6.427183751743179e-09,1.7152876085552864e-07,7.441490197194844e-09,2.8276759645584165e-08,3.239488771371312e-11,8.704208063019938e-11,1.45204019982976e-41,7.454154130153155e-19
2.7921578479322058e-09,0.05595639656,0.054,0.0,0.0,0.029358593334583877,0.8798253749884116,2.6062932720933965e-06,3.199169305926949e-11,1.2977791398993403e-17,0.06597125970994773,0.0,0.0003465721464834001,1.2549935244220408e-06,2.879357502671612e-06,2.4152636406235035e-05,3.1199345231457608e-06,2.8142607594510144e-08,6.476355904572637e-09,1.7544563933828906e-07,7.699494589299625e-09,2.92649611222804e-08,3.4097962041420006e-11,9.166207102484614e-11,1.5864656119100977e-41,7.62725816654903e-19
2.8246569732355955e-09,0.05595639656,0.054,0.0,0.0,0.029354410164315118,0.8798233682114506,2.6655779360851395e-06,3.3984569969520175e-11,1.3559343942879187e-17,0.06597100963145092,0.0,0.0003505249849592248,1.2613395463216076e-06,2.859202839766289e-06,2.4352871793562877e-05,3.1581564241745286e-06,2.8246077803604484e-08,6.524980111450245e-09,1.79424948072093e-07,7.964169284134211e-09,3.0278974355981525e-08,3.587568578963615e-11,9.648642955774177e-11,1.7318336823484598e-41,7.802281834035976e-19
2.8571560985389853e-09,0.05595639656,0.054,0.0,0.0,0.02935022893286849,0.8798213620108049,2.7251868535627063e-06,3.608101172513634e-11,1.4160960781386853e-17,0.06597076028288218,0.0,0.00035447631543822534,1.2676521273794731e-06,2.8393428699629075e-06,2.455197205879117e-05,3.196720049123667e-06,2.8348085959910024e-08,6.573105149680728e-09,1.834673078688087e-07,8.235634049073649e-09,3.1319271411286325e-08,3.773081698093182e-11,1.0152278589292961e-10,1.8889215620814942e-41,7.979223020027853e-19
2.889655223842375e-09,0.05595639656,0.054,0.0,0.0,0.02934604962699116,0.879819356386125,2.785116402689732e-06,3.8285516836112684e-11,1.4783159973842338e-17,0.06597051165874993,0.0,0.00035842614148624775,1.2739274720045633e-06,2.8197815249922915e-06,2.4749946760343154e-05,3.235623894960308e-06,2.8448746357603722e-08,6.620776850711213e-09,1.8757332546565705e-07,8.514009180061288e-09,3.238632674429328e-08,3.96661961188244e-11,1.0677900171435767e-10,2.058554445827475e-41,8.158079593037117e-19
2.922154349145765e-09,0.05595639656,0.054,0.0,0.0,0.029341872235291715,0.8798173513370633,2.8453633746047733e-06,4.0602748475597766e-11,1.542646886955384e-17,0.06597026375391488,0.0,0.0003623744662593941,1.2801621030763273e-06,2.8005216470436277e-06,2.4946805077651827e-05,3.2748661770281492e-06,2.8548166316013132e-08,6.6680383995226915e-09,1.9174359347201134e-07,8.79941553785317e-09,3.348061704318392e-08,4.168474765595873e-11,1.1226317503170981e-10,2.241612824771811e-41,8.338849476832872e-19
2.9546534744491546e-09,0.05595639656,0.054,0.0,0.0,0.029337696748096616,0.879815346863274,2.9059249444274377e-06,4.3037539342230244e-11,1.609142414968205e-17,0.06597001656356143,0.0,0.0003663212925348148,1.286352853001778e-06,2.781565073682639e-06,2.5142555831618526e-05,3.314444846645907e-06,2.8646445022747953e-08,6.7149304322000355e-09,1.9597869051145228e-07,9.091974408383293e-09,3.460262110950842e-08,4.378948145616677e-11,1.1798364446169427e-10,2.4390265675256304e-41,8.521530549977784e-19
2.9871525997525443e-09,0.05595639656,0.054,0.0,0.0,0.029333523157313798,0.8798133429644118,2.9667986437966946e-06,4.559489657583162e-11,1.677857186774314e-17,0.06596977008316957,0.0,0.0003702666227393555,1.2924968540597894e-06,2.7629127185871912e-06,2.533720750472385e-05,3.354357608433062e-06,2.8743673504449523e-08,6.7614905312596195e-09,2.002791813157591e-07,9.391807420945577e-09,3.575281975067898e-08,4.598349425591795e-11,1.2394899349251999e-10,2.6517753885704886e-41,8.70612058846712e-19
3.019651725055934e-09,0.05595639656,0.054,0.0,0.0,0.02932935145630015,0.8798113396401336,3.0279823328200574e-06,4.828000678402675e-11,1.7488467486558405e-17,0.06596952430848846,0.0,0.0003742104589751908,1.2985915278302435e-06,2.7445646486290685e-06,2.5530768261040225e-05,3.394601937640188e-06,2.883993718612315e-08,6.80775346820613e-09,2.046456166603192e-07,9.699036739673326e-09,3.693169560993645e-08,4.826997110112583e-11,1.3016805472221762e-10,2.8809096686496607e-41,8.89261748889063e-19
3.052150850359324e-09,0.05595639656,0.054,0.0,0.0,0.029325181639734653,0.8798093368900961,3.089474173712099e-06,5.109824112528077e-11,1.822167591390395e-17,0.06596927923551078,0.0,0.00037815280304678687,1.3046345741771487e-06,2.7265201584872406e-06,2.5723245965772995e-05,3.4351750970810754e-06,2.893531498689357e-08,6.853752128232247e-09,2.0907853357212183e-07,1.0013784951029327e-08,3.8139733045440625e-08,5.065218677320452e-11,1.3664991407730587e-10,3.12754366530396e-41,9.081019207821634e-19
3.0846499756627136e-09,0.05595639656,0.054,0.0,0.0,0.029321013703493735,0.8798073347139579,3.151272605995166e-06,5.4055160498437236e-11,1.897877153493837e-17,0.06596903486044842,0.0,0.00038209365648930407,1.310623959482204e-06,2.708777845823458e-06,2.5914648204513014e-05,3.4760741539023766e-06,2.902987722770185e-08,6.89951671632788e-09,2.135784557296282e-07,1.0336174704777522e-08,3.937741810914032e-08,5.313350723252779e-11,1.434039150045862e-10,3.392832228915532e-41,9.271323409201077e-19
3.1171491009661034e-09,0.05595639656,0.054,0.0,0.0,0.029316847644538013,0.8798053331113774,3.213376322630948e-06,5.7156520791479375e-11,1.9760338243487978e-17,0.06596879117970988,0.0,0.00038603302058958015,1.3165579044984848e-06,2.6913356773626043e-06,2.610498230190152e-05,3.517295995847493e-06,2.9123689421012092e-08,6.94507396437297e-09,2.1814589328769756e-07,1.0666329085252986e-08,4.0645238384203015e-08,5.571739103778119e-11,1.5043966264451812e-10,3.6780131565795975e-41,9.463527834442971e-19
3.149648226269493e-09,0.05595639656,0.054,0.0,0.0,0.029312683460801448,0.8798033320820139,3.2757842452597447e-06,6.040827823223662e-11,2.0566969470461304e-17,0.06596854818987809,0.0,0.00038997089640779154,1.3224348719105727e-06,2.674191052657366e-06,2.6294255339891594e-05,3.55883734721352e-06,2.9216813442229668e-08,6.990449300940323e-09,2.2278134291737007e-07,1.1004371865354116e-08,4.194368276293825e-08,5.84073907073403e-11,1.5776702797096028e-10,3.9844298630736095e-41,9.65763066151583e-19
3.182147351572883e-09,0.05595639656,0.054,0.0,0.0,0.02930852115108343,0.8798013316255265,3.338495502847946e-06,6.38165948001912e-11,2.1399268211135034e-17,0.06596830588769023,0.0,0.00039390728480498215,1.3282535536621733e-06,2.657340870126611e-06,2.648247417530189e-05,3.6006947842109847e-06,2.930930232771376e-08,7.035666964594226e-09,2.2748528871727162e-07,1.1350426570922305e-08,4.3273241552707594e-08,6.120715414350555e-11,1.6539615191611367e-10,4.313445630919378e-41,9.853629580420954e-19
3.2146464768762727e-09,0.05595639656,0.054,0.0,0.0,0.02930436071495265,0.879799331741575,3.401509412967685e-06,6.738784372399365e-11,2.2257847049974556e-17,0.06596806427001853,0.0,0.0003978421864614699,1.3340128579395836e-06,2.640781585048415e-06,2.6669645456888887e-05,3.642864749949616e-06,2.9401204058178073e-08,7.080746509253854e-09,2.322582020739882e-07,1.1704616780390628e-08,4.463440642436181e-08,6.412042606600952e-11,1.7333744945269417e-10,4.666495232150053e-41,1.0051521942313948e-18
3.2471456021796624e-09,0.05595639656,0.054,0.0,0.0,0.02930020215265613,0.8797973324298193,3.4648254593150624e-06,7.112861509265598e-11,2.314332818419436e-17,0.06596782333385302,0.0,0.0004017756018923026,1.3397118962191541e-06,2.6245092601963094e-06,2.6855775641394974e-05,3.685343568531153e-06,2.9492564860813275e-08,7.125706161692216e-09,2.3710054123939033e-07,1.2067067041012192e-08,4.602767004892493e-08,6.715104930938158e-11,1.8160161369082115e-10,5.045168550744611e-41,1.0251305928117577e-18
3.279644727483052e-09,0.05595639656,0.054,0.0,0.0,0.02929604546502674,0.8797953336899191,3.528443271619937e-06,7.504572147815515e-11,2.4056343446066923e-17,0.0659675830762841,0.0,0.0004057075314701949,1.3453499704766515e-06,2.6085196208093515e-06,2.7040871009430493e-05,3.7281274589925835e-06,2.9583424872261894e-08,7.1705653689495636e-09,2.4201275233134135e-07,1.243790201204353e-08,4.745352608227057e-08,7.03029661502625e-11,1.9019961990969324e-10,5.451114953350364e-41,1.0452979817141304e-18
3.312143852786442e-09,0.05595639656,0.054,0.0,0.0,0.02929189065340646,0.879793335521534,3.592362613725977e-06,7.914620369214281e-11,2.4997534322853764e-17,0.06596734349448799,0.0,0.0004096379754451314,1.3509265602753408e-06,2.592808104862747e-06,2.722493768012719e-05,3.7712125482262846e-06,2.9673817460863486e-08,7.2153386488220915e-09,2.469952701978093e-07,1.2817245400803188e-08,4.89124695176154e-08,7.358021982119748e-11,1.9914272955654137e-10,5.885969665843516e-41,1.0656540404712199e-18
3.3446429780898317e-09,0.05595639656,0.054,0.0,0.0,0.029287737719574394,0.8797913379243244,3.656583365862786e-06,8.343733657365212e-11,2.5967551975850126e-17,0.06596710458571203,0.0,0.0004135669339519184,1.3564413101153472e-06,2.5773699020150403e-06,2.740798162549779e-05,3.814594883611769e-06,2.9763776483680515e-08,7.2600367850281305e-09,2.520485167111897e-07,1.3205222431892575e-08,5.0404996075261365e-08,7.698695575449592e-11,2.0844249422650142e-10,6.351631661691918e-41,1.0861985820981971e-18
3.373892190862883e-09,0.05595639656,0.054,0.0,0.0,0.029284001686395597,0.8797895405749088,3.714639726843962e-06,8.74685683946974e-11,2.6865760752056065e-17,0.06596689014101807,0.0,0.00041710172656821566,1.3613515411691335e-06,2.5637050614457237e-06,2.757185157394985e-05,3.853889809221381e-06,2.98443922909388e-08,7.300212582860093e-09,2.5665725120495874e-07,1.3561886915138755e-08,5.1777393891023045e-08,8.016723495723541e-11,2.1712700685643039e-10,6.798647405282759e-41,1.1048496843434755e-18
3.403141403635934e-09,0.05595639656,0.054,0.0,0.0,0.02928026717772331,0.8797877436876208,3.772940253215112e-06,9.166595945261337e-11,2.778834286801526e-17,0.06596667623735629,0.0,0.0004206353159636861,1.3662114656817524e-06,2.5502537740680593e-06,2.773490201667841e-05,3.89341927759506e-06,2.992469666185727e-08,7.34034756378236e-09,2.613239006992799e-07,1.3925736612229767e-08,5.3177758849676786e-08,8.345900505023927e-11,2.2611884311412272e-10,7.273578831229524e-41,1.12365310396034e-18
3.432390616408985e-09,0.05595639656,0.054,0.0,0.0,0.0292765341954912,0.8797859472622119,3.8314850392460945e-06,9.603532304506981e-11,2.873579318658869e-17,0.06596646287282003,0.0,0.00042416770206511024,1.3710211188920147e-06,2.537012180608543e-06,2.7897137052309772e-05,3.933180286805953e-06,3.000470620293006e-08,7.380446660169353e-09,2.660487494105751e-07,1.4296862764773038e-08,5.4606454092070594e-08,8.686550567291571e-11,2.354270426837838e-10,7.777998371514135e-41,1.142608658634232e-18
3.461639829182036e-09,0.05595639656,0.054,0.0,0.0,0.029272802741761677,0.8797841512984338,3.890274219256109e-06,1.005826409657816e-10,2.970861295690812e-17,0.06596625004552069,0.0,0.0004276988847583804,1.3757806145842264e-06,2.52397635166351e-06,2.8058560713588202e-05,3.973169809789765e-06,3.008443662554544e-08,7.420515800504466e-09,2.708320738594584e-07,1.4675357508672521e-08,5.606384294787381e-08,9.039004669018963e-11,2.4506084537514933e-10,8.313603332890955e-41,1.1617163136039646e-18
3.4908890419550873e-09,0.05595639656,0.054,0.0,0.0,0.029269072818691195,0.879782355796037,3.949307959679464e-06,1.0531406715788898e-10,3.070730982396505e-17,0.06596603775358308,0.0,0.00043122886390141956,1.380490138413746e-06,2.5111423100706078e-06,2.8219176973473113e-05,4.013384799740441e-06,3.0163898627532616e-08,7.460562946941849e-09,2.756741448481058e-07,1.5061311497051594e-08,5.7550289435720695e-08,9.403600907044162e-11,2.5502969349965994e-10,8.881952976328386e-41,1.1809758687454229e-18
3.5201382547281384e-09,0.05595639656,0.054,0.0,0.0,0.029265344428514806,0.8797805607547733,4.0085864610075944e-06,1.1023593138574946e-10,3.1732397833259515e-17,0.06596582599514036,0.0,0.00043475763932465205,1.385149941623708e-06,2.498506043321982e-06,2.837898975101922e-05,4.0538221953006435e-06,3.024310260593504e-08,7.500589814706196e-09,2.8057522638784054e-07,1.545481507844272e-08,5.9066158261180345e-08,9.780684578285634e-11,2.653432339536757e-10,9.48478172314396e-41,1.2003869371268213e-18
3.5464625462238843e-09,0.05595639656,0.054,0.0,0.0,0.029261990189867453,0.8797789456116982,4.0621465661488645e-06,1.1483380990297183e-10,3.2677971491440405e-17,0.06596563586714059,0.0,0.0004379325078641407,1.3893015092357158e-06,2.4872991659182423e-06,2.8522137473176447e-05,4.090403469786215e-06,3.0314174968672456e-08,7.536598732299238e-09,2.850368648820198e-07,1.5815500106557946e-08,6.045589753650914e-08,1.0131027863443074e-10,2.7492827222981154e-10,1.0058487536187531e-40,1.2179865016867601e-18
3.57278683771963e-09,0.05595639656,0.054,0.0,0.0,0.029258637196394433,0.8797773308417569,4.1159052795562025e-06,1.1959608558850565e-10,3.364572731490711e-17,0.06596544616840588,0.0,0.0004411064010815109,1.3934133187352217e-06,2.476246271500254e-06,2.8664640301091447e-05,4.1271601620074795e-06,3.038505285355926e-08,7.57259817885411e-09,2.895466915207231e-07,1.6182442236018724e-08,6.187003008810921e-08,1.0492033504541174e-10,2.848078185416637e-10,1.0663084843237399e-40,1.2357087908638738e-18
3.599111129215376e-09,0.05595639656,0.054,0.0,0.0,0.029255285449784018,0.8797757164447672,4.169862785481475e-06,1.245277531163628e-10,3.463605336761848e-17,0.06596525689757726,0.0,0.0004442793188185686,1.397485666841004e-06,2.4653444171035112e-06,2.880650099976888e-05,4.164090027658532e-06,3.0455740654522894e-08,7.608589554131699e-09,2.94104885482728e-07,1.6555707035752346e-08,6.330882244875634e-08,1.0863968439063233e-10,2.949893395532531e-10,1.1299974539505717e-40,1.2535534565575291e-18
3.625435420711122e-09,0.05595639656,0.054,0.0,0.0,0.02925193495171868,0.8797741024205472,4.224019275398135e-06,1.296339319322855e-10,3.5649341928792375e-17,0.06596506805329207,0.0,0.00044745126090895397,1.4015188792633237e-06,2.4545906691529247e-06,2.8947722311022158e-05,4.201190823632428e-06,3.0526243561011566e-08,7.644572637313028e-09,2.987116199398471e-07,1.693536222695931e-08,6.477254104454617e-08,1.1247104502224432e-10,3.054804417863815e-10,1.1970842945597956e-40,1.271520504523408e-18
3.6517597122068678e-09,0.05595639656,0.054,0.0,0.0,0.02924858570386152,0.8797724887689145,4.278374942247806e-06,1.3491986854363443e-10,3.668598949700399e-17,0.06596487963418259,0.0,0.00045062222718469377,1.405513307722375e-06,2.4439821100459574e-06,2.9088306955810826e-05,4.238460310075716e-06,3.0596565158859166e-08,7.680549905029766e-09,3.0336706483350825e-07,1.7321474716409077e-08,6.626145243902922e-08,1.1641718457769053e-10,3.162888729758013e-10,1.2677195277944124e-40,1.2896099404397627e-18
3.6780840037026137e-09,0.05595639656,0.054,0.0,0.0,0.029245237707852263,0.8797708754896868,4.332929982033575e-06,1.403909388281796e-10,3.774639678933428e-17,0.06596469163887458,0.0,0.00045379221747795747,1.4094693273074393e-06,2.433515842715445e-06,2.922825763631706e-05,4.275896252214484e-06,3.0666707897744554e-08,7.716523017231046e-09,3.0807138723405027e-07,1.7714109964604383e-08,6.77758236569943e-08,1.2048092057495308e-10,3.274225230983412e-10,1.342057709634793e-40,1.3078213978418662e-18
3.7044082951983596e-09,0.05595639656,0.054,0.0,0.0,0.02924189096529996,0.8797692625826816,4.387684592900054e-06,1.460526503643871e-10,3.883096874618374e-17,0.0659645040659862,0.0,0.00045696123161972473,1.413387333844756e-06,2.423188995484415e-06,2.936757703793328e-05,4.313496422107302e-06,3.0736674584821174e-08,7.752491084575073e-09,3.128247489054612e-07,1.811333492293974e-08,6.931592173069144e-08,1.246651208677547e-10,3.3888942579516436e-10,1.4202892354575163e-40,1.3261546603420202e-18
3.7307325866941054e-09,0.05595639656,0.054,0.0,0.0,0.029238545477772646,0.8797676500477163,4.442638970385417e-06,1.5191064474845316e-10,3.994011452882016e-17,0.06596431691412662,0.0,0.00046012926944078943,1.4172677414612685e-06,2.412998725575859e-06,2.9506267831262172e-05,4.351258600392134e-06,3.080646794791603e-08,7.788454495215385e-09,3.1762730600819413e-07,1.8519219049503046e-08,7.088201303225177e-08,1.28972703607623e-10,3.5069775941763346e-10,1.5026059871121912e-40,1.344610265721422e-18
3.757056878189851e-09,0.05595639656,0.054,0.0,0.0,0.029235201246787912,0.879766037884608,4.497793304151156e-06,1.5797069996498486e-10,4.107424752668908e-17,0.06596413018189526,0.0,0.0004632963307830344,1.4211109800554303e-06,2.4029422265582413e-06,2.9644332673830896e-05,4.3891805778001255e-06,3.087608815239747e-08,7.824416032365312e-09,3.2247921579048405e-07,1.8931825655303133e-08,7.247436527928355e-08,1.3340663817644043e-10,3.6285584858667915e-10,1.58913421937708e-40,1.363187644599355e-18
3.7807487405360225e-09,0.05595639656,0.054,0.0,0.0,0.029232192514461065,0.879764587255597,4.54760332319221e-06,1.636023989724577e-10,4.211667636915139e-17,0.06596396248050336,0.0,0.0004661458509716033,1.4245384814613465e-06,2.394003461831547e-06,2.9768058031309173e-05,4.4234451689037505e-06,3.0938599542770703e-08,7.856778341420976e-09,3.2688825520320623e-07,1.9308974772010623e-08,7.393015649140141e-08,1.3750770600869768e-10,3.741041689068773e-10,1.670817171062997e-40,1.3800110166237404e-18
3.802071416647577e-09,0.05595639656,0.054,0.0,0.0,0.029229485527458077,0.8797632819467801,4.592571061445032e-06,1.688186051790196e-10,4.307271038612051e-17,0.06596381183803111,0.0,0.0004687097426797523,1.4275980718710722e-06,2.386047651196366e-06,2.9878980771833876e-05,4.454391130203993e-06,3.099474186223244e-08,7.885900748865384e-09,3.308907615380885e-07,1.9653152459199516e-08,7.525890171107475e-08,1.4129011284065019e-10,3.8448093361832003e-10,1.7475321798852348e-40,1.395236349839628e-18
3.823394092759131e-09,0.05595639656,0.054,0.0,0.0,0.029226779367398217,0.8797619768816133,4.637670316125309e-06,1.7417811643650182e-10,4.4045887403589534e-17,0.06596366146835184,0.0,0.0004712729934506499,1.4306340807166139e-06,2.3781747433624457e-06,2.998949751568679e-05,4.485438047055764e-06,3.105077232843903e-08,7.915020652650936e-09,3.349259098235647e-07,2.000186013220012e-08,7.6605351916048e-08,1.4516086834630956e-10,3.9510245986569007e-10,1.8273829463717704e-40,1.4105414628355607e-18
3.844716768870685e-09,0.05595639656,0.054,0.0,0.0,0.02922407403497853,0.8797606720599991,4.6829011774634e-06,1.7968427599655451e-10,4.503643523709488e-17,0.06596351137069972,0.0,0.0004738356032114372,1.4336467576652421e-06,2.370383324682195e-06,3.0099609656248134e-05,4.516584770136927e-06,3.1106690900520665e-08,7.944138174683523e-09,3.3899377538257707e-07,2.0355132850582467e-08,7.796964925919008e-08,1.491216504224186e-10,4.059734576530664e-10,1.9105057743406736e-40,1.4259260289832609e-18
3.8660394449822395e-09,0.05595639656,0.054,0.0,0.0,0.02922136953086843,0.8797593674818404,4.728263733126588e-06,1.853404905139938e-10,4.604458352356896e-17,0.06596336154430392,0.0,0.0004763975718917212,1.4366363553511612e-06,2.362672001363901e-06,3.0209318583810566e-05,4.547830156682621e-06,3.116249795651107e-08,7.973252072984639e-09,3.430944308930767e-07,2.0713006880410158e-08,7.935193580874519e-08,1.5317415976074643e-10,4.170987022460706e-10,1.9970025037956197e-40,1.4413902355400082e-18
3.887362121093794e-09,0.05595639656,0.054,0.0,0.0,0.029218665855706656,0.8797580631470396,4.773758065855794e-06,1.9115023090745867e-10,4.707056372233189e-17,0.06596321198838817,0.0,0.00047895889942685963,1.439603128775679e-06,2.3550394004287538e-06,3.031862568591119e-05,4.5791730707687545e-06,3.1218193231075386e-08,8.00236216207987e-09,3.4722794868427995e-07,2.1075517162180787e-08,8.075235379533758e-08,1.5732011985850977e-10,4.284830346649951e-10,2.086977415514168e-40,1.4569340878438575e-18
3.908684797205348e-09,0.05595639656,0.054,0.0,0.0,0.02921596301010118,0.8797567590554995,4.819384253783847e-06,1.9711703322127637e-10,4.81146091146113e-17,0.06596306270217105,0.0,0.0004815195857567963,1.4425473347893827e-06,2.3474841698523443e-06,3.0427532347633327e-05,4.610612383570408e-06,3.127377625063326e-08,8.031468725785096e-09,3.5139439975465876e-07,2.1442698489107312e-08,8.217104542619289e-08,1.615612772244174e-10,4.4013136199151985e-10,2.18058897871462e-40,1.4725571750032698e-18
3.930007473316902e-09,0.05595639656,0.054,0.0,0.0,0.02921326099463018,0.8797554552071223,4.865142371747303e-06,2.032444994912485e-10,4.917695480253851e-17,0.06596291368486565,0.0,0.00048407963082415615,1.4454692316295408e-06,2.3400049785747967e-06,3.053603995188552e-05,4.642146973600224e-06,3.1329247049028224e-08,8.060570868589417e-09,3.555938522609195e-07,2.1814587292800488e-08,8.360815262051674e-08,1.658994015249637e-10,4.520486576806902e-10,2.277953110880642e-40,1.4882596541556064e-18
3.9513301494284565e-09,0.05595639656,0.054,0.0,0.0,0.02921055980984037,0.8797541516018107,4.911032490021099e-06,2.0953629861697484e-10,5.025783770873536e-17,0.06596276493567972,0.0,0.0004866390345775741,1.4483690784771866e-06,2.3326005174200233e-06,3.064414987965682e-05,4.6737757269241226e-06,3.138460528700016e-08,8.08966777415506e-09,3.598263739745613e-07,2.219121868171073e-08,8.506381752383876e-08,1.703362856690531e-10,4.642399620125693e-10,2.3791736615367377e-40,1.5040416623271928e-18
3.972652825540011e-09,0.05595639656,0.054,0.0,0.0,0.0292078594562455,0.8797528482394672,4.957054673357884e-06,2.1599616724005807e-10,5.135749657692057e-17,0.06596261645381561,0.0,0.0004891977969714082,1.4512471350074833e-06,2.3252694995569292e-06,3.075186351024134e-05,4.705497537351079e-06,3.143985021709274e-08,8.118759435179989e-09,3.6409203174270875e-07,2.2572627043158545e-08,8.6538182453668e-08,1.7487374597919883e-10,4.767103825523918e-10,2.484430539825266e-40,1.519902716724098e-18
3.993975501651565e-09,0.05595639656,0.054,0.0,0.0,0.029205159934327218,0.8797515451199943,5.003208982000975e-06,2.2262791062634153e-10,5.2476171972239664e-17,0.06596246823847036,0.0,0.000491755917962985,1.454103660962871e-06,2.3180106601961053e-06,3.0859182221433984e-05,4.73731130659692e-06,3.1494981545049994e-08,8.147845328002272e-09,3.683908892978716e-07,2.2958848830292617e-08,8.803138931096302e-08,1.7951362227046624e-10,4.894650945014223e-10,2.593856130505987e-40,1.5358428929258901e-18
4.015298177763119e-09,0.05595639656,0.054,0.0,0.0,0.029202461244535207,0.8797502422432941,5.049495471679384e-06,2.2943540355262923e-10,5.361410628045644e-17,0.06596232028883568,0.0,0.0004943133975157319,1.4569389157808416e-06,2.310822756939173e-06,3.096610738970297e-05,4.769215944425186e-06,3.154999889492839e-08,8.176924480257935e-09,3.7272300992955013e-07,2.3349919408840584e-08,8.954358006919939e-08,1.84257777966355e-10,5.025093410399527e-10,2.7075496527649155e-40,1.5518624806669698e-18
4.0366208538746736e-09,0.05595639656,0.054,0.0,0.0,0.029199763387286057,0.8797489396092694,5.095914192573033e-06,2.364225911985789e-10,5.477154370722808e-17,0.06596217260409813,0.0,0.000496870235599681,1.4597531582586416e-06,2.303704570193474e-06,3.107264039033958e-05,4.801210368768461e-06,3.160490141588234e-08,8.20599646286299e-09,3.7708845656562484e-07,2.3745872743170663e-08,9.107489701333355e-08,1.891081003409976e-10,5.158484337406268e-10,2.8257147885241187e-40,1.5679609570659539e-18
4.057943529986228e-09,0.05595639656,0.054,0.0,0.0,0.029197066362963216,0.8797476372178223,5.1424651895741995e-06,2.4359349004283236e-10,5.5948730277989e-17,0.06596202518343898,0.0,0.000499426432187897,1.4625466462370131e-06,2.2966549028154484e-06,3.117878259758688e-05,4.833293505831886e-06,3.1659688550264896e-08,8.235060881674631e-09,3.8148728873314044e-07,2.4146745189444847e-08,9.262548199225599e-08,1.9406650051461235e-10,5.2948775295975e-10,2.9485069664945126e-40,1.5841382607720687e-18
4.079266206097782e-09,0.05595639656,0.054,0.0,0.0,0.029194370171917977,0.8797463350688552,5.189148502807726e-06,2.5095218876316065e-10,5.714591383741858e-17,0.06596187802603462,0.0,0.0005019819872592644,1.4653196363083959e-06,2.2896725801157554e-06,3.12845353847514e-05,4.865464290179192e-06,3.171435987615313e-08,8.264116886181337e-09,3.859195652291629e-07,2.455257246773786e-08,9.419547678165637e-08,1.9913491350070108e-10,5.434327481745416e-10,3.076015492969012e-40,1.6003948451703615e-18
4.100588882209336e-09,0.05595639656,0.054,0.0,0.0,0.029191674814469132,0.8797450331622708,5.235964167071995e-06,2.5850284914163733e-10,5.836334404872438e-17,0.06596173113105636,0.0,0.0005045369008000157,1.4680723835440944e-06,2.2827564502168364e-06,3.1389900124294634e-05,4.897721664801427e-06,3.1768914554009275e-08,8.29316377053044e-09,3.903853451467986e-07,2.4963388136267684e-08,9.578502358835869e-08,2.0431529857188428e-10,5.576889383500277e-10,3.208468452240397e-40,1.6167302003112635e-18
4.1219115583208906e-09,0.05595639656,0.054,0.0,0.0,0.029188980290902396,0.879743731497971,5.282912211592016e-06,2.662497069745385e-10,5.960127239325566e-17,0.06596158449767071,0.0,0.0005070911727995251,1.4708051412404029e-06,2.275905383716072e-06,3.14948781879058e-05,4.930064581169362e-06,3.1823351856968587e-08,8.322201060111876e-09,3.9488468405151554e-07,2.537922829777366e-08,9.73942641723404e-08,2.0960963924499975e-10,5.722619123260723e-10,3.346053259918143e-40,1.6331440701825126e-18
4.143234234432445e-09,0.05595639656,0.054,0.0,0.0,0.02918628660147139,0.8797424300758586,5.329992660494035e-06,2.7419707298604955e-10,6.085995216961088e-17,0.0659614381250394,0.0,0.0005096448032524683,1.4735181606974958e-06,2.269118273375145e-06,3.15994709465596e-05,4.962491999271063e-06,3.187767130237077e-08,8.35122806361759e-09,3.994176363065082e-07,2.580012910000187e-08,9.902334002529059e-08,2.1501994318783483e-10,5.871573291620802e-10,3.4888428042155957e-40,1.649637062260277e-18
4.164556910543999e-09,0.05595639656,0.054,0.0,0.0,0.02918359374639849,0.8797411288958356,5.377205532775991e-06,2.823493337461456e-10,6.213963849252851e-17,0.06596129201231968,0.0,0.0005121977921613838,1.4762116910222246e-06,2.2623940343172468e-06,3.170367977055924e-05,4.9950028876361484e-06,3.193187211986066e-08,8.38024400498016e-09,4.039842572160244e-07,2.6226123761212885e-08,1.0067239320459187e-07,2.2054824268461894e-10,6.023809184730606e-10,3.637088225856821e-40,1.6662087526799404e-18
4.185879586655553e-09,0.05595639656,0.054,0.0,0.0,0.029180901725873846,0.8797398279578046,5.424550841979655e-06,2.9071095259301835e-10,6.344058829241265e-17,0.06596114615866422,0.0,0.0005147501395320517,1.4788859789413817e-06,2.2557316037833338e-06,3.180750602956465e-05,5.0275962233477065e-06,3.198595351268154e-08,8.409248269677925e-09,4.0858459859008336e-07,2.6657247957448606e-08,1.0234156538447326e-07,2.2619659467485824e-10,6.179384807903974e-10,3.791021540380552e-40,1.6828586382925043e-18
4.207202262767108e-09,0.05595639656,0.054,0.0,0.0,0.02917821054005612,0.879738527261668,5.47202859637469e-06,2.9928647055949633e-10,6.476306031441017e-17,0.06596100056322145,0.0,0.0005173018453748491,1.4815412686356035e-06,2.2491299406631416e-06,3.1910951092609106e-05,5.060270992042529e-06,3.2039914938393405e-08,8.438240239957158e-09,4.1321871041113457e-07,2.7093538300763585e-08,1.0403099771441354e-07,2.3196708049057642e-10,6.338358879072208e-10,3.950691851824107e-40,1.6995874437932075e-18
4.228524938878662e-09,0.05595639656,0.054,0.0,0.0,0.029175520189074017,0.8797372268073279,5.519638799184731e-06,3.0808050730329963e-10,6.610731511687398e-17,0.06596085522513563,0.0,0.0005198529097083932,1.4841778015952413e-06,2.2425880254882353e-06,3.2014016328104046e-05,5.093026187900447e-06,3.2093755710333305e-08,8.467219196090573e-09,4.1788664421065497e-07,2.7535027785051196e-08,1.0574083199801404e-07,2.3786180639518447e-10,6.500790832005642e-10,4.116368621832418e-40,1.7163949222678758e-18
4.249847614990216e-09,0.05595639656,0.054,0.0,0.0,0.029172830673025597,0.8797359265946872,5.567381448452033e-06,3.1709776204153e-10,6.747361507058365e-17,0.06596071014354704,0.0,0.0005224033325546833,1.4867958164877901e-06,2.2361048602447497e-06,3.2116703103831845e-05,5.125860813623614e-06,3.214747504430751e-08,8.496184441686935e-09,4.225884482565231e-07,2.7981751483901795e-08,1.0747120980938346e-07,2.438829037295987e-10,6.666740819671471e-10,4.2883456582427725e-40,1.733280286391936e-18
4.27117029110177e-09,0.05595639656,0.054,0.0,0.0,0.02917014199197841,0.879734626623648,5.615256537016642e-06,3.2634301448912795e-10,6.886222435782666e-17,0.06596056531759202,0.0,0.0005249531139394329,1.4893955490426207e-06,2.2296794678556555e-06,3.221901278692944e-05,5.1587738804067196e-06,3.2201072360186204e-08,8.52513535120366e-09,4.2732416821959183e-07,2.843374645863167e-08,1.0922227192093948e-07,2.500325284507061e-10,6.83626971759308e-10,4.466640732353346e-40,1.750244307972611e-18
4.292492967213325e-09,0.05595639656,0.054,0.0,0.0,0.029167454145971525,0.8797333268941127,5.663264052735654e-06,3.358211258007869e-10,7.027340897052901e-17,0.06596042074640326,0.0,0.0005275022538968097,1.4919772319550059e-06,2.223310891987436e-06,3.2320946743863396e-05,5.191764407898952e-06,3.2254547047580386e-08,8.554071283994101e-09,4.32093851819812e-07,2.8891045639050424e-08,1.1099415977652724e-07,2.5631286171051985e-10,7.009439126907658e-10,4.651531652341157e-40,1.7672870192661904e-18
4.313815643324879e-09,0.05595639656,0.054,0.0,0.0,0.029164767135015257,0.8797320274059837,5.711403978561857e-06,3.4553703951677445e-10,7.170743670910121e-17,0.06596027642910998,0.0,0.0005300507524646189,1.494541094798999e-06,2.216998196873716e-06,3.242250634039597e-05,5.2248314241584324e-06,3.2307898388547983e-08,8.582991548324992e-09,4.368975439783385e-07,2.9353683338296794e-08,1.127870148246252e-07,2.6272611017691333e-10,7.186311377488758e-10,4.843396791733647e-40,1.7844073392650848e-18
4.3330060518252775e-09,0.05595639656,0.054,0.0,0.0,0.029162349539107936,0.8797308580729895,5.7548431043618635e-06,3.5448883589364583e-10,7.301781534072871e-17,0.06596014675990408,0.0,0.0005323438528208176,1.4968335223673676e-06,2.2113637920849134e-06,3.251359102733535e-05,5.254656340113534e-06,3.235580865588539e-08,8.609005849374953e-09,4.412499784208078e-07,2.9774652717169722e-08,1.1441862737774777e-07,2.6861352015387393e-10,7.348714438537502e-10,5.021992761688103e-40,1.7998827155746897e-18
4.352196460325676e-09,0.05595639656,0.054,0.0,0.0,0.02915993261954423,0.8797296889353843,5.7983894451884385e-06,3.636410458409366e-10,7.434711305870853e-17,0.06596001729500593,0.0,0.0005346364337195144,1.499111861865094e-06,2.2057732548779597e-06,3.2604374582573504e-05,5.284541734654522e-06,3.24036181525923e-08,8.635006497332873e-09,4.456300251910904e-07,3.020000103503473e-08,1.1606743972626586e-07,2.7461204293877604e-10,7.514214353099438e-10,5.206393844733653e-40,1.8154219132955803e-18
4.371386868826075e-09,0.05595639656,0.054,0.0,0.0,0.029157516376274475,0.8797285199930971,5.842042978580818e-06,3.7299744815726066e-10,7.56955288406572e-17,0.06595988803377392,0.0,0.0005369284952001143,1.5013762739040581e-06,2.2002259442530064e-06,3.269485800010884e-05,5.314486916482794e-06,3.2451326396905235e-08,8.660993033164093e-09,4.500377161058727e-07,3.062975121338806e-08,1.177335550801663e-07,2.8072333993388995e-10,7.682858085182937e-10,5.397122671432364e-40,1.8310234468862096e-18
4.3905772773264735e-09,0.05595639656,0.054,0.0,0.0,0.029155100809230585,0.8797273512460568,5.885803679038583e-06,3.825618780734232e-10,7.706326284705586e-17,0.06595975897556466,0.0,0.0005392200373005253,1.5036269169065841e-06,2.1947212317671704e-06,3.2785042273353524e-05,5.344491199665585e-06,3.249893298073834e-08,8.686964969972236e-09,4.5447307760257205e-07,3.1063931752730566e-08,1.1941707552434825e-07,2.8694908909955663e-10,7.854693084804934e-10,5.594004958301303e-40,1.8466879503002897e-18
4.409767685826872e-09,0.05595639656,0.054,0.0,0.0,0.02915268591832731,0.8797261826941927,5.929671518003064e-06,3.923382278240012e-10,7.8450516421468e-17,0.06595963011973287,0.0,0.0005415110600636753,1.5058639470857494e-06,2.189258501278156e-06,3.287492839509737e-05,5.374553903593696e-06,3.254643759574606e-08,8.712921876329811e-09,4.589361373501417e-07,3.1502569173966425e-08,1.2111810296615427e-07,2.932909847778201e-10,8.029767290988515e-10,5.79688135530943e-40,1.8624172329238506e-18
4.428958094327271e-09,0.05595639656,0.054,0.0,0.0,0.029150271703464344,0.8797250143374333,5.97364646398325e-06,4.023304472651756e-10,7.985749208696672e-17,0.0659595014656316,0.0,0.0005438015635409931,1.5080875184329965e-06,2.1838371488671824e-06,3.296451735746452e-05,5.4046743529317e-06,3.259383980365928e-08,8.738863349232017e-09,4.634269275996448e-07,3.1945682899593e-08,1.228367409014335e-07,2.9975073880073784e-10,8.208129130378908e-10,6.006877045578748e-40,1.878208336986505e-18
4.4481485028276695e-09,0.05595639656,0.054,0.0,0.0,0.029147858164523626,0.8797238461757079,6.017728482632906e-06,4.125425443743697e-10,8.12843935481545e-17,0.06595937301261226,0.0,0.0005460915477789581,1.5102977827111225e-06,2.178456582544982e-06,3.3053810151876795e-05,5.434851877576533e-06,3.264113924356334e-08,8.764788936418678e-09,4.6794547194441065e-07,3.239330164012324e-08,1.2457309126778166e-07,3.0633007991847785e-10,8.389827522086041e-10,6.223636229034921e-40,1.894062133164667e-18
4.465064460394522e-09,0.05595639656,0.054,0.0,0.0,0.029145731239082893,0.8797228166264107,6.05667465161732e-06,4.217298713736963e-10,8.255886486110649e-17,0.06595925995009772,0.0,0.000548109692106195,1.5122351703894706e-06,2.1737470811304063e-06,3.313227514080605e-05,5.461499555754722e-06,3.2682747280425746e-08,8.787628297689448e-09,4.7195151192506757e-07,3.2791626226278254e-08,1.261184176562573e-07,3.122301924977764e-10,8.552797141702554e-10,6.420128974006924e-40,1.9080902617150867e-18
4.481980417961374e-09,0.05595639656,0.054,0.0,0.0,0.029143604838632577,0.8797217872285524,6.095703960650858e-06,4.310940272262645e-10,8.384911891274104e-17,0.06595914704287385,0.0,0.0005501274330605825,1.5141624355723017e-06,2.169068429698545e-06,3.3210511453064635e-05,5.488190613003597e-06,3.272427499748363e-08,8.810454706468065e-09,4.759791554995236e-07,3.319348738890142e-08,1.276776556428355e-07,3.182257870395901e-10,8.7184318284341e-10,6.622293711811135e-40,1.9221672570071362e-18
4.498896375528226e-09,0.05595639656,0.054,0.0,0.0,0.029141478963062198,0.8797207579820843,6.134816380820764e-06,4.406378715094098e-10,8.515529749754852e-17,0.0659590342904937,0.0,0.0005521447706821946,1.5160796778782296e-06,2.164420245076056e-06,3.3288519766175904e-05,5.514924600292343e-06,3.2765722166150914e-08,8.833267891479439e-09,4.800284200365225e-07,3.359890136712178e-08,1.292508754660444e-07,3.243180805182895e-10,8.886766039799392e-10,6.830447902100058e-40,1.936292113469545e-18
4.515812333095078e-09,0.05595639656,0.054,0.0,0.0,0.029139353612251468,0.8797197288869583,6.1740118816196435e-06,4.5036430025582645e-10,8.647754312001626e-17,0.06595892169250946,0.0,0.000554161705009917,1.5179869955804336e-06,2.159802150766953e-06,3.336630075713338e-05,5.541701071629718e-06,3.280708859756107e-08,8.856067571178347e-09,4.84099319621215e-07,3.400788805137837e-08,1.3083814643482796e-07,3.3050829988708117e-10,9.05783453421881e-10,7.044149348087802e-40,1.950466315175871e-18
4.53272829066193e-09,0.05595639656,0.054,0.0,0.0,0.029137228786071574,0.8797186999431255,6.213290430954738e-06,4.602762461873971e-10,8.781599899447063e-17,0.0659588092484727,0.0,0.0005561782360869064,1.5198844856084932e-06,2.1552137768763116e-06,3.3443855102381025e-05,5.568519584041931e-06,3.2848374111145226e-08,8.878853477235957e-09,4.881918705184733e-07,3.442046432552826e-08,1.3243953812216683e-07,3.367976822943032e-10,9.231672371674154e-10,7.263615550145841e-40,1.9646902838037303e-18
4.549644248228782e-09,0.05595639656,0.054,0.0,0.0,0.029135104484385846,0.8797176711505375,6.2526519951861684e-06,4.703766790809807e-10,8.917080904289668e-17,0.06595869695793423,0.0,0.0005581943639598101,1.5217722435564526e-06,2.1506547599917637e-06,3.3521183477783164e-05,5.5953796975389215e-06,3.2889578513601687e-08,8.901625356676722e-09,4.923060904102959e-07,3.4836644428709515e-08,1.3405512076437196e-07,3.4318747562684404e-10,9.408314912781843e-10,7.489676834054156e-40,1.978962114465534e-18
4.566560205795634e-09,0.05595639656,0.054,0.0,0.0,0.029132980707048388,0.8797166425091455,6.292096539166726e-06,4.806686060370041e-10,9.054211789483359e-17,0.06595858482044435,0.0,0.0005602100886730931,1.5236503636876041e-06,2.1461247430621648e-06,3.3598286558601554e-05,5.622280975088772e-06,3.2930701632743584e-08,8.924382952701593e-09,4.964419927790133e-07,3.5256447100840234e-08,1.356849637324786e-07,3.4967893811431095e-10,9.587797819812958e-10,7.722040729519819e-40,1.9932820902248636e-18
4.5834761633624865e-09,0.05595639656,0.054,0.0,0.0,0.029130857453904657,0.8797156140189014,6.331624026268256e-06,4.911550717556965e-10,9.19300708870264e-17,0.06595847283555276,0.0,0.0005622254102724975,1.5255189389411293e-06,2.1416233752858352e-06,3.3675165019472396e-05,5.649222982591972e-06,3.297174332304352e-08,8.947126009099653e-09,5.005995904038625e-07,3.5679891698298886e-08,1.3732913591972652e-07,3.5627333802856844e-10,9.77015705860234e-10,7.960275677915548e-40,2.0076522074196984e-18
4.600392120929339e-09,0.05595639656,0.054,0.0,0.0,0.029128734724793173,0.8797145856797568,6.371234418420555e-06,5.018391589791142e-10,9.333481406032433e-17,0.06595836100280854,0.0,0.0005642403288096237,1.5273780609460331e-06,2.1371503119662875e-06,3.375181953436864e-05,5.676205288839115e-06,3.3012703431616425e-08,8.969854285241535e-09,5.047788999615715e-07,3.6106992152730083e-08,1.3898770718047352e-07,3.6297195424107116e-10,9.955428897305198e-10,8.205463540718476e-40,2.022070579050665e-18
4.617308078496191e-09,0.05595639656,0.054,0.0,0.0,0.029126612519544414,0.8797135574916629,6.410927676143769e-06,5.127239887657169e-10,9.475649416118973e-17,0.06595824932176045,0.0,0.0005662548443347164,1.5292278200324945e-06,2.1327052144125825e-06,3.3828250776577003e-05,5.7032274654851075e-06,3.3053581816878046e-08,8.992567543995882e-09,5.089799348515039e-07,3.6537765403491325e-08,1.4066074707122367e-07,3.6977607633347623e-10,1.0143649909269912e-09,8.457709837655508e-40,2.036536735672959e-18
4.634224036063043e-09,0.05595639656,0.054,0.0,0.0,0.02912449083798028,0.8797125294545717,6.450703758572684e-06,5.238127206842012e-10,9.619525863983528e-17,0.06595813779195675,0.0,0.0005682689568971413,1.5310683052374148e-06,2.1282877498552834e-06,3.390445941868102e-05,5.73028908703012e-06,3.309437835705597e-08,9.015265548921918e-09,5.132027057031444e-07,3.697223159648142e-08,1.4234832414556193e-07,3.7668700393318906e-10,1.0334856971405239e-09,8.716142701086395e-40,2.0510527351933494e-18
4.651139993629895e-09,0.05595639656,0.054,0.0,0.0,0.029122369679916014,0.8797115015684344,6.4905626234895145e-06,5.351085531970206e-10,9.765125565083294e-17,0.06595802641294528,0.0,0.0005702826665516515,1.5328996043180115e-06,2.1238975913197125e-06,3.398044613252919e-05,5.757389730783715e-06,3.313509293686842e-08,9.037948072322053e-09,5.174472266708565e-07,3.741040601967072e-08,1.4405050772134364e-07,3.837060472194447e-10,1.0529087267583716e-09,8.981615167688217e-40,2.0656178765452552e-18
4.668055951196747e-09,0.05595639656,0.054,0.0,0.0,0.029120249045160203,0.8797104738332027,6.530504227355218e-06,5.466147239561222e-10,9.912463405072239e-17,0.0659579151842736,0.0,0.0005722959733548798,1.5347218037626353e-06,2.119534417519319e-06,3.405621158920943e-05,5.784528976836061e-06,3.317572544617168e-08,9.060614894469289e-09,5.217135119527375e-07,3.785230282101407e-08,1.457673676427451e-07,3.9083452729583646e-10,1.0726378287555613e-09,9.25527626563236e-40,2.0802299741978138e-18
4.684971908763599e-09,0.05595639656,0.054,0.0,0.0,0.02911812893351311,0.8797094462488285,6.570528525349174e-06,5.583345101584614e-10,1.006155433987096e-16,0.0659578041054889,0.0,0.0005743088773601056,1.5365349888058459e-06,2.11519791272443e-06,3.413175645901953e-05,5.811706408024565e-06,3.3216275790874474e-08,9.083265798073987e-09,5.260015706057278e-07,3.829794208459272e-08,1.474989723893091e-07,3.980737754921944e-10,1.092676782831109e-09,9.535942181630301e-40,2.094890691421843e-18
4.7018878663304514e-09,0.05595639656,0.054,0.0,0.0,0.02911600934476805,0.8797084188152632,6.61063547139265e-06,5.702712287895456e-10,1.0212413395544882e-16,0.06595769317613821,0.0,0.0005763213786238905,1.538339243439154e-06,2.1108877666780493e-06,3.420708141144668e-05,5.838921609910604e-06,3.325674388913321e-08,9.105900570799234e-09,5.303114132027522e-07,3.874734187842797e-08,1.4924539037028974e-07,4.054251333457951e-10,1.1130293994874851e-09,9.823492285011929e-40,2.1096015111630713e-18
4.7188038238973036e-09,0.05595639656,0.054,0.0,0.0,0.02911389027871275,0.8797073915324588,6.650825018190791e-06,5.824282370602661e-10,1.0365055667928042e-16,0.06595758239576825,0.0,0.0005783334772075223,1.5401346504321026e-06,2.1066036744505155e-06,3.428218711513066e-05,5.866174170737721e-06,3.3297129663270276e-08,9.128519008422938e-09,5.346430533135743e-07,3.920051573953061e-08,1.5100669095666231e-07,4.128899533169e-10,1.1336995198260911e-09,1.011951198432306e-39,2.1243599235553673e-18
4.735719781464156e-09,0.05595639656,0.054,0.0,0.0,0.029111771735128026,0.8797063644003665,6.691097117261357e-06,5.94808932705894e-10,1.0519496322837869e-16,0.06595747176392563,0.0,0.0005803451731700879,1.5419212913480624e-06,2.102345336343672e-06,3.4357074237840386e-05,5.893463681404712e-06,3.33374330469991e-08,9.151120911169179e-09,5.389965006086379e-07,3.965748099785351e-08,1.5278294305200674e-07,4.204695986426673e-10,1.154691015978213e-09,1.0423814635733958e-39,2.1391658854553676e-18
4.752635739031008e-09,0.05595639656,0.054,0.0,0.0,0.02910965371378734,0.8797053374189385,6.731451718954121e-06,6.074167541716787e-10,1.0675750595849526e-16,0.06595736128015682,0.0,0.0005823564665702551,1.5436992465527756e-06,2.0981124578238963e-06,3.4431743446458424e-05,5.920789735447751e-06,3.3377653986518774e-08,9.17370608350273e-09,5.433717626633798e-07,4.011825751941963e-08,1.545742145465581e-07,4.2816544258235756e-10,1.1760077908864442e-09,1.0735179029291984e-39,2.1540219050547155e-18
4.76955169659786e-09,0.05595639656,0.054,0.0,0.0,0.02910753621445898,0.8797043105881264,6.771888772485758e-06,6.202551810050147e-10,1.0833833792358402e-16,0.06595725094400817,0.0,0.0005843673574721255,1.5454685952324857e-06,2.0939047493991433e-06,3.450619540695006e-05,5.948151929004874e-06,3.341779243552412e-08,9.196274336440353e-09,5.477688508422139e-07,4.058285990609232e-08,1.5638057423029663e-07,4.3597886918280057e-10,1.1976537786138386e-09,1.1055049355231863e-39,2.1689266475866408e-18
4.786467654164712e-09,0.05595639656,0.054,0.0,0.0,0.029105419236905686,0.8797032839078821,6.812408225968393e-06,6.333277341471245e-10,1.099376128728904e-16,0.06595714075502596,0.0,0.0005863778459406954,1.5472294154082911e-06,2.0897219265218636e-06,3.4580430784339486e-05,5.975549860788517e-06,3.345784835590746e-08,9.21882548666942e-09,5.521877757869488e-07,4.105130251252617e-08,1.582020912865882e-07,4.43911273578722e-10,1.2196329441695213e-09,1.1384758279793364e-39,2.18387773208663e-18
4.803383611731564e-09,0.05595639656,0.054,0.0,0.0,0.02910330278088293,0.8797022573781572,6.8530100264441265e-06,6.466379762968123e-10,1.1155548525181318e-16,0.06595703071275649,0.0,0.0005883879320375716,1.548981783954481e-06,2.0855637094716546e-06,3.4654450242681866e-05,6.002983132052976e-06,3.349782172125705e-08,9.241359355220862e-09,5.566285431695711e-07,4.152360557113261e-08,1.6003883341487655e-07,4.5196406109703324e-10,1.2419492837009148e-09,1.1722349193283803e-39,2.1988776333105605e-18
4.820299569298416e-09,0.05595639656,0.054,0.0,0.0,0.029101186846140742,0.8797012309989036,6.89369411990677e-06,6.601895121544953e-10,1.1319211020030313e-16,0.06595692081674606,0.0,0.0005903976158283012,1.550725776611508e-06,2.0814298232807545e-06,3.472825444504425e-05,6.030451346572281e-06,3.3537712514139926e-08,9.263875768485252e-09,5.610911610440382e-07,4.199978620933022e-08,1.618908684605914e-07,4.6013864740790683e-10,1.264606824551519e-09,1.2068122370475925e-39,2.213927548604423e-18
4.8355239311085835e-09,0.05595639656,0.054,0.0,0.0,0.02909928295035739,0.8797003073861885,6.930380119076099e-06,6.725952140089126e-10,1.1468123488077247e-16,0.06595682203501323,0.0,0.0005922059873254559,1.552288270321118e-06,2.077729905060805e-06,3.479449473051062e-05,6.055202290642313e-06,3.3573543619490976e-08,9.284125477273602e-09,5.651262078072841e-07,4.243167523799145e-08,1.635708322366643e-07,4.676010920559598e-10,1.2852936919749867e-09,1.23880076377527e-39,2.2275127090887365e-18
4.850748292918751e-09,0.05595639656,0.054,0.0,0.0,0.02909737947641569,0.8796993838952814,6.967132690229488e-06,6.852020057806206e-10,1.1618578943717133e-16,0.06595672337105209,0.0,0.0005940140330594651,1.5538440936743177e-06,2.0740492818476575e-06,3.486056167681088e-05,6.079980934441568e-06,3.360930783136124e-08,9.3043607919423e-09,5.691789664589957e-07,4.28667285944262e-08,1.652632886796356e-07,4.751643969356342e-10,1.3062631995337722e-09,1.2715831517068086e-39,2.24113587793048e-18
4.865972654728918e-09,0.05595639656,0.054,0.0,0.0,0.029095476424121858,0.8796984605261469,7.003951791941779e-06,6.980126039550995e-10,1.1770588840318117e-16,0.06595662482453214,0.0,0.0005958217530781465,1.5553932996064757e-06,2.0703877626467422e-06,3.4926455765163305e-05,6.104786994233027e-06,3.3645005154954374e-08,9.324581596164337e-09,5.732494397836269e-07,4.330496121293943e-08,1.6696828668345735e-07,4.82829616241407e-10,1.3275183479153527e-09,1.304997972831172e-39,2.2547999413683486e-18
4.881197016539085e-09,0.05595639656,0.054,0.0,0.0,0.029093573793279724,0.8796975372787499,7.040837382170134e-06,7.110297533901175e-10,1.1924164676626476e-16,0.06595652639512287,0.0,0.0005976291474343468,1.556935940352439e-06,2.0667451593421916e-06,3.499217747607798e-05,6.12962018786202e-06,3.3680635600319026e-08,9.344787777340053e-09,5.773376346392353e-07,4.3746382654332346e-08,1.686858760600464e-07,4.905978113333328e-10,1.3490621584795537e-09,1.3392663981985908e-39,2.2685029919017084e-18
4.896421378349252e-09,0.05595639656,0.054,0.0,0.0,0.029091671583689693,0.8796966141530554,7.07778941827468e-06,7.242562275506548e-10,1.2079317996543468e-16,0.06595642808249393,0.0,0.0005994362161795442,1.5584720674590074e-06,2.0631212866273813e-06,3.5057727289339863e-05,6.15448023473582e-06,3.3716199182738335e-08,9.364979226070087e-09,5.814435555808619e-07,4.4191004692154855e-08,1.7041610632934806e-07,4.984700507893572e-10,1.3708976730438318e-09,1.3743804870629622e-39,2.2822441154732384e-18
4.911645740159419e-09,0.05595639656,0.054,0.0,0.0,0.029089769795148598,0.8796956911490289,7.114807857035411e-06,7.376948287172555e-10,1.2236060389097237e-16,0.06595632988631506,0.0,0.0006012429593645204,1.5600017317966543e-06,2.0595159619483365e-06,3.512310568399445e-05,6.179366855806381e-06,3.375169592293741e-08,9.385155835843267e-09,5.855672055487988e-07,4.463884078620796e-08,1.7215902655738703e-07,5.064474100758015e-10,1.393027954024751e-09,1.4102331712176318e-39,2.296024465790361e-18
4.9268701019695865e-09,0.05595639656,0.054,0.0,0.0,0.029087868427450404,0.8796947682666348,7.151892654657495e-06,7.51348388055813e-10,1.2394403488413994e-16,0.06595623180625627,0.0,0.0006030493770421557,1.5615249835630602e-06,2.0559290054853475e-06,3.518831313834315e-05,6.204279773564632e-06,3.378712584672996e-08,9.405317503106378e-09,5.89708588669637e-07,4.508990267525766e-08,1.7391468596215288e-07,5.145309715775467e-10,1.4154560844975707e-09,1.446930431438613e-39,2.309844650993243e-18
4.942094463779754e-09,0.05595639656,0.054,0.0,0.0,0.02908596748038641,0.8796938455058384,7.189043766787971e-06,7.652197658275328e-10,1.2554358973604809e-16,0.06595613384198762,0.0,0.000604855469266947,1.5630418722939759e-06,2.052360240094651e-06,3.5253350129929033e-05,6.229218712023062e-06,3.3822488984898406e-08,9.425464127576417e-09,5.938677097897166e-07,4.5544200702720495e-08,1.756831340534893e-07,5.227218248769486e-10,1.438185168118594e-09,1.4846096532622914e-39,2.3237027348356775e-18
4.957318825589921e-09,0.05595639656,0.054,0.0,0.0,0.029084066953744388,0.8796929228666046,7.226261148540123e-06,7.79311851699452e-10,1.271593856876677e-16,0.06595603599317942,0.0,0.0006066612360911328,1.5645524468798096e-06,2.0488094912261116e-06,3.531821713551637e-05,6.254183396690759e-06,3.3857785373282264e-08,9.445595611991587e-09,5.9804457062461e-07,4.600174866754201e-08,1.774644196320848e-07,5.310210665441608e-10,1.4612183292415664e-09,1.5230571489241827e-39,2.337599837759539e-18
4.972543187400088e-09,0.05595639656,0.054,0.0,0.0,0.029082166847309323,0.8796920003488988,7.263544754504969e-06,7.936275648976437e-10,1.2879154042794394e-16,0.0659559382595022,0.0,0.0006084666775688035,1.566056755574601e-06,2.0452765868859216e-06,3.5382914631081235e-05,6.279173554561414e-06,3.3893015052284465e-08,9.465711861870426e-09,6.022391738807957e-07,4.646255904538691e-08,1.7925859144669813e-07,5.394297999908439e-10,1.4845587128186944e-09,1.562275119839543e-39,2.3515368899282024e-18
4.987767549210255e-09,0.05595639656,0.054,0.0,0.0,0.029080267160864173,0.8796910779526858,7.300894538757336e-06,8.081698542957665e-10,1.304401720946807e-16,0.06595584064062666,0.0,0.0006102717937568926,1.5675548460001626e-06,2.0417613576154414e-06,3.544744309180601e-05,6.30418891410659e-06,3.392817806659264e-08,9.485812785441879e-09,6.064515242508e-07,4.692664123475069e-08,1.8106569895126046e-07,5.479491359598669e-10,1.5082094846276546e-09,1.6026205535550017e-39,2.3655120993804836e-18
5.002991911020422e-09,0.05595639656,0.054,0.0,0.0,0.029078367894188807,0.879690155677931,7.338310454874915e-06,8.229416986705592e-10,1.321053992718318e-16,0.06595574313622375,0.0,0.0006120765847104652,1.5690467651595747e-06,2.0382636364246352e-06,3.551180299206345e-05,6.329229205255574e-06,3.396327446583618e-08,9.505898293871505e-09,6.10681623722757e-07,4.739400744591944e-08,1.828857911066781e-07,5.56580192268874e-10,1.5321738310186202e-09,1.643999444186833e-39,2.3795249125074282e-18
5.0182162728305895e-09,0.05595639656,0.054,0.0,0.0,0.02907646904705955,0.8796892335245989,7.375792455948902e-06,8.379461068552127e-10,1.3378734099124313e-16,0.06595564574596473,0.0,0.0006138810504829782,1.5705325594445573e-06,2.0347832587551676e-06,3.5575994805407597e-05,6.354294159383952e-06,3.399830430443485e-08,9.525968301298919e-09,6.149294718502982e-07,4.786467293668303e-08,1.8471891587531147e-07,5.6532409336524e-10,1.5564549591304563e-09,1.6859392564676446e-39,2.3935780184880767e-18
5.033440634640757e-09,0.05595639656,0.054,0.0,0.0,0.029074570619251356,0.8796883114926555,7.413340494599582e-06,8.531861179466893e-10,1.3548611672972342e-16,0.06595554846952108,0.0,0.0006156851911333174,1.5720122746462232e-06,2.0313200624292717e-06,3.564001900456121e-05,6.37938350929761e-06,3.403326764051448e-08,9.54602272451357e-09,6.191950728042118e-07,4.8338646874779424e-08,1.865651223052772e-07,5.741819709159115e-10,1.5810560968167155e-09,1.7289974907471563e-39,2.4076704813176118e-18
5.048664996450924e-09,0.05595639656,0.054,0.0,0.0,0.029072672610536327,0.8796873895820653,7.450954522941696e-06,8.686648053018683e-10,1.3720184646246534e-16,0.06595545130656463,0.0,0.0006174890067188236,1.5734859558880537e-06,2.027873887850547e-06,3.570387606129593e-05,6.4044969893851165e-06,3.406816453966825e-08,9.566061484069444e-09,6.234784283250296e-07,4.881594065824337e-08,1.8842445920929135e-07,5.831549647545594e-10,1.605980495104456e-09,1.7731174259679225e-39,2.421800915588842e-18
5.063889358261091e-09,0.05595639656,0.054,0.0,0.0,0.02907077502068401,0.8796864677927939,7.4886344926758e-06,8.843852712323608e-10,1.3893465058355808e-16,0.06595535425676753,0.0,0.000619292497296313,1.5749536477616101e-06,2.024444577577832e-06,3.576756644657527e-05,6.42963433534651e-06,3.4102995065818324e-08,9.586084501426874e-09,6.277795388868591e-07,4.929656697736308e-08,1.9029697500934843e-07,5.922442212490754e-10,1.6312314246458982e-09,1.818186684528647e-39,2.435969988873575e-18
5.079113720071258e-09,0.05595639656,0.054,0.0,0.0,0.029068877849462018,0.8796855461248062,7.526380355145163e-06,9.003506438208462e-10,1.4068464985766161e-16,0.06595525731980217,0.0,0.0006210956629237307,1.576415394366071e-06,2.0210319760154945e-06,3.5831090630639864e-05,6.454795284043499e-06,3.413775929327039e-08,9.606091702025244e-09,6.320984054573867e-07,4.9780537818307296e-08,1.9218271801300752e-07,6.014508924370932e-10,1.6568121735284559e-09,1.8642512866159503e-39,2.4501783191511168e-18
5.094338081881425e-09,0.05595639656,0.054,0.0,0.0,0.029066981096635726,0.8796846245780678,7.564192061243033e-06,9.165640839400537e-10,1.42451965517998e-16,0.06595516049534127,0.0,0.0006228985036600403,1.5778712392230264e-06,2.0176359299451373e-06,3.5894449082809275e-05,6.479979573794512e-06,3.417245729302993e-08,9.626083012553294e-09,6.364350292032249e-07,5.02678644119826e-08,1.9408173667288358e-07,6.107761379825214e-10,1.6827260518213703e-09,1.911398759846164e-39,2.4644253499873746e-18
5.1095624436915925e-09,0.05595639656,0.054,0.0,0.0,0.029065084761968243,0.8796837031525437,7.6020695614502095e-06,9.330287838559402e-10,1.4423671924248776e-16,0.0659550637830579,0.0,0.0006247010195642433,1.579321225298025e-06,2.014256288336702e-06,3.595764227151557e-05,6.505186944291273e-06,3.4207089140924116e-08,9.646058361134917e-09,6.40789410570647e-07,5.075855847234221e-08,1.95994079286888e-07,6.202211246809028e-10,1.7089763904977976e-09,1.959612067530308e-39,2.478710789053409e-18
5.12478680550176e-09,0.05595639656,0.054,0.0,0.0,0.02906318884522076,0.8796827818481993,7.640012805916251e-06,9.497479615490235e-10,1.460390330712319e-16,0.0659549671826254,0.0,0.0006265032106955177,1.580765395114951e-06,2.0108929019243087e-06,3.602067066446159e-05,6.530417136336132e-06,3.424165491759858e-08,9.666017678559585e-09,6.451615495730081e-07,5.125263201953237e-08,1.9791979396000126e-07,6.297870250127392e-10,1.7355665376673396e-09,2.008874015220756e-39,2.493035061062753e-18
5.140011167311927e-09,0.05595639656,0.054,0.0,0.0,0.02906129334615177,0.8796818606649996,7.678021744278532e-06,9.667248760077776e-10,1.4785902961660317e-16,0.06595487069371761,0.0,0.0006283050771139516,1.582203790519414e-06,2.0075456242134936e-06,3.608353472818344e-05,6.555669892473424e-06,3.4276154702849144e-08,9.685960897052913e-09,6.495514461693467e-07,5.175009665966421e-08,1.9985892875893082e-07,6.394750207037258e-10,1.762499868398176e-09,2.05924383797546e-39,2.507398250872104e-18
5.155235529122094e-09,0.05595639656,0.054,0.0,0.0,0.029059398264518106,0.8796809396029102,7.716096325837006e-06,9.839628150264266e-10,1.4969683188985216e-16,0.06595477431600874,0.0,0.0006301066188802405,1.5836364528598577e-06,2.0042143105325396e-06,3.614623492839076e-05,6.580944956450386e-06,3.4310588588062976e-08,9.705887953390695e-09,6.539591002865815e-07,5.22509636601176e-08,2.018115317661538e-07,6.492862999002282e-10,1.7897797767271946e-09,2.110784042869202e-39,2.5217997751656633e-18
5.170459890932261e-09,0.05595639656,0.054,0.0,0.0,0.029057503600074246,0.8796800186618965,7.75423649946631e-06,1.0014651033525646e-09,1.5155256340889068e-16,0.06595467804917332,0.0,0.0006319078360550808,1.5850634228887156e-06,2.0008988185381335e-06,3.6208771729731094e-05,6.606242073527304e-06,3.434495667014732e-08,9.725798788323189e-09,6.583845110342226e-07,5.2755244850211766e-08,2.0377765086851994e-07,6.592220589127747e-10,1.8174096806513851e-09,2.163448955156285e-39,2.5362396965238587e-18
5.185684252742428e-09,0.05595639656,0.054,0.0,0.0,0.029055609352573133,0.8796790978419234,7.792442213772417e-06,1.0192350922787529e-09,1.534263480515131e-16,0.06595458189288646,0.0,0.0006337087286994249,1.5864847409209915e-06,1.9975990074329952e-06,3.6271145596080086e-05,6.631560990026044e-06,3.4379259045219264e-08,9.74569334500646e-09,6.628276772221682e-07,5.326295223689279e-08,2.0575733375163144e-07,6.692834997274813e-10,1.8453930153990088e-09,2.217223751993345e-39,2.550718763009666e-18
5.2009086145525955e-09,0.05595639656,0.054,0.0,0.0,0.02905371552176586,0.8796781771429568,7.830713416979997e-06,1.0372761687806622e-09,1.553183101770142e-16,0.06595448584682359,0.0,0.0006355092968753514,1.587900446732987e-06,1.9943147385831335e-06,3.633335699028071e-05,6.656901453684081e-06,3.4413495807386625e-08,9.765571565678255e-09,6.672885980171117e-07,5.377409694328832e-08,2.0775062819675042e-07,6.794718321765745e-10,1.8737332390635235e-09,2.2722476986349412e-39,2.5652366197733455e-18
5.216132976362763e-09,0.05595639656,0.054,0.0,0.0,0.02905182210740216,0.8796772565649619,7.869050057045608e-06,1.0555917479138218e-09,1.5722857451957528e-16,0.06595438991066054,0.0,0.0006373095406452053,1.589310579673302e-06,1.991045874928763e-06,3.639540637435502e-05,6.682263213331193e-06,3.4447667060510493e-08,9.785433394629802e-09,6.717672722929831e-07,5.428869006263294e-08,2.097575819683017e-07,6.897882722242857e-10,1.9024338277664104e-09,2.328563267117339e-39,2.579792274719679e-18
5.23135733817293e-09,0.05595639656,0.054,0.0,0.0,0.029049929109229513,0.879676336107904,7.907452081549402e-06,1.0741852812136682e-09,1.5915726629942912e-16,0.06595429408407366,0.0,0.0006391094600708896,1.5907151785680498e-06,1.987792281548593e-06,3.645729420926583e-05,6.7076460192088784e-06,3.44817729098444e-08,9.805278779834943e-09,6.762636977214057e-07,5.480674381488592e-08,2.1177824246927164e-07,7.00234043620934e-10,1.931498280789595e-09,2.386009834130747e-39,2.5943864229963638e-18
5.246581699983097e-09,0.05595639656,0.054,0.0,0.0,0.029048036526993823,0.8796754157717489,7.9459194377759e-06,1.0930602520025472e-09,1.6110451115656746e-16,0.0659541983667397,0.0,0.0006409090552151749,1.5921142817799249e-06,1.9845538252741673e-06,3.65190209550463e-05,6.733049622768134e-06,3.451581346022317e-08,9.825107672029438e-09,6.80777872207942e-07,5.532826988350364e-08,2.138126570248589e-07,7.108103768313643e-10,1.9609301176066247e-09,2.444699323131775e-39,2.609020087363717e-18
5.261806061793264e-09,0.05595639656,0.054,0.0,0.0,0.02904614436043984,0.8796744955564615,7.984452072743081e-06,1.112220174559371e-09,1.6307043513419545e-16,0.06595410275833591,0.0,0.0006427083261419555,1.593507927240435e-06,1.981330374576505e-06,3.658058707082078e-05,6.758473776611683e-06,3.454978882081144e-08,9.844920021311777e-09,6.853097941919185e-07,5.5853278885743623e-08,2.1586087312425022e-07,7.215185090070361e-10,1.99073287712668e-09,2.5047648573535797e-39,2.623691739378097e-18
5.277030423603431e-09,0.05595639656,0.054,0.0,0.0,0.029044252609310546,0.8796735754620076,8.023049933151729e-06,1.1316685983537653e-09,1.65055164732818e-16,0.06595400725853999,0.0,0.0006445072729146974,1.5948961524072632e-06,1.978121799817724e-06,3.664199301468418e-05,6.783918234640377e-06,3.4583699102979963e-08,9.864715779618142e-09,6.898594610001775e-07,5.638178231171539e-08,2.1792293808025378e-07,7.323596848110705e-10,2.020910120266681e-09,2.566144122402278e-39,2.638401017030096e-18
5.2922547854135985e-09,0.05595639656,0.054,0.0,0.0,0.029042361273347132,0.8796726554883529,8.06171296542259e-06,1.1514091057498706e-09,1.6705882687750982e-16,0.06595391186703008,0.0,0.0006463058955966222,1.5962789942929037e-06,1.974927973064794e-06,3.670323924376547e-05,6.809382751957081e-06,3.4617544421296234e-08,9.88449490268963e-09,6.944268690970475e-07,5.691379254267814e-08,2.199988987891163e-07,7.43335155616049e-10,2.0514654284156864e-09,2.6287436141476987e-39,2.653149911882412e-18
5.307479147223766e-09,0.05595639656,0.054,0.0,0.0,0.02904047035228952,0.8796717356354626,8.100441115683039e-06,1.1714453142226653e-09,1.6908154894322474e-16,0.06595381658348493,0.0,0.0006481041942525203,1.5976564894510004e-06,1.971748768177492e-06,3.676432621416353e-05,6.834867084924444e-06,3.4651324892711026e-08,9.904257347950245e-09,6.990120158604507e-07,5.7449320466449176e-08,2.2208880231549417e-07,7.544461801746179e-10,2.0824024047150504e-09,2.6927545780690026e-39,2.6679381047913507e-18
5.322703509033933e-09,0.05595639656,0.054,0.0,0.0,0.029038579845876617,0.8796708159033023,8.139234329812227e-06,1.1917808739826242e-09,1.7112345871961345e-16,0.06595372140758371,0.0,0.0006499021689479173,1.5990286740104838e-06,1.9685840606065983e-06,3.682525438101228e-05,6.860370991062148e-06,3.468504063724106e-08,9.924003073652697e-09,7.036148988175083e-07,5.798837623003074e-08,2.2419269593262195e-07,7.656940242404614e-10,2.1137246724055144e-09,2.7583223928223024e-39,2.6827628233018946e-18
5.3379278708441e-09,0.05595639656,0.054,0.0,0.0,0.029036689753845494,0.8796698962918379,8.178092553422495e-06,1.2124194701575644e-09,1.731846844363926e-16,0.06595362633900612,0.0,0.0006516998197469456,1.6003955836650379e-06,1.9654337274895206e-06,3.6886024198418245e-05,6.885894229103856e-06,3.4718691776244556e-08,9.943732039949173e-09,7.082355134794286e-07,5.853097215755535e-08,2.2631062634762684e-07,7.770799606553258e-10,2.1454358760751287e-09,2.825178024714608e-39,2.6976252222742626e-18
5.353152232654267e-09,0.05595639656,0.054,0.0,0.0,0.029034800075931705,0.8796689768010346,8.217015731883393e-06,1.233364821620944e-09,1.7526535474561857e-16,0.06595353137743241,0.0,0.0006534971467141757,1.6017572536917397e-06,1.962297647540381e-06,3.6946636119492545e-05,6.911436558943648e-06,3.4752278433731666e-08,9.963444209703062e-09,7.128738552110321e-07,5.907712065302582e-08,2.2844263994380913e-07,7.886052689176608e-10,2.177539680907956e-09,2.8933375865318725e-39,2.712528764287795e-18
5.368376594464434e-09,0.05595639656,0.054,0.0,0.0,0.029032910811870257,0.8796680574308582,8.256003810336534e-06,1.2546206810664882e-09,1.7736559871633966e-16,0.06595343652254337,0.0,0.0006552941499168397,1.6031137189671549e-06,1.9591757010047354e-06,3.700709059634758e-05,6.93699774161616e-06,3.478580073552622e-08,9.98313954680564e-09,7.175299214671774e-07,5.962683110231899e-08,2.305887836432053e-07,8.002712356058385e-10,2.210039772340205e-09,2.963148755465358e-39,2.7274695677002688e-18
5.3836009562746015e-09,0.05595639656,0.054,0.0,0.0,0.029031021961394878,0.8796671381812742,8.295056733686504e-06,1.2761908364037538e-09,1.7948554585089503e-16,0.0659533417740203,0.0,0.0006570908294208977,1.6044650139619095e-06,1.9560677697091352e-06,3.706738808005819e-05,6.962577539327957e-06,3.481925880873943e-08,1.0002818016123754e-08,7.222037078376193e-07,6.018011449891833e-08,2.3274910422182953e-07,8.12079154654275e-10,2.242939857034282e-09,3.034560225298072e-39,2.742446249887181e-18
5.398825318084769e-09,0.05595639656,0.054,0.0,0.0,0.029029133524237277,0.8796662190522483,8.334174446612415e-06,1.2980791101428379e-09,1.8162532607420512e-16,0.06595324713154502,0.0,0.0006588871852908582,1.6058111727486482e-06,1.9529737370051077e-06,3.712752902067848e-05,6.9881757154311546e-06,3.4852652783047995e-08,1.002247958439258e-08,7.268952078899684e-07,6.073698438141686e-08,2.3492364753855436e-07,8.240303264799996e-10,2.2762436621992836e-09,3.107177075759336e-39,2.7574641128039586e-18
5.414049679894936e-09,0.05595639656,0.054,0.0,0.0,0.029027245500128574,0.8796653000437464,8.373356893570794e-06,1.3202893602544476e-09,1.83785069742298e-16,0.0659531525948,0.0,0.0006606832175940619,1.60715222900512e-06,1.949893487764479e-06,3.7187513867218025e-05,7.0137920344285845e-06,3.488598279032092e-08,1.0042124220381986e-08,7.316044174479069e-07,6.129745122516262e-08,2.3711245985667256e-07,8.361260586335809e-10,2.3099549362930095e-09,3.1813049990397756e-39,2.772522895875839e-18
5.429274041705103e-09,0.05595639656,0.054,0.0,0.0,0.029025357888799657,0.879664381155734,8.412604018812072e-06,1.3428254795484673e-09,1.8596490762884682e-16,0.0659530581634682,0.0,0.0006624789263995857,1.6084882160259022e-06,1.9468269083140742e-06,3.724734306765862e-05,7.0394262619427114e-06,3.4919248963844035e-08,1.006175189425999e-08,7.363313335161373e-07,6.186152315942624e-08,2.393155882093975e-07,8.483676661339785e-10,2.3440774481984276e-09,3.25753050004659e-39,2.7876150920008265e-18
5.44449840351527e-09,0.05595639656,0.054,0.0,0.0,0.02902347068997911,0.8796634623881767,8.451915766382851e-06,1.3656913963630193e-09,1.8816497093294717e-16,0.06595296383723315,0.0,0.0006642743117721722,1.6098191667258912e-06,1.9437738864337163e-06,3.730701706893562e-05,7.065078164719736e-06,3.495245143844703e-08,1.0081362577239698e-08,7.410759482111888e-07,6.242921418511969e-08,2.4153307824728625e-07,8.607564706756252e-10,2.3786149877121276e-09,3.335025184727107e-39,2.802745674059549e-18
5.459722765325437e-09,0.05595639656,0.054,0.0,0.0,0.029021583903394675,0.8796625437410407,8.49129208011582e-06,1.388891079009833e-09,1.9038539132644806e-16,0.06595286961577913,0.0,0.0006660693737796128,1.6111451135995977e-06,1.9407343114671255e-06,3.7366536316806715e-05,7.090747510746408e-06,3.4985590353339153e-08,1.0100956243097451e-08,7.458382560941889e-07,6.300053526863933e-08,2.4376497576401456e-07,8.732938015029757e-10,2.413571367987654e-09,3.414130068066358e-39,2.8179164631209317e-18
5.4749471271356045e-09,0.05595639656,0.054,0.0,0.0,0.029019697528773494,0.8796616252142914,8.530732903668598e-06,1.4124285294739068e-09,1.9262630087384988e-16,0.06595277549879083,0.0,0.0006678641124903427,1.612466088812015e-06,1.9377080740755235e-06,3.7425901256040035e-05,7.116434069038497e-06,3.5018665843957854e-08,1.012053286567891e-08,7.506182518594132e-07,6.357549666332419e-08,2.4601132675888557e-07,8.859809946600304e-10,2.4489504213791203e-09,3.4950108170378754e-39,2.8331253875166593e-18
5.490171488945772e-09,0.05595639656,0.054,0.0,0.0,0.029017811565841947,0.8796607068078944,8.570238180551002e-06,1.4363077798014086e-09,1.9488783199075853e-16,0.06595268148595358,0.0,0.0006696585279723199,1.6137821242130462e-06,1.9346950660317663e-06,3.7485112330518494e-05,7.1421376095258585e-06,3.5051678054106054e-08,1.0140092421376655e-08,7.554159292903241e-07,6.415410933959511e-08,2.4827217709032346e-07,8.988193920136556e-10,2.484755997730989e-09,3.577569232411312e-39,2.848371439695101e-18
5.505395850755939e-09,0.05595639656,0.054,0.0,0.0,0.02901592601432523,0.879659788521816,8.609807854083959e-06,1.4605329002194967e-09,1.9717011753501804e-16,0.06595258757695327,0.0,0.0006714526202935481,1.6150932512925698e-06,1.9316951805649167e-06,3.754416998300508e-05,7.167857903286268e-06,3.508462712220727e-08,1.0159634887196874e-08,7.602312816488296e-07,6.473638465189779e-08,2.505475723325973e-07,9.118103426570882e-10,2.5209919687313046e-09,3.6618057259004886e-39,2.8636559412508725e-18
5.520620212566106e-09,0.05595639656,0.054,0.0,0.0,0.02901404087394775,0.8796588703560219,8.649441867417716e-06,1.4851079974944495e-09,1.9947329078487606e-16,0.06595249377147636,0.0,0.0006732463895226838,1.6163995011904453e-06,1.9287083122402494e-06,3.7603074655191235e-05,7.193594722481813e-06,3.511751318937618e-08,1.017916024021195e-08,7.650643023243897e-07,6.532233346113005e-08,2.528375580235406e-07,9.249552026859475e-10,2.5576622269211736e-09,3.74784976086095e-39,2.8789791794637333e-18
5.535844574376273e-09,0.05595639656,0.054,0.0,0.0,0.029012156144433313,0.8796579523104777,8.68914016356562e-06,1.5100372082891139e-09,2.017974853600938e-16,0.06595240006920992,0.0,0.000675039835728672,1.6177009047686152e-06,1.9257343566999043e-06,3.766182678789316e-05,7.21934784015261e-06,3.5150336399462215e-08,1.0198668459339036e-08,7.699149845724187e-07,6.591196645617592e-08,2.551421796789632e-07,9.38255333907904e-10,2.5947706818346046e-09,3.8357195486758814e-39,2.89434012711197e-18
5.55106893618644e-09,0.05595639656,0.054,0.0,0.0,0.02901027182550455,0.8796570343851494,8.728902685329007e-06,1.5353247168970432e-09,2.0414283542038657e-16,0.06595230646984171,0.0,0.0006768329589805224,1.6189974924676178e-06,1.922773211294904e-06,3.772042682053678e-05,7.245117030719e-06,3.518309689256723e-08,1.0218159523640669e-08,7.747833210365584e-07,6.650529460991205e-08,2.5746148262297553e-07,9.517121072171335e-10,2.6323212697502634e-09,3.9253777633342816e-39,2.9097387281408765e-18
5.5662932979966075e-09,0.05595639656,0.054,0.0,0.0,0.02900838791688337,0.8796561165800034,8.76872937537453e-06,1.5609747410365982e-09,2.0650947550123443e-16,0.0659522129730601,0.0,0.0006786257593474415,1.620289294411969e-06,1.919824774484656e-06,3.777887519157117e-05,7.270902069556033e-06,3.521579481772222e-08,1.0237633414968365e-08,7.796693041126026e-07,6.71023289829107e-08,2.5979551197657955e-07,9.653268996257068e-10,2.6703179457267722e-09,4.01689662212431e-39,2.9251761794739616e-18
5.581517659806775e-09,0.05595639656,0.054,0.0,0.0,0.029006504418290946,0.879655198895005,8.80862017619483e-06,1.586991541254394e-09,2.088975406152828e-16,0.0659521195785542,0.0,0.000680418236899223,1.6215763403570341e-06,1.9168889461710923e-06,3.783717233820004e-05,7.296702733243314e-06,3.524843032546836e-08,1.0257090117808374e-08,7.845729262052435e-07,6.770308017484784e-08,2.621443128507091e-07,9.791010962074054e-10,2.7087646885195742e-09,4.110386323319887e-39,2.940652048251664e-18
5.596742021616942e-09,0.05595639656,0.054,0.0,0.0,0.029004621329448,0.8796542813301202,8.848575030183264e-06,1.613379408819661e-09,2.1130716611314505e-16,0.06595202628601364,0.0,0.0006822103917058473,1.622858659777653e-06,1.9139656271948097e-06,3.7895318696731523e-05,7.322518799207311e-06,3.5281003565240254e-08,1.0276529618109724e-08,7.894941795128894e-07,6.830755873142002e-08,2.6450793028615794e-07,9.930360876808323e-10,2.747665493834012e-09,4.2057874435514856e-39,2.9561647300686095e-18
5.611966383427109e-09,0.05595639656,0.054,0.0,0.0,0.029002738650074356,0.8796533638853155,8.888593879579803e-06,1.6401426762797085e-09,2.137384877985845e-16,0.06595193309512881,0.0,0.0006840022238371028,1.6241362818149578e-06,1.9110547197446364e-06,3.795331470227848e-05,7.348350046006154e-06,3.5313514683381005e-08,1.0295951900105955e-08,7.944330554941747e-07,6.891577574579087e-08,2.6688640907497277e-07,1.0071332723214635e-09,2.787024379955847e-09,4.303046831960626e-39,2.971715218843432e-18
5.627190745237276e-09,0.05595639656,0.054,0.0,0.0,0.02900085637988934,0.8796524465605563,8.92867666652737e-06,1.6672857086256688e-09,2.1619164182721016e-16,0.06595184000559058,0.0,0.0006857937333631831,1.6254092353359372e-06,1.908156126965626e-06,3.8011160789011424e-05,7.37419625307223e-06,3.5345963833249725e-08,1.0315356949446923e-08,7.99389545617817e-07,6.952774210962767e-08,2.692797938546378e-07,1.0213940541672809e-09,2.8268453828905877e-09,4.4023728061767954e-39,2.9873053941133904e-18
5.642415107047443e-09,0.05595639656,0.054,0.0,0.0,0.028998974518611734,0.8796515293558089,8.968823333015671e-06,1.6948129129828559e-09,2.186667648113178e-16,0.06595174701709061,0.0,0.000687584920355025,1.626677548883928e-06,1.9052697533422844e-06,3.806885738988648e-05,7.400057200970151e-06,3.537835116623693e-08,1.0334744754304719e-08,8.043636415469263e-07,7.014346797547224e-08,2.7168812936027605e-07,1.0358198450713374e-09,2.8671325614505882e-09,4.503881781573772e-39,3.0029333315601452e-18
5.6576394688576105e-09,0.05595639656,0.054,0.0,0.0,0.02899709306595984,0.8796506122710394,9.009033820942482e-06,1.7227287305973833e-09,2.2116399372788722e-16,0.06595165412932114,0.0,0.0006893757848833709,1.627941250727559e-06,1.9023955043341178e-06,3.812640493687336e-05,7.4259326711640465e-06,3.5410676833328035e-08,1.0354115303888247e-08,8.093553343392117e-07,7.076296390566725e-08,2.741114601615243e-07,1.0504120630121902e-09,2.9078899928300617e-09,4.607321889536655e-39,3.0185969473742564e-18
5.672863830667778e-09,0.05595639656,0.054,0.0,0.0,0.028995212021651003,0.8796496953062136,9.049308072065338e-06,1.7510376448454408e-09,2.236834660043392e-16,0.06595156134197508,0.0,0.0006911663270186643,1.6292003688212675e-06,1.8995332866871663e-06,3.818380386073363e-05,7.451822446224618e-06,3.5442940986007253e-08,1.0373468585986091e-08,8.143646142214347e-07,7.138624122274337e-08,2.7654983045613687e-07,1.0651721333939507e-09,2.9491217767822905e-09,4.7127004318796916e-39,3.034299394781325e-18
5.688088192477945e-09,0.05595639656,0.054,0.0,0.0,0.028993331385402325,0.8796487784612977,9.089646028058384e-06,1.7797441739842298e-09,2.2622531943495277e-16,0.06595146865474603,0.0,0.0006929565468322718,1.6304549308497124e-06,1.8966830080885812e-06,3.8241054591225734e-05,7.47772630961939e-06,3.547514378122768e-08,1.039280459060754e-08,8.193914719426387e-07,7.201331036644552e-08,2.790032844367325e-07,1.0801014877285455e-09,2.990832031617312e-09,4.820503854584895e-39,3.0500425858083974e-18
5.703312554288112e-09,0.05595639656,0.054,0.0,0.0,0.028991451156930574,0.8796478617362582,9.130047630459075e-06,1.8088528820772712e-09,2.287896922957876e-16,0.06595137606732837,0.0,0.0006947464443962593,1.631704964160632e-06,1.8938445775427453e-06,3.8298157556799365e-05,7.503644045990315e-06,3.550728537352999e-08,1.0412123310868763e-08,8.244358983932431e-07,7.264418098119666e-08,2.81471866471778e-07,1.0952015658968817e-09,3.0330248998071266e-09,4.9304649773729934e-39,3.0658206204364882e-18
5.718536916098279e-09,0.05595639656,0.054,0.0,0.0,0.02898957133595181,0.8796469451310608,9.170512820720598e-06,1.838368368949499e-09,2.313767232328708e-16,0.06595128357941707,0.0,0.0006965360197816293,1.6329504958545698e-06,1.891017905019023e-06,3.835511318488695e-05,7.5295754408710156e-06,3.553936591575918e-08,1.0431424738142314e-08,8.294978829854369e-07,7.327886424144754e-08,2.839556205084221e-07,1.1104738139386463e-09,3.0757045425153516e-09,5.042557460352671e-39,3.0816360738608385e-18
5.733761277908446e-09,0.05595639656,0.054,0.0,0.0,0.02898769192218162,0.8796460286456718,9.211041540221545e-06,1.8682952668679324e-09,2.339865512270351e-16,0.06595119119070766,0.0,0.0006983252730600747,1.6341915527893593e-06,1.8882029013238106e-06,3.8411921901996205e-05,7.5555202806049024e-06,3.5571385568170234e-08,1.0450708865795533e-08,8.345774154595907e-07,7.391737091616556e-08,2.864545902358189e-07,1.1259196831906707e-09,3.1188751378782467e-09,5.15695953090957e-39,3.097491439899285e-18
5.7489856397186135e-09,0.05595639656,0.054,0.0,0.0,0.028985812915335418,0.8796451122800573,9.251633730242274e-06,1.8986382493153395e-09,2.366193156823489e-16,0.0659510989008965,0.0,0.000700114204303955,1.635428161548742e-06,1.8853994783726104e-06,3.8468584133466605e-05,7.58147835255371e-06,3.5603344484647604e-08,1.046997568807868e-08,8.396744857432263e-07,7.455971098618592e-08,2.8896881951924584e-07,1.1415406323735475e-09,3.162540885440202e-09,5.2737059457091234e-39,3.113384459825543e-18
5.764210001528781e-09,0.05595639656,0.054,0.0,0.0,0.0289839343151282,0.8796441960341834,9.292289331975142e-06,1.929402029312914e-09,2.392751564055291e-16,0.0659510067096805,0.0,0.0007019028135854907,1.6366603484479384e-06,1.8826075491044573e-06,3.852510030351889e-05,7.607449445045884e-06,3.5635242821033984e-08,1.0489225198704163e-08,8.447890831792931e-07,7.520589477303241e-08,2.914983520622747e-07,1.1573381270348214e-09,3.206706005095197e-09,5.392747421701585e-39,3.129313985369694e-18
5.779434363338948e-09,0.05595639656,0.054,0.0,0.0,0.02898205612127447,0.8796432799080168,9.333008286542483e-06,1.9605913522039824e-09,2.4195421353087796e-16,0.06595091461675721,0.0,0.0007036911009768473,1.6378881395887644e-06,1.8798270272813796e-06,3.858147083546223e-05,7.633433347192704e-06,3.566708073524216e-08,1.050845739278087e-08,8.499211966976175e-07,7.585593294216842e-08,2.940432313074479e-07,1.1733136380780128e-09,3.2513747334208107e-09,5.514166064874269e-39,3.1452818270393334e-18
5.794658725149115e-09,0.05595639656,0.054,0.0,0.0,0.028980178333488302,0.8796423639015234,9.373790534957557e-06,1.992211014799924e-09,2.446566277095355e-16,0.06595082262182506,0.0,0.0007054790665506922,1.6391115607511148e-06,1.8770578279800296e-06,3.863769615116057e-05,7.659429849337677e-06,3.569885838070196e-08,1.0527672265176518e-08,8.550708151523702e-07,7.650983582028566e-08,2.966035005886199e-07,1.1894686452298126e-09,3.2965513330926927e-09,5.638061081283399e-39,3.161288402677093e-18
5.809883086959282e-09,0.05595639656,0.054,0.0,0.0,0.0289783009514836,0.8796414480146695,9.414636018167884e-06,2.0242658500047708e-09,2.4738253995232645e-16,0.0659507307245831,0.0,0.0007072667103800893,1.640330637470066e-06,1.8742998671234733e-06,3.8693776671465345e-05,7.685438742677309e-06,3.573057591846945e-08,1.0546869812831174e-08,8.602379274159978e-07,7.716761335576826e-08,2.9917920323378663e-07,1.2058046343063586e-09,3.3422400851364324e-09,5.764402863431682e-39,3.177331383446587e-18
5.825107448769449e-09,0.05595639656,0.054,0.0,0.0,0.028976423974973863,0.8796405322474213,9.455544677033208e-06,2.0567607369354094e-09,2.501320917264219e-16,0.0659506389247312,0.0,0.0007090540325378819,1.6415453949981817e-06,1.8715530617470164e-06,3.8749712815939986e-05,7.711459819485935e-06,3.576223350976507e-08,1.056605003484093e-08,8.654225216423049e-07,7.782927595562291e-08,3.0177038236616286e-07,1.2223230988823031e-09,3.3884452936754436e-09,5.893188382308268e-39,3.1934110958813606e-18
5.8403318105796164e-09,0.05595639656,0.054,0.0,0.0,0.02897454740367227,0.8796396165997453,9.496516452370832e-06,2.0897005878292476e-09,2.5290542482233357e-16,0.06595054722196986,0.0,0.0007108410330969782,1.6427558583690742e-06,1.868817329602331e-06,3.880550500322519e-05,7.737492872796406e-06,3.5793831314878534e-08,1.0585212931329517e-08,8.706245857155427e-07,7.8494834242846e-08,3.043770808308584e-07,1.239025537786022e-09,3.435171279384437e-09,6.024594708923729e-39,3.2095306848035468e-18
5.855556172389784e-09,0.05595639656,0.054,0.0,0.0,0.028972671237291858,0.879638701071608,9.537551284922887e-06,2.12309035941225e-09,2.5570268146343737e-16,0.06595045561600031,0.0,0.0007126277121310313,1.6439620523605606e-06,1.8660925894843575e-06,3.886115365073043e-05,7.76353769665618e-06,3.58253694906653e-08,1.0604358500545776e-08,8.758441077910277e-07,7.916429807129949e-08,3.069993415273626e-07,1.2559134572831232e-09,3.4824223849035712e-09,6.158693963539668e-39,3.2256887595226614e-18
5.870780534199951e-09,0.05595639656,0.054,0.0,0.0,0.02897079547554564,0.8796377856629755,9.57864911539161e-06,2.1569350433528435e-09,2.585240042089955e-16,0.06595036410652443,0.0,0.0007144140697138502,1.6451640015362918e-06,1.8633787609187945e-06,3.8916659174897525e-05,7.789594085897177e-06,3.585684819971161e-08,1.0623486741860687e-08,8.810810758401491e-07,7.983767715672528e-08,3.0963720732950237e-07,1.2729883693863196e-09,3.5302029700761683e-09,6.295316146391047e-39,3.241881308550117e-18
5.886004896010118e-09,0.05595639656,0.054,0.0,0.0,0.028968920118146065,0.8796368703738141,9.619809884402706e-06,2.191239676692729e-09,2.6136953605457986e-16,0.06595027269324485,0.0,0.0007162001059186766,1.6463617302115811e-06,1.860675764470834e-06,3.8972021990920877e-05,7.815661836368122e-06,3.5888267601873395e-08,1.0642597656725866e-08,8.863354767924538e-07,8.051498218583703e-08,3.122907207331242e-07,1.290251793414414e-09,3.57851741692536e-09,6.43453087093368e-39,3.258111258384951e-18
5.901229257820285e-09,0.05595639656,0.054,0.0,0.0,0.02896704516480538,0.8796359552040907,9.661033532534843e-06,2.2260093359470253e-09,2.6423942037166914e-16,0.06595018137586495,0.0,0.000717985820819272,1.64755526247311e-06,1.8579835215378533e-06,3.9027242512910094e-05,7.84174074479076e-06,3.591962785694195e-08,1.0661691247041408e-08,8.916072977066095e-07,8.119622350321958e-08,3.1495992405770925e-07,1.3077052548931662e-09,3.627370126726459e-09,6.576733823942492e-39,3.2743828831544095e-18
5.916453619630452e-09,0.05595639656,0.054,0.0,0.0,0.028965170615235958,0.8796350401537713,9.70232000032984e-06,2.2612491359875765e-09,2.6713380089173485e-16,0.06595009015408876,0.0,0.0007197712144903001,1.6487446221942434e-06,1.8553019542956254e-06,3.908232115392572e-05,7.867830608721362e-06,3.59509291259938e-08,1.0680767513876005e-08,8.968965261742455e-07,8.188141040800963e-08,3.176448597587834e-07,1.325350285590548e-09,3.6767655191486486e-09,6.721612693599781e-39,3.2906899658492334e-18
5.9316779814406194e-09,0.05595639656,0.054,0.0,0.0,0.028963296469149954,0.8796341252228222,9.743669228272938e-06,2.2969642352533545e-09,2.7005282175517346e-16,0.06594999902762107,0.0,0.0007215562870058643,1.6499298330195887e-06,1.8526309858425588e-06,3.913725832584365e-05,7.893931226659561e-06,3.5982171568876085e-08,1.0699826459021288e-08,9.022031487923019e-07,8.257055292738995e-08,3.203455701326897e-07,1.3431884243225371e-09,3.726708034780438e-09,6.869082327618782e-39,3.307031085828338e-18
5.946902343250787e-09,0.05595639656,0.054,0.0,0.0,0.028961422726259022,0.8796332104112105,9.785081156806532e-06,2.3331598328700385e-09,2.7299662748112563e-16,0.06594990799616733,0.0,0.0007233410384397433,1.6511109183747602e-06,1.8499705400968613e-06,3.919205443943362e-05,7.9200423979795e-06,3.601335534681415e-08,1.0718868086026229e-08,9.075271514440269e-07,8.326366189888469e-08,3.230620969831627e-07,1.3612212160128038e-09,3.777202133553823e-09,7.019757240209826e-39,3.3234145008175128e-18
5.962126705060954e-09,0.05595639656,0.054,0.0,0.0,0.028959549386274926,0.8796322957189022,9.826555726324496e-06,2.3698411713163188e-09,2.759653629904914e-16,0.06594981705943385,0.0,0.000725125468866886,1.6522879014612957e-06,1.8473205418537573e-06,3.9246709904294986e-05,7.94616392297581e-06,3.604448062110283e-08,1.0737892398814287e-08,9.128685207628777e-07,8.396074686941198e-08,3.2579448223390467e-07,1.3794502124672777e-09,3.828252296030683e-09,7.173638400372401e-39,3.3398389666449564e-18
5.977351066871121e-09,0.05595639656,0.054,0.0,0.0,0.02895767644890968,0.879631381145864,9.868092877190347e-06,2.407013533430182e-09,2.7895917357284585e-16,0.06594972621712758,0.0,0.000726909578362728,1.653460805269323e-06,1.84468091667521e-06,3.930122512893854e-05,7.97229560279025e-06,3.607554755351352e-08,1.0756899401393283e-08,9.182272434939212e-07,8.466181668898552e-08,3.2854276800373376e-07,1.3978769720069948e-09,3.879863021625893e-09,7.329893145283102e-39,3.3562931504246728e-18
5.992575428681288e-09,0.05595639656,0.054,0.0,0.0,0.028955803913874752,0.8796304666920628,9.909692549727768e-06,2.4446822450328546e-09,2.819782049097742e-16,0.0659496354689562,0.0,0.0007286933670014239,1.6546296525743976e-06,1.8420515909524335e-06,3.935560052072369e-05,7.998437239456954e-06,3.610655630491965e-08,1.077588909836755e-08,9.236033046964429e-07,8.53668820538972e-08,3.3130699583833844e-07,1.4165030594457416e-09,3.9320388298789e-09,7.48892479751927e-39,3.3727818688943615e-18
6.007799790491455e-09,0.05595639656,0.054,0.0,0.0,0.028953931780881292,0.8796295523574644,9.951354684230652e-06,2.4828526734404605e-09,2.8502260305810866e-16,0.06594954481462817,0.0,0.0007304768348574084,1.6557944659445364e-06,1.8394324918440856e-06,3.940983648589978e-05,8.02458863586442e-06,3.613750703735152e-08,1.0794861495462965e-08,9.289966893312752e-07,8.607595376283117e-08,3.3408720688252556e-07,1.4353300455976303e-09,3.984784259648851e-09,7.652068586092394e-39,3.3893194289626224e-18
6.0230241523016224e-09,0.05595639656,0.054,0.0,0.0,0.028952060049641012,0.8796286381420362,9.993079220968883e-06,2.5215302274733645e-09,2.8809251444396563e-16,0.06594945425385265,0.0,0.0007322599820072182,1.656955267748118e-06,1.836823547257634e-06,3.946393342961136e-05,8.050749595743935e-06,3.6168399912375466e-08,1.0813816598689623e-08,9.344073840875204e-07,8.678904002844346e-08,3.36883442743437e-07,1.4543595078194099e-09,4.038103868620224e-09,7.817790536935361e-39,3.4058899364986878e-18
6.03824851411179e-09,0.05595639656,0.054,0.0,0.0,0.02895018871986561,0.8796277240457443,1.0034866100182964e-05,2.5607203591129983e-09,2.9118808587790294e-16,0.06594936378633952,0.0,0.0007340428085261274,1.6581120801518817e-06,1.834224685884415e-06,3.9517891755860705e-05,8.076919923695418e-06,3.619923509080462e-08,1.0832754414036277e-08,9.398353739986982e-07,8.750615040870268e-08,3.3969574492836216e-07,1.4735930302853735e-09,4.092002234342419e-09,7.985728923958924e-39,3.422487773569328e-18
6.053472875921957e-09,0.05595639656,0.054,0.0,0.0,0.02894831779126593,0.8796268100685555,1.007671526208911e-05,2.6004285627233926e-09,2.94309464544308e-16,0.06594927341179944,0.0,0.0007358253144882789,1.6592649251237385e-06,1.8316358371670013e-06,3.957171186752894e-05,8.103099425168502e-06,3.6230012734326695e-08,1.0851674948092968e-08,9.452806425910546e-07,8.822729653009612e-08,3.425241539837877e-07,1.4930322028605393e-09,4.146483953422484e-09,8.158366983791293e-39,3.4391348106665703e-18
6.068697237732124e-09,0.05595639656,0.054,0.0,0.0,0.028946447263553273,0.8796258962104367,1.0118626646878499e-05,2.6406603760215552e-09,2.974567980098459e-16,0.0659491831299438,0.0,0.0007376074999699981,1.6604138244338627e-06,1.8290569313049252e-06,3.962539416635846e-05,8.129287906469857e-06,3.62607330046275e-08,1.0870578208379167e-08,9.507431751878285e-07,8.895248747686034e-08,3.453687107926547e-07,1.5126786219865163e-09,4.201553642346923e-09,8.335343156814412e-39,3.4558300442345858e-18
6.083921599542291e-09,0.05595639656,0.054,0.0,0.0,0.02894457713643979,0.8796249824713543,1.0160600194724967e-05,2.681421379270434e-09,3.0063023420923284e-16,0.06594909294048472,0.0,0.000739389365048749,1.661558799659373e-06,1.8264878992187448e-06,3.967893905297562e-05,8.155485174741365e-06,3.629139606295792e-08,1.0889464202813633e-08,9.56222957879667e-07,8.968173047408982e-08,3.4822945692959883e-07,1.5325338910091445e-09,4.257215936386598e-09,8.513015027705718e-39,3.472542671168285e-18
6.099145961352458e-09,0.05595639656,0.054,0.0,0.0,0.028942707409636743,0.8796240688512752,1.0202635845784418e-05,2.7227171962218954e-09,3.038299214547715e-16,0.06594900284313508,0.0,0.0007411709097990835,1.662699872186037e-06,1.82392867255611e-06,3.973234692687407e-05,8.181691037967166e-06,3.6322002070522024e-08,1.0908332939338934e-08,9.6171997346836e-07,9.041503665223038e-08,3.511064329471578e-07,1.552599619398998e-09,4.313475490351801e-09,8.693251984955588e-39,3.489282557675425e-18
6.1143703231626254e-09,0.05595639656,0.054,0.0,0.0,0.028940838082854754,0.879623155350166,1.0244733540199188e-05,2.764553498896149e-09,3.070560084726896e-16,0.0659489128376086,0.0,0.0007429521342958035,1.6638370631856696e-06,1.8213791837431296e-06,3.9785618186291646e-05,8.207905305060271e-06,3.635255119041921e-08,1.092718442708418e-08,9.672342046000178e-07,9.115241774424495e-08,3.5399967850355973e-07,1.5728774227199278e-09,4.370336980390686e-09,8.880693456074075e-39,3.506087446180693e-18
6.129594684972793e-09,0.05595639656,0.054,0.0,0.0,0.02893896915580557,0.8796222419679934,1.0286893218099336e-05,2.8069360004474735e-09,3.103086443343577e-16,0.06594882292361966,0.0,0.0007447330386172071,1.6649703936653548e-06,1.8188393658763704e-06,3.983875322840682e-05,8.234127785710693e-06,3.63830435812407e-08,1.094601867485065e-08,9.727656370635889e-07,9.189388095052579e-08,3.569092342670525e-07,1.5933689231027567e-09,4.427805100052696e-09,9.070991625985878e-39,3.5229281401189625e-18
6.14481904678296e-09,0.05595639656,0.054,0.0,0.0,0.028937100628201377,0.8796213287047246,1.032911481960952e-05,2.8498704505422532e-09,3.135879784217012e-16,0.06594873310088335,0.0,0.0007465136228398129,1.6660998844678835e-06,1.8163091526029992e-06,3.989175244945586e-05,8.260358290297395e-06,3.6413479407668355e-08,1.0964835692528684e-08,9.783142545701951e-07,9.263943501670283e-08,3.5983514109914317e-07,1.6140757484659559e-09,4.485884559324748e-09,9.262274410467991e-39,3.5397880389902914e-18
6.160043408593127e-09,0.05595639656,0.054,0.0,0.0,0.02893523249975337,0.8796204155603261,1.037139828484424e-05,2.8933626451756097e-09,3.168941605045568e-16,0.06594864336911546,0.0,0.0007482938870391419,1.6672255562541974e-06,1.813788478309316e-06,3.9944616244486717e-05,8.286596630066927e-06,3.64438588284944e-08,1.0983635490398473e-08,9.83880039443456e-07,9.338909081401818e-08,3.6277743869966816e-07,1.6349995324183928e-09,4.544580088027667e-09,9.45823080657329e-39,3.556689067249712e-18
6.175267770403294e-09,0.05595639656,0.054,0.0,0.0,0.02893336477017301,0.8796195025347647,1.0413743553911598e-05,2.9374184245897878e-09,3.202273407224895e-16,0.06594855372803261,0.0,0.0007500738312920226,1.668347429505276e-06,1.8112772780586675e-06,3.9997345007416106e-05,8.31284261708694e-06,3.647418200395947e-08,1.100241807779632e-08,9.894629749495732e-07,9.414285785090061e-08,3.6573616678329595e-07,1.656141914792365e-09,4.603896435128852e-09,9.659352436144304e-39,3.573637535210743e-18
6.190492132213461e-09,0.05595639656,0.054,0.0,0.0,0.028931497439172286,0.8796185896280073,1.045615056691395e-05,2.9820436744013757e-09,3.2358766958931337e-16,0.06594846417735216,0.0,0.0007518534556758777,1.6694655245248302e-06,1.8087754876006832e-06,4.004993913100649e-05,8.339096064259306e-06,3.650444909433922e-08,1.1021183464930582e-08,9.95063044578387e-07,9.49007446654542e-08,3.6871136539712594e-07,1.6775045422115083e-09,4.663838368799373e-09,9.863107601528294e-39,3.590618799565878e-18
6.2057164940236284e-09,0.05595639656,0.054,0.0,0.0,0.028929630506463112,0.8796176768400208,1.0498619263951226e-05,3.0272443157846775e-09,3.2697529791097676e-16,0.06594837471679202,0.0,0.0007536327602675121,1.670579861475265e-06,1.8062830432060996e-06,4.010239900711883e-05,8.365356785134359e-06,3.653466026092681e-08,1.1039931663226112e-08,1.0006802309155508e-06,9.566276071281578e-08,3.7170307425246135e-07,1.6990890660830442e-09,4.724410672354811e-09,1.0070124100685752e-38,3.607632275862025e-18
6.2209408558337956e-09,0.05595639656,0.054,0.0,0.0,0.028927763971757288,0.8796167641707723,1.054114958511963e-05,3.073026327152922e-09,3.3039037696001723e-16,0.0659482853460712,0.0,0.0007554117451437615,1.671690460308485e-06,1.8037998820014378e-06,4.015472502617103e-05,8.391624594297088e-06,3.656481566003597e-08,1.105866268299342e-08,1.0063145161107046e-06,9.642891572258491e-08,3.747113327049024e-07,1.7208971456078292e-09,4.7856181530908345e-09,1.0282191320522412e-38,3.6246874997630925e-18
6.236165217643963e-09,0.05595639656,0.054,0.0,0.0,0.028925897834766966,0.8796158516202284,1.058374147051918e-05,3.1193957273532896e-09,3.338330583360542e-16,0.06594819606490922,0.0,0.0007571904103822165,1.6727973408125686e-06,1.801325941664673e-06,4.0206917577564116e-05,8.417899307055893e-06,3.659491545397254e-08,1.1077376535323191e-08,1.011965882756444e-06,9.719921860252466e-08,3.7773618012435837e-07,1.742930445460731e-09,4.847465635286734e-09,1.049804547200805e-38,3.641782546400375e-18
6.25138957945413e-09,0.05595639656,0.054,0.0,0.0,0.02892403209520455,0.8796149391883561,1.0626394860248995e-05,3.1663585869847314e-09,3.3730349405347054e-16,0.06594810687302663,0.0,0.0007589687560605238,1.673900522590479e-06,1.7988611606108526e-06,4.0258977049407424e-05,8.444180739635817e-06,3.6624959803802386e-08,1.1096073233343719e-08,1.017634313090169e-06,9.797367816106002e-08,3.8077765587138553e-07,1.7651906375732476e-09,4.909957964483863e-09,1.0715994513235893e-38,3.658906858403987e-18
6.266613941264297e-09,0.05595639656,0.054,0.0,0.0,0.028922166752782336,0.8796140268751227,1.0669109694421138e-05,3.2139210138473607e-09,3.408018364213667e-16,0.0659480177701445,0.0,0.0007607467822558052,1.6750000250964915e-06,1.7964054777267199e-06,4.031090382888418e-05,8.470468708911147e-06,3.6654948870052235e-08,1.1114752790896673e-08,1.0233197885455811e-06,9.875230412689177e-08,3.8383579885855586e-07,1.7876793985635051e-09,4.973100001481323e-09,1.0938937276534419e-38,3.676067134639544e-18
6.281838303074464e-09,0.05595639656,0.054,0.0,0.0,0.028920301807212737,0.8796131146804949,1.071188591315196e-05,3.2620891654763793e-09,3.443282381419983e-16,0.06594792875598483,0.0,0.0007625244890456295,1.6760958676162032e-06,1.7939588325937939e-06,4.036269830194753e-05,8.49676303262148e-06,3.668488280991708e-08,1.1133415219679384e-08,1.0290222906107584e-06,9.95351059096922e-08,3.869106478213229e-07,1.8103984115889515e-09,5.036896627320534e-09,1.1168742006292139e-38,3.693276117289239e-18
6.297062664884631e-09,0.05595639656,0.054,0.0,0.0,0.028918437258208727,0.8796122026044397,1.0754723456573954e-05,3.3108692385045477e-09,3.4788285222237394e-16,0.0659478398302702,0.0,0.0007643018765085067,1.6771880692890092e-06,1.7915211652735069e-06,4.041436085358497e-05,8.523063529177727e-06,3.6714761784736706e-08,1.1152060532046409e-08,1.0347418014296407e-06,1.0032209169213287e-07,3.9000224171967196e-07,1.833349365103071e-09,5.1013527388245124e-09,1.1400525283462528e-38,3.7105208614998505e-18
6.3122870266947986e-09,0.05595639656,0.054,0.0,0.0,0.028916573105483324,0.8796112906469243,1.079762226482535e-05,3.360267476664796e-09,3.5146583203700056e-16,0.06594775099272399,0.0,0.00076607894472223,1.6782766490985332e-06,1.789092416461204e-06,4.046589186762626e-05,8.549370017798984e-06,3.674458595238858e-08,1.1170688742231309e-08,1.04047830206482e-06,1.011132705773546e-07,3.931106192582707e-07,1.8565339538397952e-09,5.1664732517162766e-09,1.1634473099764705e-38,3.72778922855853e-18
6.327511388504966e-09,0.05595639656,0.054,0.0,0.0,0.028914709348749484,0.8796103788079157,1.0840582278052107e-05,3.4102901733154023e-09,3.550773313450775e-16,0.0659476622430704,0.0,0.0007678556937643803,1.679361625864889e-06,1.7866725275081327e-06,4.051729172668929e-05,8.575682318547066e-06,3.67743554701679e-08,1.118929986354899e-08,1.0462317729873036e-06,1.0190865225537073e-07,3.962358187107288e-07,1.8799538787499773e-09,5.232263101592599e-09,1.187569600021343e-38,3.745102864221835e-18
6.342735750315133e-09,0.05595639656,0.054,0.0,0.0,0.028912845987720443,0.8796094670873811,1.088360343641864e-05,3.46094366518692e-09,3.5871750423607646e-16,0.06594757358103442,0.0,0.0007696321237134986,1.6804430182573837e-06,1.7842614402847836e-06,4.0568560812337245e-05,8.602000252209527e-06,3.680407049794723e-08,1.1207893909556907e-08,1.0520021953155533e-06,1.0270824544562441e-07,3.99377878295016e-07,1.903610846233393e-09,5.298727241037393e-09,1.2122826590667157e-38,3.7624648723387945e-18
6.3579601121253e-09,0.05595639656,0.054,0.0,0.0,0.028910983022110013,0.8796085554852876,1.0926685680102027e-05,3.5122343356806865e-09,3.623865051563719e-16,0.06594748500634166,0.0,0.000771408234648454,1.6815208447921163e-06,1.7818590972488481e-06,4.061969950500087e-05,8.628323640354961e-06,3.6833731193509714e-08,1.1226470894726626e-08,1.0577895501447917e-06,1.0351205829421662e-07,4.025368364172382e-07,1.9275065690408124e-09,5.3658706410649365e-09,1.2369357375954965e-38,3.779846886675764e-18
6.373184473935467e-09,0.05595639656,0.054,0.0,0.0,0.02890912045163187,0.879607644001602,1.096982894930066e-05,3.564168612118513e-09,3.660844888817839e-16,0.06594739651871864,0.0,0.000773184026647274,1.6825951238401317e-06,1.7794654413733177e-06,4.0670708184051605e-05,8.654652305275539e-06,3.6863337714017225e-08,1.1245030833663727e-08,1.0635938174135014e-06,1.0432010020299108e-07,4.057127310040681e-07,1.9516427652263752e-09,5.433698289594998e-09,1.261995363190302e-38,3.797255065963083e-18
6.388408835745634e-09,0.05595639656,0.054,0.0,0.0,0.028907258275999704,0.8796067326362917,1.101303318422747e-05,3.616752969599024e-09,3.69811610548957e-16,0.06594730811789253,0.0,0.0007749594997881223,1.6836658736237778e-06,1.7770804162198565e-06,4.072158722771256e-05,8.680986070049859e-06,3.689289021634058e-08,1.1263573740435254e-08,1.0694149768441886e-06,1.0513238077330944e-07,4.0890559958492463e-07,1.9760211586052537e-09,5.5022151932313905e-09,1.288323892863916e-38,3.814727358221011e-18
6.4036331975558016e-09,0.05595639656,0.054,0.0,0.0,0.02890539649492791,0.879605821389324,1.1056298325118126e-05,3.6699939284396363e-09,3.735680256286075e-16,0.06594721980359128,0.0,0.0007767346541505726,1.6847331122228e-06,1.7747039658664226e-06,4.077233701312619e-05,8.7073247584897e-06,3.692238885828818e-08,1.128209962985532e-08,1.075253009248306e-06,1.0594890779763597e-07,4.1211548001964066e-07,2.000643478808883e-09,5.571426375721568e-09,1.3149441551006704e-38,3.8322446087474904e-18
6.418857559365969e-09,0.05595639656,0.054,0.0,0.0,0.028903535108131238,0.879604910260666,1.109962431222645e-05,3.723898056190016e-09,3.7735388994127803e-16,0.06594713157554363,0.0,0.0007785094898137748,1.6857968575730175e-06,1.7723360349491305e-06,4.0822957916309374e-05,8.733668195171458e-06,3.695183379558604e-08,1.1300608517386488e-08,1.0811078946713144e-06,1.0676968947788485e-07,4.153424101181064e-07,2.025511461596145e-09,5.641336878759245e-09,1.3410418696919726e-38,3.849760322197807e-18
6.434081921176136e-09,0.05595639656,0.054,0.0,0.0,0.028901674115324138,0.8796039992502851,1.1143011085826154e-05,3.778471968152017e-09,3.8116935965957995e-16,0.06594704343347908,0.0,0.0007802840068557092,1.6868571274656417e-06,1.7699765686539197e-06,4.087345031214863e-05,8.760016205436011e-06,3.6981225184354723e-08,1.1319100418108991e-08,1.0869796116475859e-06,1.0759473580466213e-07,4.1858642700451363e-07,2.0506268482186502e-09,5.7119517623201435e-09,1.368435958881161e-38,3.867329211278061e-18
6.449306282986303e-09,0.05595639656,0.054,0.0,0.0,0.028899813516221364,0.8796030883581483,1.1186458586217398e-05,3.8337223258142925e-09,3.850145912894583e-16,0.06594695537712787,0.0,0.0007820582053557926,1.6879139395522988e-06,1.7676255126683048e-06,4.0923814574442784e-05,8.786368615354346e-06,3.701056318128561e-08,1.133757534757893e-08,1.092868139828647e-06,1.0842405539983582e-07,4.2184756766280947e-07,2.0759913852121026e-09,5.783276103378884e-09,1.3971852283837535e-38,3.884968779620037e-18
6.46453064479647e-09,0.05595639656,0.054,0.0,0.0,0.028897953310538668,0.8796021775842229,1.1229966753723411e-05,3.889655837853021e-09,3.8888974168013153e-16,0.06594686740622102,0.0,0.0007838320853943429,1.6889673113451697e-06,1.7652828132059076e-06,4.097405107588091e-05,8.812725251743203e-06,3.7039847941452405e-08,1.1356033321825612e-08,1.0987734594325803e-06,1.0925765535276515e-07,4.251258696400181e-07,2.1016068254945187e-09,5.8553149967028825e-09,1.4246978505362183e-38,3.902604124949551e-18
6.479755006606637e-09,0.05595639656,0.054,0.0,0.0,0.028896093497991562,0.8796012669284762,1.1273535528696196e-05,3.946279259528408e-09,3.927949680114773e-16,0.0659467795204903,0.0,0.0007856056470501361,1.6900172602210176e-06,1.7629484169747197e-06,4.1024160188063686e-05,8.83908594214548e-06,3.70690796198773e-08,1.1374474356779322e-08,1.1046955488165975e-06,1.1009554486432684e-07,4.284213698402632e-07,2.1274749272364604e-09,5.9280735538052555e-09,1.451957270819536e-38,3.9202405143582496e-18
6.4949793684168046e-09,0.05595639656,0.054,0.0,0.0,0.028894234078295215,0.8796003563908757,1.1317164851512834e-05,4.003599393843609e-09,3.9673042780684694e-16,0.06594669171966824,0.0,0.0007873788904015852,1.6910638034210508e-06,1.7606222711994252e-06,4.1074142281479736e-05,8.865450514846471e-06,3.709825837151367e-08,1.1392898468426771e-08,1.1106343856446201e-06,1.1093773423315484e-07,4.3173410436112506e-07,2.1535974536735096e-09,6.001556904044909e-09,1.48270296634071e-38,3.937982476191742e-18
6.510203730226972e-09,0.05595639656,0.054,0.0,0.0,0.0288923750511659,0.8795994459713886,1.1360854662580467e-05,4.061623090963763e-09,4.006962789191531e-16,0.06594660400348813,0.0,0.0007891518155296318,1.6921069580540542e-06,1.758304323591115e-06,4.1123997725526017e-05,8.89181879885522e-06,3.712738435089291e-08,1.1411305673328081e-08,1.1165899497888957e-06,1.1178423050737233e-07,4.350641099470173e-07,2.1799761738278104e-09,6.075770193534916e-09,1.5142467891129718e-38,3.955793682940904e-18
6.525428092037139e-09,0.05595639656,0.054,0.0,0.0,0.028890516416320674,0.8795985356699823,1.1404604902334487e-05,4.120357248839843e-09,4.046926795366097e-16,0.06594651637168403,0.0,0.0007909244225150633,1.6931467410967335e-06,1.755994522359783e-06,4.1173726888496206e-05,8.918190623912107e-06,3.715645771137065e-08,1.1429695988105897e-08,1.1225622206403214e-06,1.1263504045857992e-07,4.38411423699184e-07,2.2066128630003198e-09,6.150718585470727e-09,1.5419566147232735e-38,3.9735369867683e-18
6.540652453847306e-09,0.05595639656,0.054,0.0,0.0,0.02888865817347585,0.8795976254866242,1.1448415511239652e-05,4.179808813513158e-09,4.0871978818569595e-16,0.06594642882399074,0.0,0.0007926967114356011,1.6941831693947718e-06,1.7536928162051813e-06,4.122333013758111e-05,8.944565820485546e-06,3.7185478606775664e-08,1.1448069429337203e-08,1.1285511741986356e-06,1.1349017509255994e-07,4.417760814756619e-07,2.2335093014124037e-09,6.2264072607637495e-09,1.5730615905107317e-38,3.991354846746021e-18
6.555876815657473e-09,0.05595639656,0.054,0.0,0.0,0.028886800322347868,0.8795967154212817,1.1492286429794075e-05,4.239984778787241e-09,4.1277776371915034e-16,0.06594634136014385,0.0,0.00079446868237158,1.6952162596656035e-06,1.7513991542954328e-06,4.1272807838881896e-05,8.970944219759504e-06,3.721444719069996e-08,1.1466426014110447e-08,1.1345567887625724e-06,1.1434964303035851e-07,4.4515811882690273e-07,2.2606672739768927e-09,6.302841416712903e-09,1.6086659039598607e-38,4.009302635156611e-18
6.57110117746764e-09,0.05595639656,0.054,0.0,0.0,0.028884942862655087,0.8795958054739221,1.1536217598527395e-05,4.30089218655347e-09,4.1686676532339806e-16,0.0659462539798797,0.0,0.0007962403354053304,1.6962460284989147e-06,1.7491134862769822e-06,4.132216035740421e-05,8.997325653637422e-06,3.724336361526686e-08,1.1484765759652235e-08,1.140579044300682e-06,1.152134494271065e-07,4.485575726975415e-07,2.288088572515484e-09,6.380026268062992e-09,1.6380417385851122e-38,4.027182069177777e-18
6.5863255392778076e-09,0.05595639656,0.054,0.0,0.0,0.02888308579411526,0.8795948956445133,1.1580208958004687e-05,4.362538126751122e-09,4.209869525056391e-16,0.06594616668293536,0.0,0.0007980116706160813,1.697272492359229e-06,1.7468357622552535e-06,4.137138805706609e-05,9.023709954733182e-06,3.727222803286775e-08,1.1503088683048039e-08,1.1466179173681885e-06,1.1608160351506277e-07,4.519744789756758e-07,2.3157749937360715e-09,6.45796704535554e-09,1.6640275592756227e-38,4.044996428558651e-18
6.601549901087975e-09,0.05595639656,0.054,0.0,0.0,0.028881229116445,0.8795939859330224,1.1624260448824395e-05,4.424929737790697e-09,4.2513848510702345e-16,0.0659460794690487,0.0,0.0007997826880817861,1.6982956675866264e-06,1.7445659328012526e-06,4.1420491300692186e-05,9.05009695637448e-06,3.730104059589092e-08,1.1521394801792328e-08,1.1526733829270445e-06,1.1695411735851431e-07,4.554088719137674e-07,2.3437283384502583e-09,6.536668996648605e-09,1.7025473124811115e-38,4.06302662980505e-18
6.616774262898142e-09,0.05595639656,0.054,0.0,0.0,0.028879372829363297,0.8795930763394167,1.1668372011621013e-05,4.48807420651266e-09,4.293215232890412e-16,0.06594599233795834,0.0,0.0008015533878861797,1.6993155703984777e-06,1.7423039489391382e-06,4.146947045001996e-05,9.076486492595633e-06,3.732980145547723e-08,1.153968413371426e-08,1.1587454214043548e-06,1.1783099531019187e-07,4.5886078761384887e-07,2.3719504137016165e-09,6.6161373861151045e-09,1.737512512585312e-38,4.081093465392055e-18
6.630476188527292e-09,0.05595639656,0.054,0.0,0.0,0.02887770250471081,0.879592257805937,1.1708123730645306e-05,4.545553903574572e-09,4.3311332757502466e-16,0.06594591399055245,0.0,0.0008031467461759485,1.7002306983116806e-06,1.7402748313474912e-06,4.1513445881828964e-05,9.100239105696542e-06,3.735564214792537e-08,1.1556130194449879e-08,1.164224406461114e-06,1.1862392361009225e-07,4.6198252320962494e-07,2.397581544563909e-09,6.688318606050291e-09,1.7665377507210704e-38,4.0973139583376955e-18
6.644178114156442e-09,0.05595639656,0.054,0.0,0.0,0.028876032496002596,0.8795914393678945,1.1747924016696536e-05,4.603654592773239e-09,4.3693089864400517e-16,0.06594583570981113,0.0,0.0008047398472830898,1.7011432002389667e-06,1.7382519943808202e-06,4.1557321351367515e-05,9.123993518070076e-06,3.7381441192056344e-08,1.1572562685065977e-08,1.1697167788722992e-06,1.19420400339252e-07,4.651185066377272e-07,2.423433141349858e-09,6.761128781733281e-09,1.7974836844324562e-38,4.113561256521716e-18
6.657880039785592e-09,0.05595639656,0.054,0.0,0.0,0.02887436280303382,0.8795906210252658,1.1787772826572767e-05,4.662381608668473e-09,4.40774353883764e-16,0.06594575749554527,0.0,0.0008063326912666958,1.7020530877631732e-06,1.736235403186994e-06,4.160109712022166e-05,9.147749610097138e-06,3.740719869991679e-08,1.1588981619275983e-08,1.1752225218118968e-06,1.2022043143804836e-07,4.682687632336998e-07,2.4495065312564346e-09,6.834571782923965e-09,1.8307000880974262e-38,4.129885502497785e-18
6.671581965414742e-09,0.05595639656,0.054,0.0,0.0,0.028872693425600247,0.879589802778027,1.1827670117099979e-05,4.7217403239037834e-09,4.446438109313179e-16,0.06594567934756643,0.0,0.0008079252781862471,1.7029603723834017e-06,1.7342250232696532e-06,4.164477344913808e-05,9.17150726269973e-06,3.743291477886888e-08,1.160538701043968e-08,1.180741618593008e-06,1.2102402218451526e-07,4.71433318548512e-07,2.475803045974633e-09,6.908651491999483e-09,1.8629434777843877e-38,4.146236492530187e-18
6.6852838910438925e-09,0.05595639656,0.054,0.0,0.0,0.028871024363497762,0.8795889846261544,1.1867615845130156e-05,4.781736140977773e-09,4.485393876157529e-16,0.06594560126568651,0.0,0.0008095176081008427,1.7038650655245107e-06,1.732220820385402e-06,4.168835059820634e-05,9.195266357221258e-06,3.745858953766701e-08,1.1621778871317021e-08,1.1862740519619823e-06,1.2183117840129725e-07,4.7461219791569483e-07,2.502324020265923e-09,6.983371800964973e-09,1.894361043926131e-38,4.1625795304906724e-18
6.698985816673043e-09,0.05595639656,0.054,0.0,0.0,0.028869355616522333,0.8795881665696249,1.1907609967542048e-05,4.842374497577889e-09,4.524612019932675e-16,0.06594552324971813,0.0,0.0008111096810694241,1.7047671785329365e-06,1.7302227606025508e-06,4.1731828826746456e-05,9.219026775498813e-06,3.7484223084735934e-08,1.1638157215009914e-08,1.191819804284087e-06,1.2264190627570377e-07,4.778054264035145e-07,2.5290707924411045e-09,7.058736613371807e-09,1.927781760366727e-38,4.178956731928631e-18
6.726389667931344e-09,0.05595639656,0.054,0.0,0.0,0.02886601906713823,0.8795865307424998,1.1987743223147679e-05,4.9656007214278504e-09,4.603840169486232e-16,0.06594536741476807,0.0,0.0008142930564061714,1.7065637092058204e-06,1.726244935788487e-06,4.181848955644789e-05,9.266551112631756e-06,3.7535366975998626e-08,1.1670873405312333e-08,1.2029511962371438e-06,1.2427409952900496e-07,4.842350311172078e-07,2.5832470981480585e-09,7.211415408210198e-09,1.9968278038568639e-38,4.21184067905929e-18
6.749433568115573e-09,0.05595639656,0.054,0.0,0.0,0.028863214336377837,0.8795851554703435,1.205527672702792e-05,5.0712602679720165e-09,4.671286064578428e-16,0.06594523657554165,0.0,0.0008169691619411374,1.7080665241581388e-06,1.722918702630104e-06,4.1891058619862785e-05,9.306517378168853e-06,3.7578247251526146e-08,1.1698342722878845e-08,1.2123526634576972e-06,1.2565771939103097e-07,4.8968633513389e-07,2.62951508196382e-09,7.341833572554644e-09,2.0553237728919005e-38,4.23957502011004e-18
6.772477468299802e-09,0.05595639656,0.054,0.0,0.0,0.028860410494248426,0.8795837804675479,1.212294654209492e-05,5.1788104450339355e-09,4.739489791320486e-16,0.06594510592027879,0.0,0.0008196445415044448,1.7095621887702636e-06,1.7196094058793773e-06,4.196335129862961e-05,9.346485840160774e-06,3.7621012390679806e-08,1.1725773989786031e-08,1.2217915687496472e-06,1.2705151653638519e-07,4.951785544493453e-07,2.67643957201886e-09,7.474126769027663e-09,2.1158135990710445e-38,4.267393258761848e-18
6.795521368484031e-09,0.05595639656,0.054,0.0,0.0,0.028857607539787326,0.879582405734001,1.2190752464042943e-05,5.2882780565415396e-09,4.808457024284141e-16,0.06594497544810188,0.0,0.0008223191953803957,1.7110507549048352e-06,1.7163168917864431e-06,4.2035368806093026e-05,9.386455949361015e-06,3.766366289678174e-08,1.175316727180084e-08,1.2312678263903705e-06,1.2845551740222428e-07,5.007118057254074e-07,2.7240270285926688e-09,7.608313862551377e-09,2.1776490119905505e-38,4.295286589517197e-18
6.8185652686682605e-09,0.05595639656,0.054,0.0,0.0,0.02885480547203407,0.8795810312695912,1.2258694288796675e-05,5.3996901639558414e-09,4.878193453750839e-16,0.06594484515813719,0.0,0.000824993123853167,1.712532273880224e-06,1.7130410086023696e-06,4.2107112350137374e-05,9.426427159960706e-06,3.7706199281994196e-08,1.1780522632649462e-08,1.240781348987176e-06,1.2986974877727668e-07,5.0628620493108e-07,2.772283937155156e-09,7.744413796910538e-09,2.2415629894522376e-38,4.323271424204113e-18
6.84160916885249e-09,0.05595639656,0.054,0.0,0.0,0.02885200429002997,0.8795796570742065,1.2326771812528976e-05,5.5130740928968255e-09,4.948704785960286e-16,0.06594471504951487,0.0,0.0008276663272088056,1.7140067964646176e-06,1.7097816065804989e-06,4.217858313307715e-05,9.466398929648684e-06,3.774862204177872e-08,1.1807840145413173e-08,1.2503320494402371e-06,1.3129423634572967e-07,5.11901866795505e-07,2.8212168076441495e-09,7.882445595599517e-09,2.3066284050244712e-38,4.351335320983438e-18
6.864653069036719e-09,0.05595639656,0.054,0.0,0.0,0.028849203992818907,0.8795782831477358,1.239498483166321e-05,5.628457436272343e-09,5.0199967431235915e-16,0.06594458512136912,0.0,0.0008303388057324178,1.7154743728806986e-06,1.7065385379800447e-06,4.2249782351626355e-05,9.506370719619516e-06,3.77909316876984e-08,1.183511987015083e-08,1.2599198381286886e-06,1.3272900674796375e-07,5.175589055438988e-07,2.870832175939221e-09,8.022428361768117e-09,2.373772128112196e-38,4.379486233001353e-18
6.887696969220948e-09,0.05595639656,0.054,0.0,0.0,0.028846404579446448,0.8795769094900678,1.246333314287993e-05,5.745868054307411e-09,5.092075063220562e-16,0.06594445537283805,0.0,0.0008330105597118801,1.7169350528173687e-06,1.703311657001246e-06,4.232071119693823e-05,9.546341994537087e-06,3.783312870156265e-08,1.1862361884394838e-08,1.2695446266285814e-06,1.341740847857912e-07,5.232574339904584e-07,2.9211366013985224e-09,8.164381276728753e-09,2.4422051983207913e-38,4.407716311013576e-18
6.910740869405177e-09,0.05595639656,0.054,0.0,0.0,0.028843606048961114,0.8795755361010911,1.2531816543113253e-05,5.865334074427051e-09,5.1649454998156e-16,0.06594432580306367,0.0,0.0008356815894327081,1.7183888854426608e-06,1.7001008197741857e-06,4.2391370854647496e-05,9.58631222249693e-06,3.7875213599773156e-08,1.1889566242455842e-08,1.27920632260464e-06,1.3562949723230168e-07,5.289975648427914e-07,2.9721366692148463e-09,8.30832359918778e-09,2.512822839385623e-38,4.4360325113449034e-18
6.9337847695894065e-09,0.05595639656,0.054,0.0,0.0,0.028840808400412674,0.8795741629806945,1.2600434829565852e-05,5.986883892102319e-09,5.238613821912206e-16,0.06594419641119187,0.0,0.0008383518951851775,1.719835919408024e-06,1.6969058842719092e-06,4.2461762504890803e-05,9.626280875003483e-06,3.7917186845470484e-08,1.1916733032592638e-08,1.288904836929689e-06,1.370952675774984e-07,5.347794088502408e-07,3.0238389861408716e-09,8.454274663793852e-09,2.5848016447756293e-38,4.464429159360877e-18
6.956828669773636e-09,0.05595639656,0.054,0.0,0.0,0.028838011632854522,0.879572790128767,1.2669187799740648e-05,6.110546206208106e-09,5.313085815780503e-16,0.06594406719637297,0.0,0.0008410214772555465,1.7212762027907997e-06,1.693726710550895e-06,4.253188732162505e-05,9.666247427379807e-06,3.795904896372858e-08,1.1943862304788626e-08,1.2986400747437407e-06,1.3857142267689627e-07,5.406030768301355e-07,3.076250188025633e-09,8.602253890040659e-09,2.6589085121592e-38,4.492910256259705e-18
6.977568179939442e-09,0.05595639656,0.054,0.0,0.0,0.028835495294517757,0.8795715547914817,1.2731180460293302e-05,6.2236723648896446e-09,5.380802541643752e-16,0.06594395105371646,0.0,0.0008434234826103208,1.7225667254982099e-06,1.6908788159812842e-06,4.259477248083556e-05,9.702215097398155e-06,3.799663024418865e-08,1.1968246637223774e-08,1.307433111014802e-06,1.3990886090986004e-07,5.458802282687033e-07,3.1240318644585966e-09,8.737185369731458e-09,2.727134063761747e-38,4.518613852872549e-18
6.998307690105248e-09,0.05595639656,0.054,0.0,0.0,0.028832979668329838,0.8795703196714857,1.279328190353614e-05,6.3385543284330456e-09,5.449179175596902e-16,0.06594383505317254,0.0,0.0008458249022289079,1.7238518532992178e-06,1.6880434765290275e-06,4.2657443301227935e-05,9.738180265230298e-06,3.803412223143448e-08,1.1992600692597149e-08,1.3162557501248366e-06,1.4125474798807549e-07,5.511914251421489e-07,3.172397991890731e-09,8.873789688842683e-09,2.7968973611370443e-38,4.544384315601877e-18
7.019047200271054e-09,0.05595639656,0.054,0.0,0.0,0.028830464753604856,0.8795690847686984,1.2855491982389825e-05,6.455213557777899e-09,5.518219965868164e-16,0.06594371919412954,0.0,0.0008482257363230691,1.7251316202565732e-06,1.685220593693983e-06,4.271990062776861e-05,9.774142555056321e-06,3.8071525304289144e-08,1.2016924521986577e-08,1.3251079229731057e-06,1.4260910168948564e-07,5.565367459466402e-07,3.221353452283368e-09,9.012081150992264e-09,2.8682007479925446e-38,4.5702216670964045e-18
7.03978671043686e-09,0.05595639656,0.054,0.0,0.0,0.028827950549658664,0.8795678500830393,1.2917810549984633e-05,6.573671696262871e-09,5.58792917062214e-16,0.06594360347597841,0.0,0.000850625985104786,1.7264060601107992e-06,1.6824100701121015e-06,4.278214530179693e-05,9.810101593272666e-06,3.8108839790270635e-08,1.204121818603188e-08,1.3339895596462717e-06,1.4397193968641462e-07,5.619162687428228e-07,3.2709031428176285e-09,9.152074107831204e-09,2.9411307054705695e-38,4.5961259823734525e-18
7.060526220602666e-09,0.05595639656,0.054,0.0,0.0,0.02882543705580865,0.8795666156144277,1.2980237459621408e-05,6.693950564841127e-09,5.658311057593538e-16,0.06594348789811252,0.0,0.0008530256487865957,1.7276752063086354e-06,1.679611809568059e-06,4.284417816114588e-05,9.846057008415118e-06,3.81460660616185e-08,1.206548171859656e-08,1.3429005898123095e-06,1.4534327934259472e-07,5.673300710079194e-07,3.3210519749205526e-09,9.293782957181256e-09,3.0156787221316947e-38,4.622097161048774e-18
7.081265730768472e-09,0.05595639656,0.054,0.0,0.0,0.028822924271373625,0.8795653813627833,1.3042772564774381e-05,6.816072148723555e-09,5.729369903275644e-16,0.06594337245992762,0.0,0.0008554247275813861,1.728939092007205e-06,1.6768257168046255e-06,4.2906000040423765e-05,9.88200843098085e-06,3.818320444828297e-08,1.2089715186681862e-08,1.351840942584688e-06,1.4672313795466974e-07,5.727782296340168e-07,3.3718048728368302e-09,9.437222139105483e-09,3.091901804153439e-38,4.648135164224395e-18
7.102005240934278e-09,0.05595639656,0.054,0.0,0.0,0.02882041219567404,0.8795641473280253,1.3105415719122142e-05,6.940058629389936e-09,5.801109994537318e-16,0.0659432571608222,0.0,0.0008578232217025306,1.730197750067114e-06,1.674051697819286e-06,4.296761177040825e-05,9.917955493798962e-06,3.822025529081993e-08,1.2113918633202197e-08,1.3608105464784066e-06,1.4811153262118436e-07,5.782608208733307e-07,3.423166776281418e-09,9.58240614323926e-09,3.169818920270529e-38,4.674239928234486e-18
7.122744751100084e-09,0.05595639656,0.054,0.0,0.0,0.028817900828032015,0.8795629135100739,1.3168166776545599e-05,7.065932375545433e-09,5.873535628028154e-16,0.06594314200019724,0.0,0.0008602211313638644,1.7314512130315772e-06,1.6712896596640462e-06,4.302901417824512e-05,9.95389783190208e-06,3.8257218937946436e-08,1.2138092112045489e-08,1.369809329483673e-06,1.4950848025486246e-07,5.837779203256979e-07,3.475142639191975e-09,9.729349505860007e-09,3.249458608577149e-38,4.700411398160344e-18
7.164223771431697e-09,0.05595639656,0.054,0.0,0.0,0.02881288021421703,0.879560446524269,1.3293992017057544e-05,7.323432025658372e-09,6.020460753670907e-16,0.06594291209200534,0.0,0.0008650151981644183,1.73394268239931e-06,1.665801159161555e-06,4.315119431903965e-05,1.002576688436597e-05,3.83308860155144e-08,1.218634937088013e-08,1.3878941419666875e-06,1.5232810142939028e-07,5.949159433359662e-07,3.5809561247254215e-09,1.0028572665817848e-08,3.4140614999702964e-38,4.752954273150144e-18
7.20570279176331e-09,0.05595639656,0.054,0.0,0.0,0.028807862424538054,0.8795579804047279,1.3420247121240084e-05,7.588753655164434e-09,6.170179837587151e-16,0.0659426827306102,0.0,0.0008698069297020108,1.7364137546100218e-06,1.6603594920330502e-06,4.327254701082741e-05,1.0097612710359401e-05,3.8404208399605506e-08,1.2234487391245834e-08,1.4060947929698668e-06,1.5518213377597797e-07,6.061928914398175e-07,3.689285226260534e-09,1.033500877778493e-08,3.5859768208501917e-38,4.805763382304616e-18
7.247181812094923e-09,0.05595639656,0.054,0.0,0.0,0.028802847453630674,0.87955551515081,1.3546930927206555e-05,7.862082729870798e-09,6.322727582604533e-16,0.06594245391130976,0.0,0.0008745963277023316,1.7388646796867602e-06,1.6549639508951113e-06,4.339307874647672e-05,1.0169432465013499e-05,3.847718876929666e-08,1.2282506587519744e-08,1.4244106868346448e-06,1.5807070703638494e-07,6.17609347762329e-07,3.800170046970689e-09,1.0648775679610568e-08,3.7654833172605265e-38,4.858838317192233e-18
7.288660832426536e-09,0.05595639656,0.054,0.0,0.0,0.0287978352961569,0.8795530507618773,1.367404227628805e-05,8.143607655744336e-09,6.478138835258759e-16,0.06594222562944164,0.0,0.0008793833938979148,1.7412957033155824e-06,1.64961384389515e-06,4.351279596378862e-05,1.0241223336428641e-05,3.854982978071238e-08,1.2330407377840359e-08,1.442841219471729e-06,1.609939483657119e-07,6.291658856210988e-07,3.913650890402155e-09,1.0969991872608193e-08,3.952867377431254e-38,4.91217867152276e-18
7.330139852758149e-09,0.05595639656,0.054,0.0,0.0,0.02879282594680551,0.8795505872372918,1.3801580013089612e-05,8.433519803086127e-09,6.636448583785584e-16,0.06594199788038303,0.0,0.0008841681300281795,1.7437070669319858e-06,1.6443084942914225e-06,4.36317050456894e-05,1.0312982545447903e-05,3.862213406278639e-08,1.2378190185255887e-08,1.4613857784665608e-06,1.639519823287168e-07,6.408630684420938e-07,4.029768254207233e-09,1.1298776504357613e-08,4.1484242456529324e-38,4.965784039422829e-18
7.3716188730897615e-09,0.05595639656,0.054,0.0,0.0,0.028787819400292375,0.8795481245764175,1.3929542985536693e-05,8.73201352108318e-09,6.797691955697328e-16,0.06594177065955051,0.0,0.0008889505378394256,1.7460990078051823e-06,1.639047239996433e-06,4.3749812320584724e-05,1.0384707345339234e-05,3.8694104216547714e-08,1.2425855431764262e-08,1.4800437431892714e-06,1.669449308870366e-07,6.527014497441011e-07,4.148562823255045e-09,1.1635249349414754e-08,4.3524582273184245e-38,5.019654015577064e-18
7.454576913752986e-09,0.05595639656,0.054,0.0,0.0,0.028777814694780697,0.8795432018432618,1.4186740045825557e-05,9.355538018712799e-09,7.129120760864575e-16,0.06594131778442565,0.0,0.0008985083755245845,1.7508255501853583e-06,1.6286544397380164e-06,4.3983646492841386e-05,1.0528042890873067e-05,3.8837052407517e-08,1.2520834931809055e-08,1.5176973670642807e-06,1.7303604658845766e-07,6.768039721661569e-07,4.3943472096027995e-09,1.2331741793378043e-08,4.787221328934411e-38,5.128186175114575e-18
7.537534954416212e-09,0.05595639656,0.054,0.0,0.0,0.028767821137897116,0.8795382825573427,1.4445624308052364e-05,1.0015795957079087e-08,7.472708959564036e-16,0.065940866968179,0.0,0.0009080569210622376,1.7554771492139842e-06,1.6184304234840463e-06,4.421434803245275e-05,1.0671208634893484e-05,3.897869461566236e-08,1.2615349254398444e-08,1.5557969670303584e-06,1.7926821887223452e-07,7.014776816664569e-07,4.651332996139476e-09,1.30604391734706e-08,5.259780440467682e-38,5.237771922177398e-18
7.620492995079438e-09,0.05595639656,0.054,0.0,0.0,0.028757838688359953,0.8795333667136104,1.4706186677912269e-05,1.0714450555027377e-08,7.828742326604651e-16,0.06594041817553802,0.0,0.0009175961886729942,1.7600555635833933e-06,1.6083703803358376e-06,4.444196564386572e-05,1.0814183737199099e-05,3.91190506690231e-08,1.2709401778605813e-08,1.5943372964876213e-06,1.8564232911223138e-07,7.267266462901474e-07,4.919851655709632e-09,1.3822320186462705e-08,5.772918091035656e-38,5.348408040241568e-18
7.703451035742664e-09,0.05595639656,0.054,0.0,0.0,0.02874786730533395,0.8795284543070341,1.4968418116525855e-05,1.145321380261153e-08,8.197508622929143e-16,0.06593997137183842,0.0,0.0009271261926900789,1.7645624947847217e-06,1.598469696831429e-06,4.466654719596161e-05,1.0956947846077349e-05,3.925813997182406e-08,1.2802995873850423e-08,1.6333129905058457e-06,1.9215921647941862e-07,7.525547723945125e-07,5.20023694923307e-09,1.4618371591734102e-08,6.329582751876541e-38,5.460091324274393e-18
7.78640907640589e-09,0.05595639656,0.054,0.0,0.0,0.028737906948432923,0.8795235453326002,1.5232309640936395e-05,1.2233846790341664e-08,8.579297515343154e-16,0.06593952652301684,0.0,0.000936646947560187,1.7689995896561325e-06,1.588723946270714e-06,4.488813973395979e-05,1.1099481089191818e-05,3.939598150731426e-08,1.2896134895699655e-08,1.6727185700169586e-06,1.9881967779106368e-07,7.78965803793026e-07,5.4928246826610126e-09,1.5449587530717195e-08,6.932896196247973e-38,5.572818580825732e-18
7.869367117069116e-09,0.05595639656,0.054,0.0,0.0,0.02872795757772122,0.8795186397853131,1.5497852324469514e-05,1.3058159996323715e-08,8.974400495176272e-16,0.06593908359560322,0.0,0.0009461584678443314,1.773368442881526e-06,1.57912887867015e-06,4.510678949153654e-05,1.1241764064586141e-05,3.953259384634374e-08,1.298882218389518e-08,1.71254844604639e-06,2.0562446741343812e-07,8.059633209982438e-07,5.797952458369523e-09,1.631696882860268e-08,7.586161051762439e-38,5.686586628070411e-18
7.952325157732341e-09,0.05595639656,0.054,0.0,0.0,0.028718019153714087,0.8795137376601949,1.5765037296953495e-05,1.3928013532973694e-08,9.383110796323836e-16,0.06593864255671261,0.0,0.0009556607682186933,1.7776705994525709e-06,1.569680411463467e-06,4.5322541903058224e-05,1.138377783187588e-05,3.966799515167101e-08,1.3081061056771943e-08,1.7527969239579586e-06,2.1257429717687416e-07,8.335507405953324e-07,6.1159594223130046e-09,1.722152228183324e-08,8.292868543038801e-38,5.801392295873596e-18
8.035283198395567e-09,0.05595639656,0.054,0.0,0.0,0.028708091637377153,0.8795088389522853,1.6033855744813207e-05,1.4845317358090502e-08,9.805723313242747e-16,0.0659382033740374,0.0,0.0009651538634754173,1.781907556924015e-06,1.560374620870009e-06,4.553544161577887e-05,1.1525503903751266e-05,3.980220318779247e-08,1.3172854807375407e-08,1.7934582076265363e-06,2.1966983633017362e-07,8.617313147498103e-07,6.447186008124886e-09,1.816425993511174e-08,9.056706425654184e-38,5.917232425855008e-18
8.118241239058793e-09,0.05595639656,0.054,0.0,0.0,0.028698174990125367,0.8795039436566404,1.6304298911073646e-05,1.5812031450766344e-08,1.0242534518969231e-15,0.06593776601583909,0.0,0.0009746377685233747,1.7860807674344774e-06,1.551207733795942e-06,4.57455325019621e-05,1.1666924237779417e-05,3.9935235327408124e-08,1.3264206702265269e-08,1.8345264035844368e-06,2.2691171151714323e-07,8.90508130811481e-07,6.791973678416035e-09,1.9146198348607763e-08,9.881567108328854e-38,6.03410387144966e-18
8.201199279722019e-09,0.05595639656,0.054,0.0,0.0,0.02868826917382133,0.8794990517683345,1.6576358095285807e-05,1.6830165949429882e-08,1.0693842382955712e-15,0.06593733045094019,0.0,0.0009841124983888572,1.7901916396155358e-06,1.542176120235027e-06,4.5952857670963455e-05,1.1808021228417913e-05,4.006710856045006e-08,1.3355119977838438e-08,1.8759955251354659e-06,2.3430050678644964e-07,9.198841110297317e-07,7.150664663189261e-09,2.0168357854900425e-08,1.077155596291265e-37,6.152003497970243e-18
8.284157320385245e-09,0.05595639656,0.054,0.0,0.0,0.02867837415077295,0.8794941632824582,1.6850024653380123e-05,1.7901781250197737e-08,1.1159946288665625e-15,0.06593689664871612,0.0,0.0009935780682162124,1.7942415404498093e-06,1.5332762861515255e-06,4.6157459481296536e-05,1.1948777699196864e-05,4.019783950163927e-08,1.3445597839176026e-08,1.9178594964598088e-06,2.418367636232007e-07,9.498620123788346e-07,7.52360169550688e-09,2.1231761806217127e-08,1.1730999821015834e-37,6.270928182667933e-18
8.36711536104847e-09,0.05595639656,0.054,0.0,0.0,0.028668489883730528,0.8794892781941192,1.7125289997450833e-05,1.9028988065727984e-08,1.1641146951062985e-15,0.06593646457908676,0.0,0.0010030344932683908,1.7982317970284423e-06,1.5245048668107984e-06,4.635937955266257e-05,1.2089176895086125e-05,4.032744439934773e-08,1.3535643457820534e-08,1.9601121566805373e-06,2.4952098101457583e-07,9.804444265000709e-07,7.911127744998354e-09,2.2337435813553427e-08,1.2764455655196241e-37,6.390874814793118e-18
8.450073401711696e-09,0.05595639656,0.054,0.0,0.0,0.028658616335883468,0.879484396498441,1.7402145595479243e-05,2.021394744523584e-08,1.2137746334143223e-15,0.06593603421250822,0.0,0.0010124817889274362,1.802163698172338e-06,1.515858620510851e-06,4.655865877790806e-05,1.2229202475063196e-05,4.0455939143060555e-08,1.3625259970488078e-08,2.002747263907229e-06,2.573536155367304e-07,1.0116337797444823e-06,8.31358574972915e-09,2.3486406979169905e-08,1.3876719442376182e-37,6.511840295654988e-18
8.533031442374922e-09,0.05595639656,0.054,0.0,0.0,0.028648753470856523,0.8794795181905645,1.7680582971004255e-05,2.145887075557628e-08,1.2650047568556393e-15,0.06593560551996466,0.0,0.0010219199706948743,1.8060384959514274e-06,1.5073344226963054e-06,4.675533733489203e-05,1.2368838504866575e-05,4.05833392722335e-08,1.3714450477505545e-08,2.045758499233406e-06,2.6533508147310323e-07,1.0434323333249093e-06,8.731318346797594e-09,2.4679703123463808e-08,1.5072835207363299e-37,6.633821538680638e-18
8.615989483038148e-09,0.05595639656,0.054,0.0,0.0,0.02863890125270568,0.8794746432656462,1.796059370275165e-05,2.2766019622798663e-08,1.3178354869326457e-15,0.06593517847295981,0.0,0.0010313490541920321,1.8098574071393164e-06,1.4989292604268061e-06,4.694945469826306e-05,1.2508069449910694e-05,4.070965998430177e-08,1.3803218042412842e-08,2.0891394707135417e-06,2.734657509522517e-07,1.0758421835648257e-06,9.164667601890589e-09,2.591835200697331e-08,1.6358104244359713e-37,6.75681546947257e-18
8.698947523701374e-09,0.05595639656,0.054,0.0,0.0,0.028629059645913717,0.8794697717188583,1.8242169424226492e-05,2.413770583380156e-08,1.3722973453699226e-15,0.06593475304350874,0.0,0.0010407690551602418,1.8136216145989757e-06,1.4906402271705298e-06,4.7141049651147256e-05,1.2646880168352206e-05,4.0834916143301564e-08,1.389156569070408e-08,2.1328837172930015e-06,2.8174595411784937e-07,1.108865262256442e-06,9.6139747381808e-09,2.7203380548496424e-08,1.7738094513881176e-37,6.880819025865653e-18
8.7819055643646e-09,0.05595639656,0.054,0.0,0.0,0.02861922861538545,0.8794649035453899,1.8525301823271647e-05,2.557629119811587e-08,1.4284209459184231e-15,0.06593432920412973,0.0,0.0010501799894609752,1.817332268584857e-06,1.4824645178915756e-06,4.7330160296738755e-05,1.2785255904306716e-05,4.0959122287465766e-08,1.3979496409476145e-08,2.1769847127198574e-06,2.901759793154139e-07,1.1425033371092825e-06,1.0079579864918294e-08,2.8535814040447287e-08,1.9218650212132666e-37,7.005829157982086e-18
8.864863605027825e-09,0.05595639656,0.054,0.0,0.0,0.02860940812644275,0.8794600387404452,1.880998264159506e-05,2.7084187369961462e-08,1.4862369861856897e-15,0.06593390692783577,0.0,0.0010595818730758555,1.8209904879698783e-06,1.4743994244213128e-06,4.7516824069780415e-05,1.2923182281212444e-05,4.108229263760813e-08,1.4067013146648293e-08,2.221435869398581e-06,2.987560733124182e-07,1.1767580123067621e-06,1.0561821706163703e-08,2.991667536260651e-08,2.080590150968254e-37,7.131842828285869e-18
8.947821645691051e-09,0.05595639656,0.054,0.0,0.0,0.028599598144819292,0.8794551772992439,1.9096203674273195e-05,2.866385563062722e-08,1.5457762394966432e-15,0.0659334861881267,0.0,0.0010689747221066033,1.8245973614136552e-06,1.4664423310950227e-06,4.770107774792791e-05,1.306064529533234e-05,4.120444110479557e-08,1.415411881103941e-08,2.2662305422304493e-06,3.0748644153028033e-07,1.2116307291441387e-06,1.1061037329941087e-08,3.13469841952366e-08,2.2506274456303827e-37,7.258857011634646e-18
9.030779686354277e-09,0.05595639656,0.054,0.0,0.0,0.02858979863665519,0.8794503192170211,1.9383956769234132e-05,3.0317806631184274e-08,1.6070695467889393e-15,0.06593306695898071,0.0,0.0010783585527748445,1.8281539484758988e-06,1.4585907106358863e-06,4.7882957462994536e-05,1.319763130938661e-05,4.132558129848836e-08,1.4240816271780733e-08,2.311362032382027e-06,3.163672483138295e-07,1.2471227667776714e-06,1.1577561878240187e-08,3.282775623259209e-08,2.4326501048590487e-37,7.386868695331438e-18
9.113737727017503e-09,0.05595639656,0.054,0.0,0.0,0.028580009568491303,0.8794454644890278,1.967323382672404e-05,3.2048600095624934e-08,1.67014780854696e-15,0.06593264921484653,0.0,0.0010877333814218624,1.8316612806714819e-06,1.4508421202607094e-06,4.806249871207415e-05,1.3334127046310485e-05,4.144572653382786e-08,1.4327108358539676e-08,2.3568235910568433e-06,3.253986172040395e-07,1.2832352430407265e-06,1.2111728298086485e-08,3.4360002397749975e-08,2.627362945681577e-37,7.515874879172714e-18
9.196695767680729e-09,0.05595639656,0.054,0.0,0.0,0.02857023090726357,0.8794406131105289,1.9964026798757817e-05,3.3858844484634773e-08,1.7350419767795216e-15,0.06593223293063522,0.0,0.0010970992245081944,1.8351203624707195e-06,1.4431941979988117e-06,4.823973636853745e-05,1.3470119583133062e-05,4.156488983943778e-08,1.4412997861175362e-08,2.4026084231672202e-06,3.345806312577231e-07,1.3199691153813047e-06,1.2663867074199514e-08,3.5944728059888e-08,2.835503440707238e-37,7.64587257549742e-18
9.279653808343954e-09,0.05595639656,0.054,0.0,0.0,0.028560462620297065,0.8794357650768053,2.025632768855859e-05,3.575119662025955e-08,1.801783047045551e-15,0.06593181808171229,0.0,0.0011064560986132057,1.8385321722521995e-06,1.4356446592092861e-06,4.841470469289756e-05,1.3605596344972734e-05,4.168308396455228e-08,1.4498487530209e-08,2.4487096910437997e-06,3.4391333335371363e-07,1.357325181840624e-06,1.3234305963346399e-08,3.758293225486269e-08,3.0578427714847728e-37,7.776858809230427e-18
9.36261184900718e-09,0.05595639656,0.054,0.0,0.0,0.028550704675300097,0.8794309203831523,2.0550128549987276e-05,3.7728361271758945e-08,1.8704020505325365e-15,0.0659314046438898,0.0,0.0011158040204344503,1.841897663211988e-06,1.4281912932883768e-06,4.858743734354208e-05,1.3740545099144683e-05,4.1800321386502646e-08,1.4583580076599021e-08,2.4951205179869237e-06,3.533967265678855e-07,1.3953040821812974e-06,1.3823369731056507e-08,3.9275606910278364e-08,3.2951868965658598e-37,7.908830617929247e-18
9.445569889670406e-09,0.05595639656,0.054,0.0,0.0,0.028540957040358007,0.8794260790248795,2.0845421486965905e-05,3.9793090702959743e-08,1.940930046190906e-15,0.06593099259341849,0.0,0.0011251430067870955,1.8452177642289272e-06,1.420831960547318e-06,4.875796738732944e-05,1.3874953949376108e-05,4.1916614317508825e-08,1.4668278172321655e-08,2.5418339919382644e-06,3.630307744987608e-07,1.4339062990027031e-06,1.4431379890530674e-08,4.1023736075671044e-08,3.548377633879117e-37,8.041785051821298e-18
9.528527930333632e-09,0.05595639656,0.054,0.0,0.0,0.02853121968392717,0.8794212409973116,2.1142198652894656e-05,4.194818418149262e-08,2.0133981129295907e-15,0.06593058190698002,0.0,0.0011344730746030095,1.8484933806885066e-06,1.413564589254482e-06,4.892632731004802e-05,1.4008811330125345e-05,4.2031974711768245e-08,1.4752584450286905e-08,2.5888431688626463e-06,3.7281540171353327e-07,1.4731321590773002e-06,1.5058654444786545e-08,4.2828295159239365e-08,3.818293756910353e-37,8.175719173850105e-18
9.611485970996858e-09,0.05595639656,0.054,0.0,0.0,0.028521492574828586,0.8794164062957873,2.1440452250066143e-05,4.419648745032608e-08,2.0878373418747935e-15,0.06593017256167948,0.0,0.0011437942409301145,1.8517253952690724e-06,1.4063871728277605e-06,4.9092549026735855e-05,1.4142106001001314e-05,4.214641427205843e-08,1.483650150505839e-08,2.6361410764504356e-06,3.827504940615183e-07,1.51298183455025e-06,1.5705507631254133e-08,4.4690250171286406e-08,4.105852104307475e-37,8.310630059702941e-18
9.694444011660083e-09,0.05595639656,0.054,0.0,0.0,0.028511775682241895,0.8794115749156594,2.1740174529077227e-05,4.654089216210031e-08,2.164278828698916e-15,0.06592976453503753,0.0,0.001153106522931079,1.8549146686935742e-06,1.3992977671738935e-06,4.925666389185942e-05,1.427482704128012e-05,4.22599444564071e-08,1.492003189287134e-08,2.683720717206669e-06,3.9283589923580573e-07,1.5534553445456163e-06,1.637224967081966e-08,4.661055697647352e-08,4.4120087022928605e-37,8.446514797861213e-18
9.77740205232331e-09,0.05595639656,0.054,0.0,0.0,0.028502068975698694,0.879406746852295,2.20413577882408e-05,4.898433527673436e-08,2.2427536660183446e-15,0.06592935780498317,0.0,0.0011624099378828036,1.858062040447256e-06,1.3922944881597488e-06,4.941870270935111e-05,1.4406963844515714e-05,4.2372576484498255e-08,1.5003178132368594e-08,2.7315750723764223e-06,4.030714269945983e-07,1.5945525563233993e-06,1.7059186518943934e-08,4.859016055385157e-08,4.737759899608471e-37,8.583370489609998e-18
9.860360092986535e-09,0.05595639656,0.054,0.0,0.0,0.028492372425076795,0.879401922101075,2.234399437299779e-05,5.15297984229315e-08,2.3232929358717806e-15,0.06592895234984628,0.0,0.0011717045031744058,1.86116832946331e-06,1.3853755092120635e-06,4.957869574250383e-05,1.4538506113241622e-05,4.24843213437643e-08,1.5085942704777438e-08,2.7796971044076896e-06,4.1345684996515196e-07,1.636273187344291e-06,1.7766619623414853e-08,5.06299942686435e-08,5.084143514121329e-37,8.72119424910649e-18
9.943318133649761e-09,0.05595639656,0.054,0.0,0.0,0.02848268600059302,0.8793971006573943,2.2648076675331043e-05,5.4180307224064965e-08,2.4059277022690583e-15,0.06592854814835013,0.0,0.0011809902363073897,1.8642343347783986e-06,1.3785390590337775e-06,4.97366727237226e-05,1.4669443853760913e-05,4.259518979584289e-08,1.5168328054596113e-08,2.8280797616572267e-06,4.2399190355171337e-07,1.6786168060358529e-06,1.8494845682036003e-08,5.2730979151449664e-08,5.452239991175866e-37,8.859983203347299e-18
9.999999999999999e-09,0.05595639656,0.054,0.0,0.0,0.028476073467288223,0.8793938082600151,2.2856671256786147e-05,5.6053275817756554e-08,2.4636096723864686e-15,0.06592827268400053,0.0,0.0011873297314527293,1.8663064485529485e-06,1.373914562216448e-06,4.984346770281512e-05,1.4758555670713212e-05,4.267044316618593e-08,1.522440179209363e-08,2.86128390979117e-06,4.3127597082827384e-07,1.7079064430217967e-06,1.900452029801912e-08,5.4202129591223395e-08,5.716807826932208e-37,8.95536563486021e-18
1.0026276174312987e-08,0.05595639656,0.054,0.0,0.0,0.028473009672798297,0.8793922825166611,2.295359713318223e-05,5.693893058928041e-08,2.4906890038365272e-15,0.06592814517960444,0.0,0.001190267154891972,1.8672608361607733e-06,1.3717834194340362e-06,4.989266286413281e-05,1.4799767371021773e-05,4.270519238185152e-08,1.5250336590035636e-08,2.876715979254593e-06,4.346762873546122e-07,1.7215828348929126e-06,1.9244156412091313e-08,5.489402319437528e-08,5.843173572118409e-37,8.999734492295592e-18
1.0109234214976212e-08,0.05595639656,0.054,0.0,0.0,0.028463343412568936,0.8793874676742975,2.326054822987189e-05,5.980877997015589e-08,2.577607846523355e-15,0.06592774342309815,0.0,0.0011995352766496381,1.8702485947114338e-06,1.3651069232628867e-06,5.004669486304486e-05,1.4929467263576455e-05,4.281433942930774e-08,1.5331970683408762e-08,2.9255986862806717e-06,4.455096641087587e-07,1.7651705498130992e-06,2.0014838312314963e-08,5.712002065000183e-08,6.2581134742462746e-37,9.140445268735278e-18
1.0192192255639438e-08,0.05595639656,0.054,0.0,0.0,0.028453687191104457,0.8793826561257387,2.356892249352513e-05,6.279300858422415e-08,2.6667151964393076e-15,0.06592734285869241,0.0,0.0012087946194048206,1.873198353440158e-06,1.3585079524444556e-06,5.019879691727538e-05,1.5058534418621094e-05,4.2922641055831225e-08,1.541323267211799e-08,2.974720802020512e-06,4.5649166286857715e-07,1.8093790860570654e-06,2.080717245110065e-08,5.940985135977876e-08,6.698275078456515e-37,9.282112698581447e-18
1.0275150296302664e-08,0.05595639656,0.054,0.0,0.0,0.02844404097991405,0.8793778478664335,2.387871249649985e-05,6.589481060506124e-08,2.75804197270807e-15,0.06592694346661357,0.0,0.001218045201095221,1.8761108378172703e-06,1.3519849361059686e-06,5.034899673032508e-05,1.5186960007114524e-05,4.3030107177786134e-08,1.5494124858312805e-08,3.0240752510220094e-06,4.676218749113854e-07,1.8542074328355415e-06,2.1621434222850327e-08,6.176438006702497e-08,7.164921129681416e-37,9.424733960398177e-18
1.0349812532899567e-08,0.05595639656,0.054,0.0,0.0,0.028435367925332695,0.8793735232416192,2.4158727852552455e-05,6.878963001227969e-08,2.8421591921589752e-15,0.06592658500002824,0.0,0.0012263632488068005,1.878700790072542e-06,1.3461779007727441e-06,5.048257265241423e-05,1.5301987425022564e-05,4.312612036550559e-08,1.5566613520968086e-08,3.0686870438780577e-06,4.77765426406388e-07,1.895081940095695e-06,2.2373240840928098e-08,6.393947472967905e-08,7.608629554335128e-37,9.553906301323687e-18
1.0417008545836779e-08,0.05595639656,0.054,0.0,0.0,0.02842756907249818,0.879369633351389,2.4411712604159428e-05,7.148060310273171e-08,2.9194416928439714e-15,0.06592626316704552,0.0,0.0012338434476839041,1.8810068411987923e-06,1.3410022196854913e-06,5.060150857514254e-05,1.540505686169614e-05,4.3211966083390115e-08,1.5631600129871527e-08,3.1089893899728916e-06,4.869966784933439e-07,1.932296687727535e-06,2.3065398523075194e-08,6.594295710978758e-08,8.028034408124512e-37,9.670818354773555e-18
1.047748495748027e-08,0.05595639656,0.054,0.0,0.0,0.02842055567832804,0.8793661342885253,2.4640182001761482e-05,7.397335006592067e-08,2.9902873417092383e-15,0.06592597414621201,0.0,0.001240570739291571,1.8830624234132688e-06,1.3363844727519652e-06,5.0707524189983514e-05,1.5497446930419188e-05,4.328877292597209e-08,1.5689884003869666e-08,3.1453811816024863e-06,4.95387242394497e-07,1.966135755309491e-06,2.3701039109686476e-08,6.778364183497779e-08,8.422391673699205e-37,9.77657005935349e-18
1.0537961369123762e-08,0.05595639656,0.054,0.0,0.0,0.028413547553186102,0.87936263696544,2.4869390380777328e-05,7.653457715185202e-08,3.0623687534487456e-15,0.06592568571368748,0.0,0.0012472934080973274,1.885099455367396e-06,1.3318043980689033e-06,5.081257758163229e-05,1.5589481018794857e-05,4.336515308610854e-08,1.5747975422781694e-08,3.1818835149324567e-06,5.038556941756349e-07,2.0003018173496246e-06,2.4348811909816655e-08,6.966022461077643e-08,8.833331619512656e-37,9.882823565795073e-18
1.0598437780767254e-08,0.05595639656,0.054,0.0,0.0,0.028406544686533693,0.879359141380392,2.5099334934885428e-05,7.916558628624936e-08,3.135697798109266e-15,0.06592539786239078,0.0,0.001254011461217151,1.8871181911080792e-06,1.3272614582782763e-06,5.0916678699568e-05,1.568115615859735e-05,4.344111008847872e-08,1.5805875223063697e-08,3.2184936558237757e-06,5.124018192701765e-07,2.0347942577650683e-06,2.500881326874078e-08,7.157301249394524e-08,9.261427766500515e-37,9.989577802619715e-18
1.0658914192410746e-08,0.05595639656,0.054,0.0,0.0,0.02839954706791109,0.8793556475316424,2.533001286945522e-05,8.186768964273743e-08,3.2102863226199583e-15,0.06592511058533425,0.0,0.0012607249057946738,1.8891188804442166e-06,1.3227551269867986e-06,5.1019837366700814e-05,1.577246945495098e-05,4.351664740838708e-08,1.586358423161452e-08,3.2552088741028624e-06,5.210253944581374e-07,2.069612422682236e-06,2.5681137641105696e-08,7.352230739263782e-08,9.707268799521787e-37,1.009683170207034e-17
1.0719390604054238e-08,0.05595639656,0.054,0.0,0.0,0.02839255468693406,0.8793521554174576,2.556142140143339e-05,8.464220943999946e-08,3.286146149359369e-15,0.06592482387562246,0.0,0.0012674337489989376,1.8911017690344592e-06,1.3182848884731886e-06,5.1122063281097555e-05,1.5863418085411184e-05,4.3591768472582144e-08,1.5921103268925847e-08,3.292026442367429e-06,5.297261920290119e-07,2.1047556186751466e-06,2.6365877545608034e-08,7.550840591725287e-08,1.0171458821064196e-36,1.0204584200582392e-17
1.077986701569773e-08,0.05595639656,0.054,0.0,0.0,0.028385567533297264,0.8793486650361058,2.5793557759239838e-05,8.749047773178974e-08,3.363289074899329e-15,0.06592453772645088,0.0,0.0012741379980274474,1.8930670984683321e-06,1.3138502374173586e-06,5.122336601765488e-05,1.5953999299068676e-05,4.366647665800442e-08,1.597843314651894e-08,3.328943639959532e-06,5.385039717691905e-07,2.140223117874669e-06,2.7063123540876235e-08,7.753159928385998e-08,1.0654617592882209e-36,1.031283423784273e-17
1.0834295786176872e-08,0.05595639656,0.054,0.0,0.0,0.028379283555948702,0.8793455251730339,2.600310049080164e-05,9.01180828593491e-08,3.4338244853418117e-15,0.06592428066590673,0.0,0.0012801679001031247,1.8948210783417751e-06,1.3098890692563393e-06,5.1313756979234776e-05,1.603520603330029e-05,4.373336376715337e-08,1.6029868964596746e-08,3.362252057088775e-06,5.464695824447211e-07,2.1724205207929487e-06,2.7701410876070682e-08,7.938442565284553e-08,1.1106203842039158e-36,1.0410683793001763e-17
1.0888724556656014e-08,0.05595639656,0.054,0.0,0.0,0.028373003797057136,0.8793423867109007,2.6213228520973884e-05,9.280749551414345e-08,3.5054172996270725e-15,0.06592402404912621,0.0,0.0012861940920269384,1.8965611983190447e-06,1.3059559715318625e-06,5.140341463406249e-05,1.6116111082414584e-05,4.3799921539441317e-08,1.6081152790043342e-08,3.3956369951122244e-06,5.544971602388599e-07,2.204879413749283e-06,2.8349963037312685e-08,8.126773472027452e-08,1.1574144120824745e-36,1.050893473090164e-17
1.0937710450087242e-08,0.05595639656,0.054,0.0,0.0,0.02836735561475208,0.8793395632917465,2.6402842527714278e-05,9.528163098935612e-08,3.5707619722014435e-15,0.06592379346949262,0.0,0.0012916144969600297,1.8981155949896897e-06,1.30243989617892e-06,5.148348511075503e-05,1.618866614734232e-05,4.38595439071934e-08,1.6127178754801945e-08,3.425747236558206e-06,5.617748034126802e-07,2.234315490951095e-06,2.894248750100316e-08,8.298894148772315e-08,1.2009674016356232e-36,1.0597703124738813e-17
1.0981797754175348e-08,0.05595639656,0.054,0.0,0.0,0.02836227516266843,0.8793370231831041,2.6573897899980524e-05,9.755244392516892e-08,3.630315532531582e-15,0.0659235862489959,0.0,0.0012964902988081644,1.8995051695397559e-06,1.2992944214430406e-06,5.1555049363010855e-05,1.625375438900531e-05,4.391297900359849e-08,1.616849760003665e-08,3.4528968988530536e-06,5.683673435769892e-07,2.260988261165958e-06,2.9482947687298362e-08,8.455939611673787e-08,1.2413611505311377e-36,1.0677871666837837e-17
1.1025885058263453e-08,0.05595639656,0.054,0.0,0.0,0.028357197465306367,0.8793344839913901,2.6745333746711527e-05,9.98655790217889e-08,3.690578010937373e-15,0.0659233793112443,0.0,0.001301363675872713,1.9008859456316264e-06,1.2961667544573326e-06,5.162614434547255e-05,1.631864145431044e-05,4.3966202184762995e-08,1.620971773381237e-08,3.4800932670739788e-06,5.750001887327723e-07,2.2878314891991566e-06,3.003025040975054e-08,8.61502014330626e-08,1.2829158375686336e-36,1.0758302198924982e-17
1.1069972362351558e-08,0.05595639656,0.054,0.0,0.0,0.02835212251882084,0.8793319457159411,2.6917149016615528e-05,1.0222157082277091e-07,3.751553917587231e-15,0.06592317265377715,0.0,0.001306234630992366,1.9022580091688012e-06,1.293056718782895e-06,5.169677352961701e-05,1.638332641620117e-05,4.4019214667588164e-08,1.6250839454610788e-08,3.507335299775871e-06,5.816732298538706e-07,2.314844822446399e-06,3.058442656790549e-08,8.776145869821148e-08,1.3256587934187336e-36,1.0838994317737115e-17
1.1114059666439663e-08,0.05595639656,0.054,0.0,0.0,0.0283470503193873,0.8793294083560942,2.708934266146576e-05,1.0462095627119768e-07,3.813247753186399e-15,0.06592296627415736,0.0,0.001311103167013769,1.9036214450412105e-06,1.2899641404864958e-06,5.176694035491691e-05,1.644780836632903e-05,4.407201765703711e-08,1.629186305690987e-08,3.5346219590149537e-06,5.883863536372882e-07,2.342027899654655e-06,3.114550645094523e-08,8.939326746551744e-08,1.369617836349174e-36,1.091994762081436e-17
1.1158146970527768e-08,0.05595639656,0.054,0.0,0.0,0.028341980863201756,0.8793268719111877,2.726191363607875e-05,1.0706427466171827e-07,3.8756640087263734e-15,0.06592276016997115,0.0,0.001315969286787445,1.9049763371398972e-06,1.2868888480946978e-06,5.183664822915956e-05,1.651208641488107e-05,4.412461234631108e-08,1.6332788832728963e-08,3.561952206472381e-06,5.951394461867228e-07,2.3693803513411854e-06,3.1713519729000704e-08,9.104572556442382e-08,1.4148212766757253e-36,1.100116170690816e-17
1.1202234274615874e-08,0.05595639656,0.054,0.0,0.0,0.028336914146478664,0.8793243363805608,2.7434860898292045e-05,1.095520675922349e-07,3.93880716525425e-15,0.06592255433882792,0.0,0.0013208329931705836,1.9063227683712845e-06,1.2838306725492058e-06,5.1905900528763726e-05,1.657615969040829e-05,4.417699991643266e-08,1.637361707377968e-08,3.5893250064411055e-06,6.019323920664893e-07,2.3969017979829626e-06,3.2288495445131934e-08,9.271892908232152e-08,1.4612979215273764e-36,1.1082636175892579e-17
1.1246321578703979e-08,0.05595639656,0.054,0.0,0.0,0.02833185016545135,0.8793218017635537,2.760818340894693e-05,1.1208487891514334e-07,4.002681693631572e-15,0.0659223487783598,0.0,0.0013256942890295014,1.9076608206712424e-06,1.2807894471623938e-06,5.1974700599094175e-05,1.664002733965503e-05,4.4229181536906524e-08,1.6414348068564067e-08,3.6167393284868355e-06,6.087650710836908e-07,2.424591850798521e-06,3.2870462013807726e-08,9.441297234281825e-08,1.5090770818778953e-36,1.1164370628389251e-17
1.1290408882792084e-08,0.05595639656,0.054,0.0,0.0,0.0283267889163724,0.8793192680595077,2.77818801318688e-05,1.1466325468811877e-07,4.067292054285041e-15,0.06592214348622161,0.0,0.0013305531772346262,1.9089905750190676e-06,1.2777650075736767e-06,5.204305175477303e-05,1.670368852738983e-05,4.428115836610777e-08,1.6454982102329066e-08,3.6441941426284374e-06,6.156373625838843e-07,2.452450112498132e-06,3.345944721486501e-08,9.612794788816332e-08,1.5581885769694295e-36,1.1246364666230993e-17
1.133449618688019e-08,0.05595639656,0.054,0.0,0.0,0.02832173039551275,0.8793167352677644,2.795595003384488e-05,1.172877431244226e-07,4.132642696970428e-15,0.06592193846009047,0.0,0.0013354096606614128,1.9103121114512794e-06,1.2747571917077901e-06,5.2110957279987695e-05,1.676714243623771e-05,4.433293155069642e-08,1.649551946000315e-08,3.6716884204585475e-06,6.225491451705173e-07,2.4804761766745184e-06,3.405547818374729e-08,9.786394646344787e-08,1.6086627385209065e-36,1.132861789244894e-17
1.1378583490968295e-08,0.05595639656,0.054,0.0,0.0,0.028316674599161862,0.8793142033876673,2.8130392084606607e-05,1.1995889454274145e-07,4.19873806054508e-15,0.06592173369766578,0.0,0.0013402637421944198,1.911625509075036e-06,1.2717658397339239e-06,5.2178420428795986e-05,1.6830388266513734e-05,4.438450222612438e-08,1.653596042426677e-08,3.699221139414328e-06,6.295002921237544e-07,2.5086696283347277e-06,3.465858140970176e-08,9.96210569978004e-08,1.6605304183447776e-36,1.1411129910752932e-17
1.14226707950564e-08,0.05595639656,0.054,0.0,0.0,0.028311621523627317,0.8793116724185602,2.8305205256811874e-05,1.2267726131665146e-07,4.265582572735612e-15,0.06592152919666874,0.0,0.0013451154247226657,1.9129308460811638e-06,1.268790794024997e-06,5.224544442542836e-05,1.6893425236057977e-05,4.443587151729359e-08,1.6576305274091656e-08,3.726791278328533e-06,6.364906761448579e-07,2.537030043826555e-06,3.52687827327244e-08,1.013993665868438e-07,1.7138229928688328e-36,1.1493900326033482e-17
1.1466758099144505e-08,0.05595639656,0.054,0.0,0.0,0.028306571165234,0.8793091423597881,2.848038852602347e-05,1.254433978237353e-07,4.333180649905703e-15,0.06592132495484225,0.0,0.001349964711139319,1.914228199757006e-06,1.265831899118307e-06,5.231203246458761e-05,1.6956252580071524e-05,4.4487040537933915e-08,1.6616554287721918e-08,3.7543978173235937e-06,6.435201701895087e-07,2.565556990341397e-06,3.5886107333482025e-08,1.0319896047817135e-07,1.7685723665259096e-36,1.157692874447849e-17
1.151084540323261e-08,0.05595639656,0.054,0.0,0.0,0.028301523520325146,0.8793066132106964,2.865594087069069e-05,1.2825786039430382e-07,4.4015366968324355e-15,0.06592112096995077,0.0,0.0013548116043464089,1.91551764649913e-06,1.262889001677395e-06,5.2378187711745425e-05,1.7018869550953742e-05,4.4538010390831293e-08,1.6656707742072318e-08,3.7820397427141215e-06,6.505886413700646e-07,2.594250027327656e-06,3.651057973078938e-08,1.050199220555411e-07,1.824810980050265e-36,1.166021477289471e-17
1.1554932707320715e-08,0.05595639656,0.054,0.0,0.0,0.028296478585261704,0.8793040849706322,2.8831861272133076e-05,1.3112120725972252e-07,4.4706551064858906e-15,0.06592091723977989,0.0,0.0013596561072503433,1.9167992618258006e-06,1.259961950453993e-06,5.244391330343656e-05,1.7081275418140837e-05,4.4588782168701335e-08,1.6696765910304533e-08,3.80971604271711e-06,6.576959558238701e-07,2.6231087061301732e-06,3.714222378050151e-08,1.0686233282200289e-07,1.8825718153280168e-36,1.1743758019203388e-17
1.159461128100001e-08,0.05595639656,0.054,0.0,0.0,0.028291940457627545,0.8793018103312535,2.899050348233128e-05,1.3374047837983908e-07,4.53351711640644e-15,0.06592073409859893,0.0,0.0013640141185594533,1.917946081477328e-06,1.2573410295157987e-06,5.2502701549792095e-05,1.713725961474116e-05,4.463430830920406e-08,1.673273701680837e-08,3.8346532675602995e-06,6.64125640521385e-07,2.6492227622767415e-06,3.771685436278426e-08,1.0853890740446281e-07,1.9358857637563414e-36,1.1819166539284581e-17
1.1634289854679304e-08,0.05595639656,0.054,0.0,0.0,0.028287404519404164,0.8792995364271835,2.9149442257078847e-05,1.3640020896562213e-07,4.597003374086924e-15,0.06592055116038029,0.0,0.0013683701982072592,1.919086671991009e-06,1.2547327157710069e-06,5.2561146538974986e-05,1.7193071730352692e-05,4.467967566706792e-08,1.676863135944438e-08,3.859616785077216e-06,6.705865803567397e-07,2.6754702780694533e-06,3.8297329202803144e-08,1.1023297705054903e-07,1.9904846824141686e-36,1.1894782805032058e-17
1.1673968428358598e-08,0.05595639656,0.054,0.0,0.0,0.02828287076797466,0.8792972632579481,2.930867685964483e-05,1.3910080970951703e-07,4.661117056596042e-15,0.06592036842355288,0.0,0.0013727243483252609,1.9202210866428687e-06,1.2521369031536767e-06,5.261925049855037e-05,1.72487112671559e-05,4.472488501741108e-08,1.6804449133623167e-08,3.8846058660464334e-06,6.770786716505663e-07,2.701850910140243e-06,3.8883664290842194e-08,1.1194459721214842e-07,2.046393760350396e-36,1.1970606532530799e-17
1.1713647002037892e-08,0.05595639656,0.054,0.0,0.0,0.028278339200731466,0.879294990823073,2.9468206555135632e-05,1.418426924203991e-07,4.7258613327179575e-15,0.06592018588655907,0.0,0.0013770765710437892,1.921349378162318e-06,1.249553486878742e-06,5.267701563781386e-05,1.7304177738113844e-05,4.476993712882921e-08,1.684019053320492e-08,3.909619778941854e-06,6.836018156224698e-07,2.72836430837107e-06,3.9475875168503466e-08,1.136738220724776e-07,2.1036385505398185e-36,1.2046637439199642e-17
1.1753325575717186e-08,0.05595639656,0.054,0.0,0.0,0.028273809815077187,0.8792927191220856,2.9628030610482897e-05,1.4462626999222147e-07,4.791239362828679e-15,0.06592000354785452,0.0,0.001381426868499172,1.9224715987389082e-06,1.2469823634222736e-06,5.273444414795772e-05,1.735947066688007e-05,4.481483276297363e-08,1.6875855752281392e-08,3.934657797213308e-06,6.901559102489735e-07,2.7550101168851208e-06,4.0073976924551296e-08,1.1542070453946756e-07,2.162244976685757e-36,1.2122875242949797e-17
1.178903629202855e-08,0.05595639656,0.054,0.0,0.0,0.028269735231111145,0.8792906752182802,2.9772123333556007e-05,1.4716748101922324e-07,4.8506240547611645e-15,0.06591983961129189,0.0,0.0013853404918821404,1.923476449306553e-06,1.2446787781093617e-06,5.2785843785751736e-05,1.7409085539038088e-05,4.4855105670193264e-08,1.690788947391937e-08,3.9572120299584384e-06,6.960809656718731e-07,2.7791042595853206e-06,4.061731731712965e-08,1.1700803870610497e-07,2.2161766928635348e-36,1.2191665929920094e-17
1.1824747008339915e-08,0.05595639656,0.054,0.0,0.0,0.028265662410261946,0.8792886319081968,2.991645336394564e-05,1.497431026441798e-07,4.910526932230653e-15,0.06591967583299586,0.0,0.001389252559099555,1.9244764615512245e-06,1.242384993397888e-06,5.2836974086506416e-05,1.7458559132381956e-05,4.489525298945715e-08,1.6939861783323748e-08,3.979784677721846e-06,7.020309252132933e-07,2.8033050994009455e-06,4.1165451548309904e-08,1.1860975410536346e-07,2.271252070222217e-36,1.2260623770136876e-17
1.1856886653020143e-08,0.05595639656,0.054,0.0,0.0,0.028261998377413743,0.8792867934364698,3.0046552850443214e-05,1.5209083368964148e-07,4.9648844600556544e-15,0.06591952856693904,0.0,0.0013927720903613805,1.9253723663520254e-06,1.2403289063817216e-06,5.2882762363940964e-05,1.7502964303914632e-05,4.493127864709933e-08,1.696858446925617e-08,4.000115366935513e-06,7.07407125087575e-07,2.8251768565120767e-06,4.166287940473888e-08,1.2006362360047798e-07,2.321813995436087e-36,1.2322828574264897e-17
1.1889026297700372e-08,0.05595639656,0.054,0.0,0.0,0.02825833576981373,0.8792849554451291,3.0176843739989606e-05,1.5446690426073125e-07,5.0196652322902705e-15,0.06591938142739283,0.0,0.0013962903635379156,1.926264408749066e-06,1.2382806461480353e-06,5.292833487206996e-05,1.7547254543413067e-05,4.4967203409985695e-08,1.6997257624332913e-08,4.020460166336137e-06,7.128033788204208e-07,2.8471346201952233e-06,4.2164205543304385e-08,1.215291965448249e-07,2.373332746724964e-36,1.2385168458513206e-17
1.1917951977912578e-08,0.05595639656,0.054,0.0,0.0,0.02825504064044351,0.879283301663446,3.0294268871750925e-05,1.5662978140023098e-07,5.0693311721702215e-15,0.06591924910931501,0.0,0.0013994557346830427,1.9270639664433422e-06,1.2364438607522125e-06,5.2969166574204876e-05,1.75870173034677e-05,4.4999449754077704e-08,1.7023021196953348e-08,4.03878224026846e-06,7.176770986749117e-07,2.8669699798807536e-06,4.2618737834225225e-08,1.228582393221675e-07,2.420529854195921e-36,1.2441389724429275e-17
1.1946877658124784e-08,0.05595639656,0.054,0.0,0.0,0.028251746663443097,0.879281648270491,3.0411848447577034e-05,1.588159552126898e-07,5.119342489942004e-15,0.06591911689249912,0.0,0.001402620088536215,1.9278604361990763e-06,1.2346133351818696e-06,5.300982522508476e-05,1.762668662053362e-05,4.503161497163976e-08,1.7048744802600958e-08,4.057115156282086e-06,7.22566975103481e-07,2.8868746957595586e-06,4.307643826526777e-08,1.2419679999702316e-07,2.4685247079670776e-36,1.2497720177257593e-17
1.1972910770315769e-08,0.05595639656,0.054,0.0,0.0,0.028248783068606762,0.8792801605490435,3.051780188420376e-05,1.6080356437849264e-07,5.164648969051911e-15,0.06591899798347386,0.0,0.0014054671379108807,1.928574634509946e-06,1.232971183463526e-06,5.304627072001438e-05,1.7662308979526228e-05,4.506049453619946e-08,1.707186193573281e-08,4.073623824192257e-06,7.269816417692388e-07,2.9048481159157966e-06,4.3491081367031524e-08,1.2540965685235812e-07,2.5124111850742845e-36,1.2548510850467673e-17
1.1996340571287656e-08,0.05595639656,0.054,0.0,0.0,0.02824611663005762,0.879278821868719,3.0613266575274326e-05,1.6260875697324304e-07,5.205665549318243e-15,0.06591889103474584,0.0,0.0014080287789071998,1.929215298985856e-06,1.2314975339959445e-06,5.307895286266643e-05,1.769430418253603e-05,4.5086430322679665e-08,1.7092639769656683e-08,4.088488780309132e-06,7.309659728641435e-07,2.921072032920808e-06,4.3866460376185746e-08,1.265078420582773e-07,2.5524757177283706e-36,1.2594297933984702e-17
1.2019770372259543e-08,0.05595639656,0.054,0.0,0.0,0.028243450945836843,0.8792774834431156,3.0708832100289325e-05,1.6442952333205967e-07,5.2469108685354424e-15,0.06591878415145035,0.0,0.0014105897539461157,1.929853971063207e-06,1.2300279257139758e-06,5.311152289594733e-05,1.772623779670944e-05,4.511231337852188e-08,1.7113391508928756e-08,4.103360362973095e-06,7.34960825874544e-07,2.9373411877850566e-06,4.424392631059899e-08,1.2761230245148955e-07,2.5930832615938896e-36,1.2640156463452805e-17
1.204320017323143e-08,0.05595639656,0.054,0.0,0.0,0.028240786015426445,0.8792761452721369,3.0804498311221996e-05,1.66265950004054e-07,5.288385562821771e-15,0.06591867733329018,0.0,0.0014131500634719275,1.9304906606533847e-06,1.2285623392227337e-06,5.314398124265265e-05,1.775810974075089e-05,4.5138143850507774e-08,1.7134117191486185e-08,4.118238426183702e-06,7.38966178341852e-07,2.9536554994419723e-06,4.46234815302019e-08,1.2872304679476738e-07,2.6342397814667603e-36,1.2686086381925811e-17
1.2066629974203316e-08,0.05595639656,0.054,0.0,0.0,0.02823812183830969,0.8792748073556867,3.090026506025731e-05,1.6811812363633416e-07,5.330090267151082e-15,0.06591857057996955,0.0,0.0014157097079306583,1.931125377608708e-06,1.2271007552612978e-06,5.317632832354503e-05,1.7789919934570454e-05,4.5163921884760825e-08,1.7154816855074206e-08,4.133122825658886e-06,7.429820062008163e-07,2.970014886355597e-06,4.5005128338401295e-08,1.2984008368890612e-07,2.675951292217951e-36,1.2732087632374368e-17
1.2090059775175203e-08,0.05595639656,0.054,0.0,0.0,0.02823545841397099,0.8792734696936687,3.099613219979107e-05,1.699861309714995e-07,5.3720256153429556e-15,0.0659184638911942,0.0,0.0014182686877678818,1.931758131722883e-06,1.225643154701422e-06,5.3208564557365805e-05,1.7821668299277237e-05,4.518964762668948e-08,1.717549053726046e-08,4.148013416668185e-06,7.470082860761161e-07,2.986419266399891e-06,4.538886898254184e-08,1.3096342157188835e-07,2.718223856238625e-36,1.2778160157934293e-17
1.211348957614709e-08,0.05595639656,0.054,0.0,0.0,0.02823279574189586,0.8792721322859864,3.10920995824293e-05,1.7187005884527217e-07,5.4141922400547494e-15,0.06591835726667135,0.0,0.0014208270034290003,1.932388932731431e-06,1.2241895185463625e-06,5.324069036084617e-05,1.785335475717312e-05,4.521532122096724e-08,1.7196138275518607e-08,4.1629100543187e-06,7.510449949945679e-07,3.0028685568697105e-06,4.5774705653167004e-08,1.32093068718992e-07,2.761063584289948e-36,1.2824303901884915e-17
1.2136919377118977e-08,0.05595639656,0.054,0.0,0.0,0.02823013382157113,0.8792707951325438,3.118816706098752e-05,1.7376999418420566e-07,5.45659077277462e-15,0.06591825070610967,0.0,0.0014233846553605596,1.9330177903120955e-06,1.222739827929752e-06,5.327270614871762e-05,1.7884979231746793e-05,4.5240942811585534e-08,1.721676010719382e-08,4.177812594878669e-06,7.550921089060562e-07,3.0193626746447837e-06,4.6162640483755537e-08,1.3322903324263883e-07,2.8044766374320637e-36,1.287051880748425e-17
1.2160349178090864e-08,0.05595639656,0.054,0.0,0.0,0.028227472652484695,0.8792694582332448,3.128433448849027e-05,1.75686024003675e-07,5.4992218438152034e-15,0.0659181442092192,0.0,0.0014259416440092455,1.9336447140851757e-06,1.2212940641145834e-06,5.330461233372113e-05,1.7916541647668526e-05,4.5266512541859934e-08,1.723735606947814e-08,4.192720894779473e-06,7.591496038619094e-07,3.03590153601654e-06,4.655267555096612e-08,1.3437132309187715e-07,2.848469225523075e-36,1.2916804818089548e-17
1.2183778979062751e-08,0.05595639656,0.054,0.0,0.0,0.028224812234125537,0.879268121587993,3.138060171817016e-05,1.7761823540471568e-07,5.542086082303376e-15,0.06591803777571158,0.0,0.0014284979698216743,1.9342697136140697e-06,1.2198522084917098e-06,5.333640932662164e-05,1.7948041930782e-05,4.529203055439481e-08,1.725792619943677e-08,4.207634810417201e-06,7.632174562545379e-07,3.052485056658546e-06,4.694481287456545e-08,1.355199460518779e-07,2.893047607489e-36,1.2963161877192797e-17
1.2230638581006525e-08,0.05595639656,0.054,0.0,0.0,0.028219493647550754,0.8792654490592482,3.157343499802771e-05,1.8153155176820735e-07,5.628516572150338e-15,0.06591782509769813,0.0,0.0014336086347271214,1.9355139779111374e-06,1.2169801480186423e-06,5.339967736936348e-05,1.8010855807785748e-05,4.5342911993248694e-08,1.7298989109979706e-08,4.2374789176032435e-06,7.71384136657141e-07,3.0857857360919104e-06,4.773540208422581e-08,1.3783622162406973e-07,2.983987039732144e-36,1.305608891508291e-17
1.2270182577165076e-08,0.05595639656,0.054,0.0,0.0,0.028215007717337526,0.8792631945488584,3.1736472890030075e-05,1.8488507500429857e-07,5.702185021052694e-15,0.06591764581712929,0.0,0.001437919376459442,1.936558087565876e-06,1.214568463597191e-06,5.345273201697442e-05,1.8063669329886403e-05,4.538569027223913e-08,1.733356132039835e-08,4.262680027406721e-06,7.783078695977115e-07,3.1140258078065294e-06,4.8409125921339035e-08,1.398106620225403e-07,3.062609563380604e-36,1.3134729010033631e-17
1.2309726573323627e-08,0.05595639656,0.054,0.0,0.0,0.028210523918828376,0.8792609407608557,3.189979312167357e-05,1.8828585848357496e-07,5.776526013982711e-15,0.06591746671331263,0.0,0.0014422282360483378,1.9375968414626394e-06,1.2121676681883366e-06,5.3505481035385654e-05,1.8116304917912392e-05,4.542832310897572e-08,1.7368060436134313e-08,4.287895233497819e-06,7.852607818942374e-07,3.142391948274921e-06,4.9088862916441096e-08,1.4180324024925425e-07,3.142986254426742e-36,1.3213570738238747e-17
1.2349270569482178e-08,0.05595639656,0.054,0.0,0.0,0.02820604224959879,0.8792586876947804,3.2063394993319155e-05,1.9173432321765078e-07,5.851542540486599e-15,0.06591728778490243,0.0,0.0014465352156509547,1.9386302839661857e-06,1.2097776759255718e-06,5.3557926343131985e-05,1.8168762248794008e-05,4.547081116969856e-08,1.7402486631718306e-08,4.3131238571457946e-06,7.922427549205804e-07,3.1708837373089847e-06,4.977462112024205e-08,1.4381398895526192e-07,3.22514866472564e-36,1.3292613830168806e-17
1.2388814565640729e-08,0.05595639656,0.054,0.0,0.0,0.028201562707232886,0.8792564353501731,3.222727780697847e-05,1.9523089077396257e-07,5.9272375800591686e-15,0.0659171090305642,0.0,0.0014508403174265216,1.939658459002317e-06,1.2073984019156431e-06,5.361006984332931e-05,1.8221041008631045e-05,4.551315511529504e-08,1.743684008063061e-08,4.3383652224248405e-06,7.992536693304718e-07,3.199500750603332e-06,5.046640811723381e-08,1.458429394461223e-07,3.309128760547617e-36,1.3371858016965532e-17
1.242835856179928e-08,0.05595639656,0.054,0.0,0.0,0.028197085289323406,0.8792541837265755,3.239144086630584e-05,1.9877598324467695e-07,6.003614102052274e-15,0.06591693044897462,0.0,0.0014551435435363606,1.9406814100627465e-06,1.205029762224779e-06,5.36619134238081e-05,1.8273140892615943e-05,4.555535560136541e-08,1.7471120955322516e-08,4.363618656322959e-06,8.062934049787862e-07,3.2282425598142724e-06,5.116423102498615e-08,1.478901216789633e-07,3.394958925354161e-36,1.3451303030429153e-17
1.2507446554116383e-08,0.05595639656,0.054,0.0,0.0,0.028188136817286873,0.8792496826405766,3.2720604944722616e-05,2.0601343365541765e-07,6.1584234192270344e-15,0.0659165737988028,0.0,0.0014637443774154334,1.94271181209418e-06,1.2003240547604126e-06,5.376470830163331e-05,1.8376802858613282e-05,4.5639328791305427e-08,1.7539465666738495e-08,4.4141590541411885e-06,8.204588538905698e-07,3.2860988332245273e-06,5.2578010703808e-08,1.520392944345029e-07,3.572301106748362e-36,1.361079446767626e-17
1.2578625747201776e-08,0.05595639656,0.054,0.0,0.0,0.028180090434117667,0.8792456341244399,3.301780410305338e-05,2.1269733818988925e-07,6.300112051954482e-15,0.06591625339139667,0.0,0.0014714787348560935,1.9445217355286396e-06,1.1961244645412893e-06,5.385621659712529e-05,1.846948399797674e-05,4.571442050287396e-08,1.7600729413199476e-08,4.459679999646131e-06,8.333051011450651e-07,3.3385919046654163e-06,5.387111705468811e-08,1.5583617529239667e-07,3.738569844755423e-36,1.3755020910829847e-17
1.2649804940287168e-08,0.05595639656,0.054,0.0,0.0,0.028172050897131574,0.8792415879372659,3.331590050194401e-05,2.1954504828837762e-07,6.444054393493334e-15,0.06591593352361298,0.0,0.001479207048847642,1.946315390346303e-06,1.1919580665804197e-06,5.3946781828447145e-05,1.856158124625096e-05,4.5789057369018025e-08,1.766176065689857e-08,4.505229724111235e-06,8.462428178841809e-07,3.39148247701979e-06,5.5183869058772474e-08,1.5969253097319328e-07,3.9113558553641086e-36,1.3899893890523062e-17
1.272098413337256e-08,0.05595639656,0.054,0.0,0.0,0.028164018192586796,0.8792375440763999,3.361489013860992e-05,2.2655904026648503e-07,6.590267382277374e-15,0.06591561418812286,0.0,0.0014869293320659272,1.948093015125498e-06,1.1878244042785753e-06,5.40364144706939e-05,1.865309314418115e-05,4.5863243032339413e-08,1.7722560369281925e-08,4.550804416429465e-06,8.592712714170718e-07,3.4447679154954556e-06,5.651629129108479e-08,1.6360848710602403e-07,4.090863506631477e-36,1.4045411865754392e-17
1.2792163326457953e-08,0.05595639656,0.054,0.0,0.0,0.028155992306823387,0.8792335025391917,3.391476902685492e-05,2.3374179331989493e-07,6.738767843066077e-15,0.06591529537770609,0.0,0.001494645597204176,1.949854844272328e-06,1.1837230300508047e-06,5.4125124849327905e-05,1.874401832167631e-05,4.593698108450933e-08,1.778312951178438e-08,4.596400299481041e-06,8.72389720999388e-07,3.498445548088107e-06,5.786840340236728e-08,1.6758415499751616e-07,4.277301783571089e-36,1.419157330224751e-17
1.2863342519543345e-08,0.05595639656,0.054,0.0,0.0,0.028147973226261343,0.8792294633229982,3.4215533196926e-05,2.410957889137704e-07,6.889572485407674e-15,0.06591497708524931,0.0,0.0015023558569719712,1.9516011081031282e-06,1.1796535051030798e-06,5.4212923142583137e-05,1.8834355496397585e-05,4.601027506767915e-08,1.7843469036304514e-08,4.642013630901515e-06,8.855974178492264e-07,3.5525126667904785e-06,5.924022012158711e-08,1.7161963161489373e-07,4.47088434400045e-36,1.4338376672395697e-17
1.2934521712628738e-08,0.05595639656,0.054,0.0,0.0,0.028139960937398876,0.8792254264251811,3.451717869536839e-05,2.486235101601804e-07,7.0426979021197365e-15,0.06591465930374411,0.0,0.0015100601240940446,1.953332032923343e-06,1.1756153992081483e-06,5.429981938387995e-05,1.8924103472335142e-05,4.6083128476189844e-08,1.790357988580133e-08,4.687640703680467e-06,8.98893605299841e-07,3.606966528845649e-06,6.063175126151158e-08,1.7571499957663367e-07,4.6718295804712464e-36,1.4485820455217867e-17
1.300570090571413e-08,0.05595639656,0.054,0.0,0.0,0.028131955426810778,0.8792213918431075,3.4819701584908645e-05,2.563274412854894e-07,7.198160568028697e-15,0.06591434202628564,0.0,0.001517758411308849,1.9550478410928676e-06,1.1716082905061227e-06,5.4385823463860416e-05,1.9013261138601207e-05,4.6155544757552857e-08,1.7963462994581228e-08,4.733277846260336e-06,9.122775194141079e-07,3.6618043577262573e-06,6.204300172601978e-08,1.7987032715100128e-07,4.8803606712700626e-36,1.463390313636882e-17
1.3076880098799523e-08,0.05595639656,0.054,0.0,0.0,0.028123956681145958,0.8792173595741509,3.5123097944278273e-05,2.6421006684662916e-07,7.3559768381658e-15,0.06591402524607022,0.0,0.0015254507313672895,1.956748751130823e-06,1.1676317652507685e-06,5.447094513334662e-05,1.91018274676713e-05,4.622752731171023e-08,1.8023119287443715e-08,4.77892142348479e-06,9.257483891837422e-07,3.7170233444505048e-06,6.347397152046988e-08,1.8408566826494342e-07,5.096705621845204e-36,1.478262320810171e-17
1.3148059291884915e-08,0.05595639656,0.054,0.0,0.0,0.028115964687126068,0.8792133296156897,3.5427363868093017e-05,2.7227387118490523e-07,7.51616294656297e-15,0.06591370895639395,0.0,0.0015331370970316303,1.9584349777835295e-06,1.163685417631536e-06,5.455519400536508e-05,1.918980151417303e-05,4.629907949317623e-08,1.8082549680300698e-08,4.824567837022431e-06,9.393054365875215e-07,3.772620648784692e-06,6.492465576511662e-08,1.883610625176674e-07,5.32109733102004e-36,1.493197916920871e-17
1.3219238484970308e-08,0.05595639656,0.054,0.0,0.0,0.028107979431543546,0.8792093019651078,3.573249546671014e-05,2.805213377941241e-07,7.67873500490706e-15,0.06591339315065084,0.0,0.001540817521073925,1.9601067320992184e-06,1.1597688495896428e-06,5.4638579557455285e-05,1.9277182413502725e-05,4.637020461311677e-08,1.8141755081254685e-08,4.870213525529046e-06,9.529478772890938e-07,3.828593400308286e-06,6.639504471179165e-08,1.9269653520445578e-07,5.553773653972371e-36,1.5081969525030022e-17
1.32904176780557e-08,0.05595639656,0.054,0.0,0.0,0.02810000090126016,0.8792052766197949,3.603848886612512e-05,2.889549487894273e-07,7.843709001461273e-15,0.06591307782233148,0.0,0.0015484920162749764,1.9617642214835916e-06,1.1558816706318517e-06,5.472111113357646e-05,1.936396938067025e-05,4.64409059385731e-08,1.820073639035907e-08,4.91585496504768e-06,9.66674920872225e-07,3.884938699365637e-06,6.788512376081549e-08,1.9709209734748104e-07,5.7949774222121176e-36,1.5232592787440393e-17
1.3361596871141093e-08,0.05595639656,0.054,0.0,0.0,0.02809202908320541,0.8792012535771457,3.6345340207837425e-05,2.9757718425818215e-07,8.01110079975706e-15,0.06591276296502122,0.0,0.0015561605954234885,1.963407649773809e-06,1.1520234976305747e-06,5.480279794643036e-05,1.9450161708892508e-05,4.651118669314394e-08,1.825949449888169e-08,4.961488669900836e-06,9.804857704909545e-07,3.941653618458e-06,6.939487348238809e-08,2.0154774573470518e-07,6.044956504168341e-36,1.5383847474745904e-17
1.3432776064226485e-08,0.05595639656,0.054,0.0,0.0,0.028084063964374864,0.8791972328345611,3.6653045648730784e-05,3.0639052166346345e-07,8.180926137440893e-15,0.06591244857239867,0.0,0.0015638232713142395,1.9650372173151835e-06,1.148193954640717e-06,5.488364907956773e-05,1.953575876830766e-05,4.6581050060233646e-08,1.831803029052245e-08,5.007111192455024e-06,9.943796237645119e-07,3.998735203333061e-06,7.092426964114535e-08,2.0606346296360495e-07,6.303963901549154e-36,1.5535732111691173e-17
1.3503955257311877e-08,0.05595639656,0.054,0.0,0.0,0.028076105531828034,0.879193214389447,3.696160136093874e-05,3.1539743520067057e-07,8.353200625061164e-15,0.06591213463823391,0.0,0.0015714800567466977,1.9666531210364705e-06,1.1443926727287928e-06,5.4963673489641344e-05,1.9620760004601253e-05,4.6650499181675783e-08,1.837634464198423e-08,5.05271912341773e-06,1.008355673595765e-06,4.0561804737441185e-06,7.247328322055887e-08,2.1063921749499063e-07,6.572257744803176e-36,1.5688245229513534e-17
1.357513445039727e-08,0.05595639656,0.054,0.0,0.0,0.028068153772687187,0.8791891982392142,3.727100353173161e-05,3.246003952157956e-07,8.527939745035714e-15,0.06591182115638704,0.0,0.0015791309645248194,1.968255554510654e-06,1.1406192898118435e-06,5.5042880008409e-05,1.9705164937775828e-05,4.6719537156784295e-08,1.8434438421218105e-08,5.098309093130939e-06,1.02241310703074e-06,4.113986424950887e-06,7.404188045065152e-08,2.1527496371476346e-07,6.850101312394233e-36,1.584138536578152e-17
1.3646313643482662e-08,0.05595639656,0.054,0.0,0.0,0.02806020867413613,0.8791851843812797,3.758124836339485e-05,3.340018675997617e-07,8.705158850607965e-15,0.06591150812080662,0.0,0.0015867760074551715,1.9698447080136946e-06,1.136873450489356e-06,5.512127734479879e-05,1.9788973160877997e-05,4.678816704812311e-08,1.8492312488372855e-08,5.143877771236213e-06,1.0365511058937266e-06,4.1721500291250444e-06,7.563002284152859e-08,2.1997064200048268e-07,7.137763199808755e-36,1.5995151064335015e-17
1.3717492836568055e-08,0.05595639656,0.054,0.0,0.0,0.02805227022341773,0.8791811728130651,3.789233207312058e-05,3.4360431321271846e-07,8.884873164904248e-15,0.06591119552552818,0.0,0.0015944151983447858,1.9714207685860695e-06,1.1331548058817527e-06,5.519887408684742e-05,1.987218433879335e-05,4.6856391880837366e-08,1.85499676985854e-08,5.18942186597627e-06,1.0507688490104396e-06,4.2306682354256706e-06,7.723766721467946e-08,2.2472617879480096e-07,7.435517316562039e-36,1.6149540875479014e-17
1.3788672029653447e-08,0.05595639656,0.054,0.0,0.0,0.02804433840783272,0.8791771635319979,3.820425089289598e-05,3.5341018728467086e-07,9.06709777997562e-15,0.06591088336467278,0.0,0.0016020485500018332,1.972983920097883e-06,1.1294630134823526e-06,5.527567870370633e-05,1.9954798206995867e-05,4.692421463716781e-08,1.8607404898981106e-08,5.2349381263548755e-06,1.0650655102646336e-06,4.289537971431694e-06,7.88647657359194e-08,2.2954148668969877e-07,7.743642774980464e-36,1.630455335580981e-17
1.385985122273884e-08,0.05595639656,0.054,0.0,0.0,0.02803641321473968,0.8791731565355108,3.851700106939555e-05,3.6342193883579536e-07,9.251847655917478e-15,0.06591057163244562,0.0,0.001609676075234249,1.9745343433101564e-06,1.125797737005439e-06,5.53516995475633e-05,2.0036814570344017e-05,4.6991638264634135e-08,1.8664624926884214e-08,5.280423342176472e-06,1.0794402576411288e-06,4.3487561456196955e-06,8.05112659574991e-08,2.3441646451439603e-07,8.062424162521439e-36,1.6460187067943687e-17
1.3931030415824232e-08,0.05595639656,0.054,0.0,0.0,0.028028494631551652,0.8791691518210415,3.8830578863867504e-05,3.7364201008817045e-07,9.439137620005364e-15,0.06591026032313434,0.0,0.001617297786845908,1.976072215932274e-06,1.122158646231685e-06,5.542694485557841e-05,2.0118233301864677e-05,4.705866567964136e-08,1.8721628616523516e-08,5.3258743416625205e-06,1.0938922580173541e-06,4.408319646543674e-06,8.217711085650774e-08,2.393509974264066e-07,8.392151665831702e-36,1.6616440580892574e-17
1.4002209608909624e-08,0.05595639656,0.054,0.0,0.0,0.028020582645734055,0.879165149386033,3.914498055203323e-05,3.8407283589629383e-07,9.628982365907269e-15,0.06590994943110798,0.0,0.0016249136976380855,1.977597712677273e-06,1.1185454168790156e-06,5.5501422751739474e-05,2.019905434158026e-05,4.712529975470045e-08,1.87784167973282e-08,5.3712879942593835e-06,1.1084206755669094e-06,4.468225343130638e-06,8.38622388707706e-08,2.4434495701562e-07,8.733120667498331e-36,1.6773312470069006e-17
1.4073388801995017e-08,0.05595639656,0.054,0.0,0.0,0.028012677244807074,0.8791611492279339,3.946020242398747e-05,3.9471684317476525e-07,9.821396452922648e-15,0.0659096389508153,0.0,0.0016325238204100015,1.979111005317504e-06,1.1149577304690683e-06,5.557514124871313e-05,2.027927769533291e-05,4.719154332649592e-08,1.8834990284942945e-08,5.416661212517757e-06,1.1230246664610839e-06,4.528470089570959e-06,8.556658395041369e-08,2.493982014148765e-07,9.085632047550516e-36,1.693080131658887e-17
1.414456799508041e-08,0.05595639656,0.054,0.0,0.0,0.028004778416342253,0.8791571513441974,3.977624078409358e-05,4.055764503383063e-07,1.0016394305277854e-14,0.06590932887678366,0.0,0.001640128167952299,1.980612262739887e-06,1.111395274172275e-06,5.564810824964185e-05,2.0358903433636482e-05,4.725739920998448e-08,1.8891349891536362e-08,5.461990946891509e-06,1.1377033866597655e-06,4.589050724177407e-06,8.729007560463541e-08,2.5451057540726656e-07,9.44999277243808e-36,1.708890570769936e-17
1.4208629268857263e-08,0.05595639656,0.054,0.0,0.0,0.027997675079943378,0.8791535551913143,4.0061370362532636e-05,4.1553642621451727e-07,1.0194113304011054e-14,0.06590905015304739,0.0,0.0016469671534844002,1.981953241611244e-06,1.1082103811607276e-06,5.571314246646368e-05,2.0430055746388197e-05,4.731634032108496e-08,1.89418913435121e-08,5.502748041026173e-06,1.1509774329738289e-06,4.6438578507452364e-06,8.885752660182402e-08,2.591621288545334e-07,9.788306421053872e-36,1.7231724788188153e-17
1.4272690542634117e-08,0.05595639656,0.054,0.0,0.0,0.027990577048216222,0.8791499608767578,4.034715564016873e-05,4.256747394797284e-07,1.0373947049972844e-14,0.06590877175013045,0.0,0.0016538014807521068,1.9832847256237094e-06,1.1050454553044182e-06,5.577757989651999e-05,2.050072423936267e-05,4.737497164085349e-08,1.8992260794827424e-08,5.543465313542538e-06,1.1643107075583662e-06,4.698932143283981e-06,9.044036810112642e-08,2.638613091264249e-07,1.0136702000328738e-35,1.7375040299705497e-17
1.433675181641097e-08,0.05595639656,0.054,0.0,0.0,0.027983484312204647,0.8791463683986818,4.0633593952154206e-05,4.3599313328589915e-07,1.0555905775211613e-14,0.06590849366420111,0.0,0.0016606311590663249,1.984606832111784e-06,1.1019002798054524e-06,5.584142608068695e-05,2.0570909093803706e-05,4.743329515648078e-08,1.90424588156536e-08,5.584140629438336e-06,1.1777025840592817e-06,4.754271270754041e-06,9.203853967905475e-08,2.686079758278092e-07,1.0495415284946048e-35,1.7518851224279553e-17
1.4400813090187824e-08,0.05595639656,0.054,0.0,0.0,0.027976396862974828,0.8791427777552443,4.092068264274739e-05,4.4649334383678785e-07,1.073999962165421e-14,0.06590821589147598,0.0,0.0016674561977237264,1.9859196766444194e-06,1.098774641272733e-06,5.590468649232553e-05,2.064061053058262e-05,4.7491312821587997e-08,1.9092485995908794e-08,5.624771873069972e-06,1.1911524505996862e-06,4.809872886036913e-06,9.365197810660306e-08,2.734019801280072e-07,1.0864685201511741e-35,1.7663156549537125e-17
1.4446125958335496e-08,0.05595639656,0.054,0.0,0.0,0.027971386839909754,0.8791402390693973,4.112414218774798e-05,4.540312534805976e-07,1.0871510625014124e-14,0.06590801959981253,0.0,0.0016722809992207996,1.9868427687635925e-06,1.0965754459193153e-06,5.59490821231563e-05,2.068962112880989e-05,4.7532167194735874e-08,1.9127769192754087e-08,5.65348408471673e-06,1.2007007044507685e-06,4.849359146379517e-06,9.480240450915168e-08,2.7682145223581645e-07,1.1132389570259423e-35,1.776552693684503e-17
1.4491438826483168e-08,0.05595639656,0.054,0.0,0.0,0.02796637945435829,0.8791377012998954,4.132792487495455e-05,4.6166160532063656e-07,1.1004098442984377e-14,0.06590782346167477,0.0,0.0016771034873234135,1.9877613236557727e-06,1.0943858468867124e-06,5.59931892776591e-05,2.0738390094017937e-05,4.7572870190644846e-08,1.916296739665645e-08,5.682172476890949e-06,1.2102774368578671e-06,4.888974726496145e-06,9.596041216234808e-08,2.8026447190664243e-07,1.1405584167111847e-35,1.7868143823645715e-17
1.453675169463084e-08,0.05595639656,0.054,0.0,0.0,0.027961374703186357,0.8791351644460897,4.1532029772693e-05,4.6938500699981306e-07,1.1137766582611624e-14,0.06590762747576634,0.0,0.001681923665316149,1.9886753806671187e-06,1.0922057716343821e-06,5.603700983320887e-05,2.0786917539269715e-05,4.761342248280799e-08,1.9198080811792188e-08,5.710836326889177e-06,1.2198824277208696e-06,4.928718790552979e-06,9.712597621309509e-08,2.8373097895620857e-07,1.1684356985936626e-35,1.7971006854955543e-17
1.4582064562778512e-08,0.05595639656,0.054,0.0,0.0,0.027956372583265814,0.8791326285073324,4.173645595153173e-05,4.772020641555875e-07,1.1272518528145063e-14,0.06590743164080239,0.0,0.0016867415364833758,1.9895849787260473e-06,1.0900351484157119e-06,5.608054565110928e-05,2.0835203587003548e-05,4.7653824739398725e-08,1.9233109639026232e-08,5.7394749207803015e-06,1.2295154558460778e-06,4.968590500116696e-06,9.829907113636801e-08,2.8722091116029963e-07,1.196879703503693e-35,1.8074115676680045e-17
1.4627377430926184e-08,0.05595639656,0.054,0.0,0.0,0.027951373091476488,0.8791300934829758,4.194120248427197e-05,4.851133803664143e-07,1.1408357740981776e-14,0.06590723595550932,0.0,0.0016915571041061545,1.9904901563486935e-06,1.0878739062680347e-06,5.6123798576758063e-05,2.0883248368923464e-05,4.7694077624775934e-08,1.9268054075746267e-08,5.768087550414384e-06,1.2391762998116393e-06,5.008589016400953e-06,9.947967074503988e-08,2.90734204269117e-07,1.2258994289795992e-35,1.8177469935652027e-17
1.4672690299073856e-08,0.05595639656,0.054,0.0,0.0,0.0279463762247054,0.8791275593723735,4.214626844593492e-05,4.931195570988013e-07,1.154528765963559e-14,0.06590704041862484,0.0,0.0016963703714627596,1.9913909516436036e-06,1.085721975002529e-06,5.616677043981037e-05,2.0931052025890462e-05,4.773418179815363e-08,1.9302914320388584e-08,5.796673514057346e-06,1.2488647380282632e-06,5.048713499692136e-06,1.0066774819335826e-07,2.9427079202692116e-07,1.2555039696809256e-35,1.828106927966428e-17
1.4718003167221528e-08,0.05595639656,0.054,0.0,0.0,0.027941381979845577,0.8791250261748802,4.2351652913755107e-05,5.012211936546619e-07,1.1683311699710569e-14,0.06590684502889774,0.0,0.0017011813418295113,1.9922874023158753e-06,1.0835792851922701e-06,5.620946305434148e-05,2.0978614707814213e-05,4.777413791385987e-08,1.9337690570792003e-08,5.825232117327579e-06,1.2585805488532208e-06,5.088963108418122e-06,1.0186327598310246e-07,2.978306061895247e-07,1.2857025177948272e-35,1.8384913357474525e-17
1.47633160353692e-08,0.05595639656,0.054,0.0,0.0,0.02793639035379642,0.8791224938898509,4.2557354967173025e-05,5.094188871190391e-07,1.1822433253864181e-14,0.06590664978508777,0.0,0.0017059900184803656,1.9931795456716692e-06,1.0814457681607134e-06,5.62518782190081e-05,2.1025936573545226e-05,4.7813946621606646e-08,1.937238302310813e-08,5.853762672893013e-06,1.2683235104891884e-06,5.129336999670797e-06,1.030662259713899e-07,3.014135765400681e-07,1.3165043634333706e-35,1.8489001818782974e-17
1.4808628903516872e-08,0.05595639656,0.054,0.0,0.0,0.02793140134346406,0.8791199625166418,4.276337368782568e-05,5.177132323084048e-07,1.1962655691771436e-14,0.06590645468596562,0.0,0.001710796404686319,1.9940674186231218e-06,1.0793213559717635e-06,5.6294017717207584e-05,2.1073017790768075e-05,4.7853608566430354e-08,1.940699187287811e-08,5.882264499982998e-06,1.2780934010158306e-06,5.169834329779895e-06,1.0427656937673582e-07,3.050196309063141e-07,1.3479188950288404e-35,1.859333431422872e-17
1.4853941771664544e-08,0.05595639656,0.054,0.0,0.0,0.02792641494576094,0.8791174320546099,4.296970815953802e-05,5.261048217195527e-07,1.210398236009829e-14,0.06590625973031264,0.0,0.0017156005037155492,1.9949510576929926e-06,1.0772059814200663e-06,5.633588331723516e-05,2.1119858535895532e-05,4.789312438874214e-08,1.9441517315092125e-08,5.910736924629527e-06,1.2878899984488137e-06,5.210454254127201e-06,1.0549427678503208e-07,3.086486951786195e-07,1.3799555997251638e-35,1.8697910495391014e-17
1.4899254639812216e-08,0.05595639656,0.054,0.0,0.0,0.027921431157605543,0.8791149025031125,4.317635746831527e-05,5.345942454790274e-07,1.22464165824786e-14,0.06590606491692087,0.0,0.0017204023188335115,1.995830499018877e-06,1.0750995780206827e-06,5.637747677243952e-05,2.1166458993963693e-05,4.79324947244149e-08,1.9475959543757167e-08,5.939179279864803e-06,1.2977130807694177e-06,5.2511959270301365e-06,1.0671931815675059e-07,3.1230069332778733e-07,1.4126240637626894e-35,1.8802730014787004e-17
1.498988037610756e-08,0.05595639656,0.054,0.0,0.0,0.027911471397642235,0.879109846129157,4.359059695193874e-05,5.518689443994114e-07,1.2534620868636912e-14,0.06590567571214165,0.0,0.001729999110382429,1.9975769310887123e-06,1.0709134222798863e-06,5.645985418795876e-05,2.1258939831560322e-05,4.801080145689252e-08,1.9544595132560134e-08,5.995971148395205e-06,1.3174378117935345e-06,5.333041131969518e-06,1.0919127954635971e-07,3.196731776522631e-07,1.4798951125804772e-35,1.9013097682990486e-17
1.5071186683044493e-08,0.05595639656,0.054,0.0,0.0,0.0279025446947445,0.8791053128168088,4.396330110423592e-05,5.677060938153667e-07,1.2796990854967393e-14,0.0659053270033787,0.0,0.0017386012808586642,1.999129833334997e-06,1.0671876366628342e-06,5.6532851161645174e-05,2.1341094518397796e-05,4.8080566572564004e-08,1.9605891281389237e-08,6.046813990834362e-06,1.3352221073687166e-06,5.406875842483501e-06,1.1143369226174672e-07,3.263647912038169e-07,1.5424966856483947e-35,1.920265726020364e-17
1.5152492989981427e-08,0.05595639656,0.054,0.0,0.0,0.027893626346316838,0.8791007824261645,4.433700490358055e-05,5.838672297692436e-07,1.3062977008137187e-14,0.06590497873446778,0.0,0.001747196148260366,2.0006697612300513e-06,1.0634897401452788e-06,5.66049983341433e-05,2.1422478807030786e-05,4.8149872890159375e-08,1.9666922473525056e-08,6.097550035494778e-06,1.353088246991825e-06,5.481089453058919e-06,1.1369922628127445e-07,3.3312898462002916e-07,1.6072847899585226e-35,1.9392994973605438e-17
1.523379929691836e-08,0.05595639656,0.054,0.0,0.0,0.027884716334765126,0.879096254953542,4.4711703146716246e-05,6.003556702936895e-07,1.3332597702692038e-14,0.06590463089879632,0.0,0.0017557837313365709,2.002196910321716e-06,1.0598193731394458e-06,5.6676305319732486e-05,2.1503094061484815e-05,4.82187239270573e-08,1.9727689802784032e-08,6.148175673570847e-06,1.3710349488338908e-06,5.555677057867922e-06,1.1598768659287549e-07,3.39965252445812e-07,1.6743183988619842e-35,1.9584108848660013e-17
1.5315105603855296e-08,0.05595639656,0.054,0.0,0.0,0.02787581464255093,0.8790917303952689,4.5087390652382876e-05,6.171747050598272e-07,1.3605871073222079e-14,0.06590428348985349,0.0,0.0017643640487992206,2.003711472493648e-06,1.0561761827821931e-06,5.67467815894363e-05,2.1582941727188016e-05,4.82871231574489e-08,1.9788194355167566e-08,6.198687367143116e-06,1.3890609323129386e-06,5.630633748176797e-06,1.1829887225400093e-07,3.468730708239585e-07,1.7436575415603469e-35,1.9775996920220426e-17
1.539641191079223e-08,0.05595639656,0.054,0.0,0.0,0.02786692125219046,0.8790872087476806,4.546406226118196e-05,6.343275945296428e-07,1.3882815014275586e-14,0.06590393650122824,0.0,0.0017729371193209718,2.0052136360382522e-06,1.0525598227725798e-06,5.681643647364788e-05,2.1662023329150403e-05,4.835507401318177e-08,1.984843720976966e-08,6.249081648517973e-06,1.4071649183141724e-06,5.705954614506647e-06,1.2063257652728287e-07,3.538518978701008e-07,1.815363309446513e-35,1.9968657232431815e-17
1.5477718217729165e-08,0.05595639656,0.054,0.0,0.0,0.027858036146252853,0.8790826900071205,4.584171283544624e-05,6.518175691283524e-07,1.4163447180349562e-14,0.06590358992660726,0.0,0.0017815029615336206,2.0067035857286923e-06,1.0489699532149928e-06,5.688527916470344e-05,2.174034047016917e-05,4.8422579884650035e-08,1.990841943875327e-08,6.299355120122964e-06,1.4253456294418373e-06,5.781634748139782e-06,1.2298858701881769e-07,3.609011740520536e-07,1.8894978622273794e-35,2.016208783864209e-17
1.55590245246661e-08,0.05595639656,0.054,0.0,0.0,0.027849159307357953,0.8790781741699409,4.622033725911288e-05,6.696478284365438e-07,1.4447784985955817e-14,0.06590324375977344,0.0,0.0017900615940267294,2.008181502888952e-06,1.0454062404668157e-06,5.695331871940601e-05,2.1817894829059122e-05,4.8489644121648455e-08,1.9968142106929988e-08,6.349504454537872e-06,1.4436017906612684e-06,5.8576692420324836e-06,1.2536668581907597e-07,3.6802032257429155e-07,1.9661244339424942e-35,2.0356286801360613e-17
1.5640330831603034e-08,0.05595639656,0.054,0.0,0.0,0.027840290718175127,0.8790736612325023,4.65999304375985e-05,6.878215404027833e-07,1.4735845605753285e-14,0.06590289799460376,0.0,0.0017986130353458284,2.0096475654617277e-06,1.0418683569900012e-06,5.702056406149939e-05,2.189468815890884e-05,4.855627003415741e-08,2.002760627266256e-08,6.39952639403754e-06,1.4619321295302256e-06,5.934053192557709e-06,1.2776664964381853e-07,3.7520874977005205e-07,2.0453073388066894e-35,2.0551252192167146e-17
1.5721637138539968e-08,0.05595639656,0.054,0.0,0.0,0.027831430361421942,0.8790691511911732,4.6980487297678053e-05,7.063418405766331e-07,1.5027645974749687e-14,0.06590255262506772,0.0,0.0018071573039907854,2.011101948074866e-06,1.0383559812069282e-06,5.708702398409337e-05,2.1970722285361605e-05,4.862246089315268e-08,2.008681298811006e-08,6.4494177502431584e-06,1.4803353762902028e-06,6.0107817012127015e-06,1.3018824997659895e-07,3.8246584549843963e-07,2.1271119768044097e-35,2.0746982091605306e-17
1.584063977182117e-08,0.05595639656,0.054,0.0,0.0,0.02781847685321173,0.879062555357608,4.753920999843854e-05,7.340800954033858e-07,1.5461511960132475e-14,0.065902047831607,0.0,0.001819650088256804,2.013209929000277e-06,1.033260483053084e-06,5.7182898903108214e-05,2.2080643553950485e-05,4.871856240061155e-08,2.0173007929281885e-08,6.522198501144475e-06,1.5073997969799371e-06,6.123695146962312e-06,1.3377110692468356e-07,3.932100709452999e-07,2.2517094508652335e-35,2.103483330566883e-17
1.595964240510237e-08,0.05595639656,0.054,0.0,0.0,0.027805540889916613,0.8790559657090671,4.8099970543237284e-05,7.625770545277194e-07,1.590347646435626e-14,0.06590154385469398,0.0,0.00183212760424402,2.0152937804233656e-06,1.028217984609992e-06,5.7277136498476985e-05,2.218894872855409e-05,4.88137488362206e-08,2.025865684611533e-08,6.59468333060498e-06,1.5346137341450073e-06,6.237320923621408e-06,1.3739906126048572e-07,4.0409803142074205e-07,2.3822786434204357e-35,2.132431222049588e-17
1.6078645038383573e-08,0.05595639656,0.054,0.0,0.0,0.027792622417864708,0.87904938223426,4.86627532696213e-05,7.918421537548942e-07,1.6353589818397617e-14,0.06590104067644471,0.0,0.0018445899093882322,2.0173540132355348e-06,1.0232275428936957e-06,5.7369762891278144e-05,2.2295644327804875e-05,4.8908030024827555e-08,2.0343762967467894e-08,6.666863037048756e-06,1.5619732486596697e-06,6.351643765342217e-06,1.4107133988983632e-07,4.151276341944195e-07,2.5190373394435077e-35,2.1615412919763877e-17
1.6197647671664775e-08,0.05595639656,0.054,0.0,0.0,0.027779721383572507,0.8790428049219328,4.922754261060756e-05,8.218846642648272e-07,1.6811901262463504e-14,0.06590053827936192,0.0,0.0018570370608831312,2.0193911245278583e-06,1.0182882392895399e-06,5.746080365483394e-05,2.2400737166047662e-05,4.9001415629010835e-08,2.0428329493876954e-08,6.7387287293816865e-06,1.5894744220638097e-06,6.466648457634391e-06,1.447871490200627e-07,4.262967201850589e-07,2.662208422567872e-35,2.1908129526700287e-17
1.6316650304945977e-08,0.05595639656,0.054,0.0,0.0,0.027766837733734916,0.8790362337608698,4.9794323093989034e-05,8.527136883417207e-07,1.7278458950049813e-14,0.06590003664632443,0.0,0.001869469115670948,2.021405597976716e-06,1.0133991787388415e-06,5.7550283829098546e-05,2.25042343427943e-05,4.909391515417412e-08,2.0512359596214253e-08,6.810271823707169e-06,1.6171133605205796e-06,6.582319843748284e-06,1.48545675165814e-07,4.3760306678106126e-07,2.812019907241343e-35,2.2202456203808013e-17
1.643565293822718e-08,0.05595639656,0.054,0.0,0.0,0.027753971415221176,0.8790296687398922,5.036307934164935e-05,8.84338155305845e-07,1.7753309952479307e-14,0.06589953576057751,0.0,0.001881886130434896,2.0233979042213958e-06,1.0085594889597567e-06,5.763822793466725e-05,2.260614323238656e-05,4.918553795221372e-08,2.0595856428063044e-08,6.881484041307995e-06,1.644886191838212e-06,6.698642836179673e-06,1.523460861424235e-07,4.490443906903197e-07,2.9687049671212667e-35,2.2498387151800164e-17
1.655465557150838e-08,0.05595639656,0.054,0.0,0.0,0.02774112237506845,0.8790231098478576,5.093379606891489e-05,9.167668176604617e-07,1.8236500264040563e-14,0.06589903560572265,0.0,0.0018942881615911554,2.0253685012333306e-06,1.0037683197045535e-06,5.772465998636407e-05,2.2706471473886424e-05,4.9276293225119316e-08,2.0678823123941877e-08,6.952357405595929e-06,1.672789066052859e-06,6.815602425035133e-06,1.5618753207228716e-07,4.60618350806705e-07,3.1325019603589785e-35,2.2795916608947274e-17
1.6673658204789582e-08,0.05595639656,0.054,0.0,0.0,0.02772829056046592,0.8790165570736612,5.150645808394243e-05,9.500082474051988e-07,1.8728074807539357e-14,0.06589853616570826,0.0,0.001906675265276933,2.0273178346725884e-06,9.990248420418477e-07,5.7809603506538955e-05,2.2805226961133548e-05,4.93661900312716e-08,2.0761262776217364e-08,7.0228842347599685e-06,1.7008181698390944e-06,6.933183676473677e-06,1.6006914640918976e-07,4.7232255104646725e-07,3.303654459221884e-35,2.3095038852022692e-17
1.6780760574742662e-08,0.05595639656,0.054,0.0,0.0,0.027716756611645087,0.8790106647984869,5.20235046367475e-05,9.80627386904822e-07,1.9177696685113243e-14,0.06589808726788951,0.0,0.0019178109417790107,2.0290544130960187e-06,9.947958199753025e-07,5.788479903471157e-05,2.289276891670947e-05,4.94463705408434e-08,2.083501039199435e-08,7.086055984601383e-06,1.7261491563921721e-06,7.039526054833271e-06,1.635962144468719e-07,4.82965664192217e-07,3.464186198744702e-35,2.3365606001770982e-17
1.6877152707700433e-08,0.05595639656,0.054,0.0,0.0,0.027706387919149505,0.8790053659734245,5.249017423845034e-05,1.0087582552940516e-06,1.958821909298054e-14,0.06589768373474529,0.0,0.0019278227847914756,2.030603162850357e-06,9.910216930778183e-07,5.795147371287353e-05,2.2970478135774285e-05,4.951794994078469e-08,2.0901022231806547e-08,7.1426611630044605e-06,1.749029570173635e-06,7.135645560154315e-06,1.6679724368289857e-07,4.926314662262033e-07,3.6140839245996006e-35,2.3610212175175283e-17
1.6973544840658204e-08,0.05595639656,0.054,0.0,0.0,0.027696030434929925,0.8790000711426501,5.295809343319743e-05,1.037437012774254e-06,2.0004318788298708e-14,0.06589728064315892,0.0,0.0019378249327662263,2.032138715308235e-06,9.872774492084524e-07,5.8017212038416085e-05,2.3047170292921398e-05,4.958898175075686e-08,2.096669373061716e-08,7.19902628337999e-06,1.7719861113085316e-06,7.232146694218907e-06,1.7002303707556367e-07,5.023782929711596e-07,3.769257891195678e-35,2.38558533185427e-17
1.7069936973615976e-08,0.05595639656,0.054,0.0,0.0,0.027685684131197794,0.8789947803003327,5.342725432312654e-05,1.0666678538027916e-06,2.0426017615297706e-14,0.06589687798522682,0.0,0.0019478174149777515,2.0336612851262737e-06,9.83562685852222e-07,5.8082025621070455e-05,2.312285003085923e-05,4.965947052303932e-08,2.1032026498822653e-08,7.255147821745365e-06,1.7950168092667053e-06,7.3290217079657485e-06,1.7327310647754056e-07,5.122047781474278e-07,3.929847657101716e-35,2.4102526459686912e-17
1.715668989327797e-08,0.05595639656,0.054,0.0,0.0,0.027676381994235062,0.87899002194757,5.385055427715752e-05,1.0934510414626839e-06,2.0810351510531717e-14,0.06589651595743665,0.0,0.0019568024088280215,2.0350206714558783e-06,9.802442783788322e-07,5.81395766339976e-05,2.3190100087571013e-05,4.9722449838796976e-08,2.1090537701108263e-08,7.305446127039667e-06,1.8158062250472294e-06,7.4165225222171464e-06,1.7621851724421553e-07,5.211155789582029e-07,4.0791261416676005e-35,2.432541220054514e-17
1.7243442812939967e-08,0.05595639656,0.054,0.0,0.0,0.027667088870826344,0.8789852668165171,5.427484793552778e-05,1.1206876858636412e-06,2.1199253329008412e-14,0.06589615426903467,0.0,0.0019657796181664707,2.0363698619132366e-06,9.769491480994882e-07,5.819639605745531e-05,2.3256537430938845e-05,4.978499617839564e-08,2.114877699173838e-08,7.355541972135269e-06,1.8366527091235019e-06,7.504314361280529e-06,1.791828289139647e-07,5.300887609402546e-07,4.233011279125675e-35,2.4549129319020802e-17
1.7330195732601962e-08,0.05595639656,0.054,0.0,0.0,0.02765780474082812,0.8789805149029547,5.4700129621044206e-05,1.1483806693159483e-06,2.1592738070312616e-14,0.06589579291452877,0.0,0.0019747490640556944,2.0377090034809908e-06,9.736770176634746e-07,5.825249197125629e-05,2.332216562986239e-05,4.984711274814821e-08,2.1206745527440816e-08,7.405433036219217e-06,1.8575548563258309e-06,7.592391678394559e-06,1.8216567539425054e-07,5.391232924146238e-07,4.3916095669766316e-35,2.4773675679554885e-17
1.7416948652263958e-08,0.05595639656,0.054,0.0,0.0,0.027648529584131647,0.8789757662026744,5.5126393681667046e-05,1.1765328177298474e-06,2.199082044559693e-14,0.06589543188850877,0.0,0.001983710767466785,2.039038240266822e-06,9.704276145580048e-07,5.8307872338778865e-05,2.338698830775471e-05,4.9908802720284774e-08,2.126444446136945e-08,7.4551170738940225e-06,1.878511272375745e-06,7.680748961985886e-06,1.8516668777833382e-07,5.482181316612005e-07,4.5550290125830763e-35,2.4999049156262403e-17
1.7503701571925953e-08,0.05595639656,0.054,0.0,0.0,0.02763926338066122,0.8789710207114774,5.555363449041251e-05,1.2051469001893572e-06,2.239351487940449e-14,0.06589507118564468,0.0,0.001992664749279367,2.0403577135611257e-06,9.67200670998902e-07,5.836254500915137e-05,2.345100914081673e-05,4.9970069233686036e-08,2.132187493975935e-08,7.504591915401374e-06,1.8995205738833266e-06,7.769380735786494e-06,1.8818549454332116e-07,5.5737222749153e-07,4.723379135848133e-35,2.5225247632821698e-17
1.759045449158795e-08,0.05595639656,0.054,0.0,0.0,0.02763000611037334,0.8789662784251752,5.59818464452525e-05,1.23422562856188e-06,2.2800835511561153e-14,0.06589471080068539,0.0,0.002001611030281826,2.0416675618933024e-06,9.639959238252667e-07,5.841651771938086e-05,2.3514231856345296e-05,5.003091539436415e-08,2.137903810423558e-08,7.553855466953746e-06,1.9205813873410157e-06,7.858281559757809e-06,1.912217217490376e-07,5.665845198200546e-07,4.896770971342119e-35,2.5452269002248647e-17
1.7677207411249944e-08,0.05595639656,0.054,0.0,0.0,0.02762075775325662,0.8789615393395893,5.6411023969017044e-05,1.2637716571378007e-06,2.3212796199104836e-14,0.06589435072845697,0.0,0.0020105496311682487,2.0429679210867e-06,9.608131143960496e-07,5.846979809643626e-05,2.3576660231068994e-05,5.009134427614032e-08,2.1435935093957222e-08,7.6029057077289414e-06,1.9416923507561827e-06,7.94744603165319e-06,1.942749932286536e-07,5.758539402357105e-07,5.075317071232459e-35,2.5680111166935147e-17
1.776396033091194e-08,0.05595639656,0.054,0.0,0.0,0.02761151828933051,0.8789568034505515,5.6841161509304886e-05,1.2937875822981798e-06,2.362941051826033e-14,0.06589399096386142,0.0,0.0020194805725380852,2.044258924312574e-06,9.57651988488807e-07,5.85223936592906e-05,2.36382980895098e-05,5.015135892135701e-08,2.14925670416952e-08,7.651740689522259e-06,1.9628521138593294e-06,8.036868787297919e-06,1.9734493077870673e-07,5.851794125633185e-07,5.259131507388861e-35,2.590877203856509e-17
1.7850713250573935e-08,0.05595639656,0.054,0.0,0.0,0.0276022876986448,0.878952070753903,5.727225353839076e-05,1.3242759422102352e-06,2.4050691766464385e-14,0.06589363150187516,0.0,0.0020284038748966254,2.0455407021431352e-06,9.545122962020475e-07,5.8574311820922936e-05,2.3699149302370148e-05,5.021096234124316e-08,2.1548935074977767e-08,7.700358537170428e-06,1.9840593366999686e-06,8.126544501642135e-06,2.0043115435387388e-07,5.945598534189678e-07,5.44832987260639e-35,2.6138249537857677e-17
1.793746617023593e-08,0.05595639656,0.054,0.0,0.0,0.02759306596127928,0.8789473412454959,5.7704294553131826e-05,1.3552392165519838e-06,2.4476652964425122e-14,0.0658932723375477,0.0,0.002037319558652455,2.0468133826034005e-06,9.513937918601467e-07,5.862555989027815e-05,2.3759217784946897e-05,5.027015751655751e-08,2.1605040319705356e-08,7.748757445880403e-06,2.0053126913128534e-06,8.216467889785044e-06,2.035332822519188e-07,6.039941727651818e-07,5.643029282988188e-35,2.636854159461006e-17
1.8024219089897926e-08,0.05595639656,0.054,0.0,0.0,0.02758385305734246,0.8789426149211916,5.8137279074883966e-05,1.386679826266199e-06,2.4907306858221094e-14,0.0658929134660003,0.0,0.0020462276441170113,2.048077091221697e-06,9.482962339202982e-07,5.867614507418423e-05,2.3818507495572406e-05,5.032894739831252e-08,2.1660883896307504e-08,7.796935680631807e-06,2.026610862209931e-06,8.306633707051198e-06,2.0665093129413368e-07,6.134812744577877e-07,5.843348379552126e-35,2.6599646147646585e-17
1.8110972009559922e-08,0.05595639656,0.054,0.0,0.0,0.027574648966971843,0.8789378917768621,5.857120164941638e-05,1.418600133343035e-06,2.5342665921448837e-14,0.06589255488242464,0.0,0.0020551281515050375,2.0493319510791057e-06,9.452193848825606e-07,5.872607447922854e-05,2.3877022434082053e-05,5.038733490804122e-08,2.1716466919243297e-08,7.84489157640103e-06,2.0479525445771957e-06,8.397036750469663e-06,2.0978371701435456e-07,6.230200567832426e-07,6.049407328496088e-35,2.6831561144534112e-17
1.8197724929221917e-08,0.05595639656,0.054,0.0,0.0,0.02756545367033336,0.8789331718083886,5.90060568468226e-05,1.4510024406304281e-06,2.5782742357402732e-14,0.06589219658208158,0.0,0.00206402110093244,2.050578082858014e-06,9.421630112020645e-07,5.877535511359456e-05,2.3934766640307313e-05,5.044532293839979e-08,2.1771790501836995e-08,7.892623535737705e-06,2.0693364458739802e-06,8.487671859451959e-06,2.1293125383828276e-07,6.32609412993683e-07,6.261327823056256e-35,2.706428454161639e-17
1.8284477848883913e-08,0.05595639656,0.054,0.0,0.0,0.02755626714761989,0.8789284550116625,5.9441839261441236e-05,1.483888991671718e-06,2.622754810128534e-14,0.06589183856029981,0.0,0.0020729065124159493,2.0518156048897135e-06,9.391268832029558e-07,5.882399388886075e-05,2.3991744192593896e-05,5.050291435390261e-08,2.1826855753188712e-08,7.940130028120451e-06,2.0907612867678946e-06,8.578533915315295e-06,2.1609315525363847e-07,6.422482318365539e-07,6.479233084756787e-35,2.7297814304011165e-17
1.8371230768545908e-08,0.05595639656,0.054,0.0,0.0,0.0275470893790521,0.8789237413825854,5.9878543511777575e-05,1.5172619705701669e-06,2.667709482245507e-14,0.06589148081247474,0.0,0.0020817844058735255,2.053044633200942e-06,9.361107749954639e-07,5.887199762176186e-05,2.4047959206344855e-05,5.05601119910973e-08,2.18816637757036e-08,7.987409589982982e-06,2.1122257989386337e-06,8.669617843200219e-06,2.192690339915212e-07,6.51935398072064e-07,6.703247862648556e-35,2.7532148405303184e-17
1.8457983688207904e-08,0.05595639656,0.054,0.0,0.0,0.02753792034487816,0.8789190309170686,6.031616424041864e-05,1.5511235018802024e-06,2.7131393926703565e-14,0.06589112333406723,0.0,0.0020906548011224843,2.054265281559387e-06,9.331144643949534e-07,5.891937303591304e-05,2.4103415832588526e-05,5.0616918659130165e-08,2.193621567067287e-08,8.034460822425517e-06,2.133728726420502e-06,8.760918612723865e-06,2.2245850219990188e-07,6.61669792984772e-07,6.933498434621449e-35,2.776728482754865e-17
1.85447366078699e-08,0.05595639656,0.054,0.0,0.0,0.02752876002537171,0.878914323611033,6.0754696113957026e-05,1.5854756505250447e-06,2.7590456558561637e-14,0.06589076612060245,0.0,0.002099517717879271,2.0554776615182777e-06,9.301377328422847e-07,5.89661267634976e-05,2.4158118256571024e-05,5.067333714049078e-08,2.1990512536689173e-08,8.081282390543066e-06,2.1552688271506207e-06,8.852431236775507e-06,2.2566117160332522e-07,6.714502948929215e-07,7.170112608484918e-35,2.8003221561332416e-17
1.8631489527531895e-08,0.05595639656,0.054,0.0,0.0,0.02751960840083318,0.8789096194604101,6.119413382291917e-05,1.6203204217400707e-06,2.805429360363333e-14,0.06589040916766868,0.0,0.0021083731757599354,2.0566818824601043e-06,9.271803653271984e-07,5.901226534691929e-05,2.4212070696372846e-05,5.072937019110665e-08,2.2044555465120277e-08,8.127873023386666e-06,2.1768448704430092e-06,8.944150773689333e-06,2.2887665367482917e-07,6.812757796447709e-07,7.413219720106077e-35,2.8239956605452305e-17
1.871824244719389e-08,0.05595639656,0.054,0.0,0.0,0.027510465451590024,0.8789049184611399,6.163447208168463e-05,1.6556597610414296e-06,2.852291569095461e-14,0.06589005247091634,0.0,0.0021172211942784656,2.0578780516394425e-06,9.242421503135613e-07,5.905779524041994e-05,2.426527740154929e-05,5.0785020540876026e-08,2.2098345545696593e-08,8.174231511753294e-06,2.1984556378264176e-06,9.036072328189878e-06,2.321045598033036e-07,6.911451211046556e-07,7.662950634103582e-35,2.847748796686854e-17
1.8804995366855886e-08,0.05595639656,0.054,0.0,0.0,0.02750133115799409,0.8789002206091735,6.207570562841178e-05,1.6914955542195698e-06,2.8996333195378436e-14,0.06588969602605665,0.0,0.002126061792846555,2.059066274224886e-06,9.213228796655721e-07,5.9102722811663277e-05,2.431774265179437e-05,5.084029089441058e-08,2.2151883867123478e-08,8.220356707387174e-06,2.220099925360445e-06,9.128191049420092e-06,2.3534450144296036e-07,7.010571916389429e-07,7.919437745011654e-35,2.8715813660827536e-17
1.889174828651788e-08,0.05595639656,0.054,0.0,0.0,0.02749220550042316,0.8788955259004713,6.251782922497205e-05,1.727829627357097e-06,2.947455623997997e-14,0.0658893398288609,0.0,0.0021348949907742712,2.0602466533401074e-06,9.184223485769481e-07,5.914705434328554e-05,2.436947075562795e-05,5.089518393106199e-08,2.220517151073493e-08,8.266247523016012e-06,2.24177654092827e-06,9.22050213309672e-06,2.38596090274252e-07,7.110108625899322e-07,8.18281497425177e-35,2.895493171056043e-17
1.8978501206179877e-08,0.05595639656,0.054,0.0,0.0,0.027483088459281935,0.878890834331003,6.296083765687356e-05,1.7646637468704869e-06,2.995759469848066e-14,0.06588898387515905,0.0,0.002143720807268596,2.0614192901040823e-06,9.155403555018153e-07,5.9190796034413544e-05,2.442046604910586e-05,5.0949702305433014e-08,2.2258209555149953e-08,8.3119029302309e-06,2.263484304275337e-06,9.313000823043948e-06,2.418589383646287e-07,7.210050047352725e-07,8.453217770054659e-35,2.9194840147151627e-17
1.9065254125841872e-08,0.05595639656,0.054,0.0,0.0,0.027473980014998876,0.8788861458967487,6.340472573318808e-05,1.8019996195753328e-06,3.044545819769727e-14,0.06588862816083892,0.0,0.0021525392614330677,2.0625842836705395e-06,9.126767020862303e-07,5.9233954002150986e-05,2.4470732894552594e-05,5.100384864810439e-08,2.2310999079593215e-08,8.357321958451437e-06,2.2852220501828896e-06,9.405682408487945e-06,2.4513265830816846e-07,7.310384887477616e-07,8.730783109031359e-35,2.9435537009724506e-17
1.9152007045503868e-08,0.05595639656,0.054,0.0,0.0,0.027464880148027605,0.8788814605936981,6.384948828648959e-05,1.8398388927744937e-06,3.0938156120004275e-14,0.06588827268184513,0.0,0.0021613503722687022,2.0637417312666037e-06,9.09831193102681e-07,5.9276534283033546e-05,2.4520275679316495e-05,5.1057625565603e-08,2.2363541156327858e-08,8.402503695112207e-06,2.306988625839323e-06,9.498542225874124e-06,2.4841686337434404e-07,7.411101856454879e-07,9.015649491942552e-35,2.9677020345187946e-17
1.9238759965165863e-08,0.05595639656,0.054,0.0,0.0,0.027455788838848895,0.87887677841785,6.429512017278345e-05,1.8781831543685637e-06,3.143569760580962e-14,0.06588791743417821,0.0,0.0021701541586727786,2.064891728230624e-06,9.070036363861323e-07,5.931854283445369e-05,2.456909881454691e-05,5.111103564090382e-08,2.2415836853343383e-08,8.447447283681256e-06,2.3287828897632293e-06,9.591575661268835e-06,2.5171116766160576e-07,7.51218967224155e-07,9.307956942582996e-35,2.991928820800181e-17
1.932551288482786e-08,0.05595639656,0.054,0.0,0.0,0.02744670606796707,0.8788720993652137,6.474161627143335e-05,1.91703393298837e-06,3.193809155605279e-14,0.06588756241389351,0.0,0.0021789506394382704,2.066034368049286e-06,9.041938427703727e-07,5.935998553605547e-05,2.4617206733993173e-05,5.116408143412634e-08,2.246788724058231e-08,8.49215192232021e-06,2.3506037158131627e-06,9.684778147024009e-06,2.5501518622760085e-07,7.613637064885507e-07,9.60784701015984e-35,3.016233866040379e-17
1.9412265804489854e-08,0.05595639656,0.054,0.0,0.0,0.0274376318159109,0.8788674234318076,6.518897148510329e-05,1.956392698148887e-06,3.2445346634711674e-14,0.06588720761710032,0.0,0.002187739833255015,2.06716974239398e-06,9.014016260274094e-07,5.940086819110046e-05,2.466460389282515e-05,5.121676548245339e-08,2.2519693382112713e-08,8.536616864227322e-06,2.3724499910234947e-06,9.778145162878642e-06,2.5832853522504113e-07,7.715432780775337e-07,9.915462763888499e-35,3.040616977224729e-17
1.949901872415185e-08,0.05595639656,0.054,0.0,0.0,0.027428566063236803,0.8788627506136598,6.563718073969233e-05,1.9962608604239486e-06,3.295747127131623e-14,0.06588685303996099,0.0,0.0021965217587088066,2.0682979411564074e-06,8.986268028082166e-07,5.944119652780492e-05,2.4711294766474973e-05,5.126909030063697e-08,2.2571256335857735e-08,8.58084141586684e-06,2.3943206131068403e-06,9.87167223947284e-06,2.6165083204750395e-07,7.817565586691672e-07,1.0230948790418766e-34,3.065077962065185e-17
1.9585771643813845e-08,0.05595639656,0.054,0.0,0.0,0.02741950879052505,0.8788580809068085,6.60862389842619e-05,2.0366397716414285e-06,3.3474473663482613e-14,0.06588649867869,0.0,0.002205296434280563,2.069419052483513e-06,8.958691925834986e-07,5.948097620064917e-05,2.475728384949982e-05,5.132105838164848e-08,2.2622577162494997e-08,8.624824935286304e-06,2.4162144951273675e-06,9.965354954605271e-06,2.649816954506787e-07,7.920024273824474e-07,1.0554451197494582e-34,3.0896166290230224e-17
1.967252456347584e-08,0.05595639656,0.054,0.0,0.0,0.02741045997837958,0.8788534143073008,6.6536141190979e-05,2.07753072509834e-06,3.399636177945258e-14,0.06588614452955321,0.0,0.002214063878347698,2.070533162811745e-06,8.931286175875697e-07,5.952021279165963e-05,2.480257565446537e-05,5.137267219655999e-08,2.2673656918628964e-08,8.668566832575583e-06,2.438130564308107e-06,1.0059188933166583e-05,2.6832074567486975e-07,8.022797661757539e-07,1.0886117607524215e-34,3.114232787306729e-17
1.9759277483137836e-08,0.05595639656,0.054,0.0,0.0,0.027401419607432732,0.8788487508111934,6.698688235505726e-05,2.1189349557951513e-06,3.4523143360632524e-14,0.06588579058886675,0.0,0.0022228241091835866,2.071640356900567e-06,8.90404902763383e-07,5.955891181166416e-05,2.4847174710849704e-05,5.14239341950627e-08,2.2724496652795466e-08,8.712066568397632e-06,2.4600677578713396e-06,1.0153169851927988e-05,2.7166760458249565e-07,8.125874602248596e-07,1.1226097152921264e-34,3.1389262468260595e-17
1.9846030402799832e-08,0.05595639656,0.054,0.0,0.0,0.02739238765834148,0.8788440904145531,6.743845749468454e-05,2.160853640689006e-06,3.505482592415121e-14,0.06588543685299644,0.0,0.002231577144956456,2.0727407178653694e-06,8.87697875707366e-07,5.959707870152124e-05,2.4891085563967423e-05,5.147484680605507e-08,2.277509741629323e-08,8.755323651943208e-06,2.4820250280105247e-06,1.0247293435787132e-05,2.750218957708328e-07,8.229243982942602e-07,1.1574540481577528e-34,3.1636968182084913e-17
1.9932783322461827e-08,0.05595639656,0.054,0.0,0.0,0.027383364111785727,0.8788394331134562,6.789086165096597e-05,2.2032878989653093e-06,3.5591416765420977e-14,0.06588508331835682,0.0,0.0022403230037308535,2.073834327209743e-06,8.850073666174159e-07,5.9634718833323586e-05,2.493431277391366e-05,5.1525412437504434e-08,2.2825460258787725e-08,8.798337641432758e-06,2.504001342271215e-06,1.0341555456018147e-05,2.783832446807904e-07,8.332894731078311e-07,1.193159974975227e-34,3.188544312815997e-17
2.0019536242123823e-08,0.05595639656,0.054,0.0,0.0,0.02737434894847451,0.8788347789039878,6.834408988787107e-05,2.2462387923269936e-06,3.613292296069073e-14,0.06588472998141048,0.0,0.0022490617034675955,2.0749212648570604e-06,8.823332082418151e-07,5.967183751157681e-05,2.4976860914527797e-05,5.157563347697913e-08,2.2875586220234396e-08,8.841108143048944e-06,2.525995677624915e-06,1.043595173634993e-05,2.8175127872575416e-07,8.436815816998154e-07,1.229742861443825e-34,3.2134685426914153e-17
2.010628916178582e-08,0.05595639656,0.054,0.0,0.0,0.027365342149142897,0.8788301277822429,6.87981372921625e-05,2.2897073253010673e-06,3.667935136961557e-14,0.06588437683866713,0.0,0.00225779326202236,2.076001609181467e-06,8.796752358278494e-07,5.9708439974353443e-05,2.5018734572376586e-05,5.162551229215982e-08,2.2925476342380708e-08,8.883634808532998e-06,2.5480070251448896e-06,1.0530478149800292e-05,2.851256273964247e-07,8.540996257557334e-07,1.2672182241196395e-34,3.2384693205601285e-17
2.0193042081447814e-08,0.05595639656,0.054,0.0,0.0,0.02735634369454825,0.8788254797443262,6.925299897333729e-05,2.333694445562012e-06,3.7230708637829996e-14,0.06588402388668296,0.0,0.002266517697147146,2.0770754370383216e-06,8.770332870735546e-07,5.9744531394423204e-05,2.5059938345756434e-05,5.167505123070685e-08,2.2975131668214132e-08,8.925917335621698e-06,2.5700343926069184e-06,1.062513061471743e-05,2.885059223554549e-07,8.645425119543045e-07,1.3056017297013812e-34,3.263546459869218e-17
2.027979500110981e-08,0.05595639656,0.054,0.0,0.0,0.027347353565477562,0.8788208347863519,6.970867006357925e-05,2.378201044271286e-06,3.778700119950472e-14,0.06588367112205985,0.0,0.002275235026490782,2.0781428237939617e-06,8.744072020801651e-07,5.978011688035972e-05,2.510047684371463e-05,5.172425262079529e-08,2.3024553230026652e-08,8.96795546748556e-06,2.592076796917923e-06,1.0719905101933658e-05,2.9189179755739634e-07,8.750091522914339e-07,1.344909193848553e-34,3.288699774733202e-17
2.0357872628805604e-08,0.05595639656,0.054,0.0,0.0,0.027339269551779878,0.8788166569543212,7.011946208452651e-05,2.418701828466451e-06,3.82918893303859e-14,0.0658833537913205,0.0,0.0022830745619594,2.0790980258459653e-06,8.720571588440977e-07,5.981171541538151e-05,2.5136396498672316e-05,5.176824717682834e-08,2.3068833620953054e-08,9.005580650361852e-06,2.6119270151823338e-06,1.0805303180110472e-05,2.949435557346849e-07,8.844485436792734e-07,1.3810890888025912e-34,3.311402735093164e-17
2.0435950256501398e-08,0.05595639656,0.054,0.0,0.0,0.027331192252245912,0.8788124816110837,7.053090228539255e-05,2.4596246373422136e-06,3.880078448934217e-14,0.06588303660721317,0.0,0.002290908368675061,2.0800481233743553e-06,8.697197243671042e-07,5.98429118665066e-05,2.517178439497741e-05,5.1811971859312386e-08,2.3112926254378304e-08,9.043007572747462e-06,2.631787932081043e-06,1.0890794003572413e-05,2.9799927591820305e-07,8.939055141700441e-07,1.4180420629700735e-34,3.334167113045723e-17
2.0514027884197192e-08,0.05595639656,0.054,0.0,0.0,0.027323121652923683,0.8788083087538263,7.094298716442571e-05,2.500970004592358e-06,3.931369093777531e-14,0.06588271956735275,0.0,0.0022987364592885087,2.0809931683425683e-06,8.673947868916092e-07,5.987370982876996e-05,2.5206643911183307e-05,5.185542832597545e-08,2.3156831878534145e-08,9.080236136650474e-06,2.65165885956736e-06,1.0976374735750239e-05,3.010586963947023e-07,9.033792828910019e-07,1.4557799555442086e-34,3.35699277448971e-17
2.0592105511892987e-08,0.05595639656,0.054,0.0,0.0,0.027315057739882576,0.8788041383797416,7.135571323461121e-05,2.5427384277699953e-06,3.983061280472902e-14,0.06588240266938232,0.0,0.0023065588463824648,2.0819332118079553e-06,8.650822361232296e-07,5.9904112857712414e-05,2.5240978430567224e-05,5.1898618222705864e-08,2.320055123874073e-08,9.117266270840274e-06,2.671539114966698e-06,1.1062042575717528e-05,3.04121557196571e-07,9.128690732059198e-07,1.4943147038312818e-34,3.3798795856942366e-17
2.067018313958878e-08,0.05595639656,0.054,0.0,0.0,0.0273070004992069,0.8787999704860288,7.176907702362815e-05,2.584930368528153e-06,4.0351554088424925e-14,0.0658820859109727,0.0,0.0023143755424706665,2.082868303937859e-06,8.627819632057939e-07,5.993412446997472e-05,2.527479134060147e-05,5.194154318326515e-08,2.3244085086782073e-08,9.154097929252576e-06,2.691428028650578e-06,1.1147794751523556e-05,3.071876001385315e-07,9.22374112890005e-07,1.5336583431592458e-34,3.4028274133674554e-17
2.0748260767284575e-08,0.05595639656,0.054,0.0,0.0,0.02729894991699635,0.8787958050698922,7.218307507382797e-05,2.627546252870435e-06,4.087651865776213e-14,0.06588176928982224,0.0,0.002322186560000758,2.0837984940254767e-06,8.604938606974392e-07,5.996374814387561e-05,2.5308086032438317e-05,5.198420482931678e-08,2.3287434168657966e-08,9.19073109320301e-06,2.7113249410319686e-06,1.1233628520375826e-05,3.102565688631664e-07,9.318936342918598e-07,1.5738230038859718e-34,3.425836124727576e-17
2.082633839498037e-08,0.05595639656,0.054,0.0,0.0,0.02729090597937639,0.8787916421285437,7.259770394220685e-05,2.6705864714059978e-06,4.14055102538132e-14,0.06588145280365626,0.0,0.0023299919113542954,2.084723830505208e-06,8.58217822545627e-07,5.999298731998316e-05,2.5340865900400513e-05,5.202660477129917e-08,2.3330599219097397e-08,9.227165770685612e-06,2.731229192433928e-06,1.1319541178815956e-05,3.133282089186346e-07,9.414268744814341e-07,1.6148209132670728e-34,3.4489055873231186e-17
2.08879604263612e-08,0.05595639656,0.054,0.0,0.0,0.027284562059917496,0.8787883583118891,7.292538901763094e-05,2.7048554024874437e-06,4.1825857625127256e-14,0.06588120311376623,0.0,0.002336148218668063,2.085450747876483e-06,8.564299304147161e-07,6.001579481687928e-05,2.536637582999257e-05,5.2059884794153223e-08,2.3364537380365928e-08,9.255781369182444e-06,2.7469431926005886e-06,1.1387400880139047e-05,3.157541921768488e-07,9.489600830228503e-07,1.647774548412069e-34,3.4671557510380825e-17
2.094958245774203e-08,0.05595639656,0.054,0.0,0.0,0.027278222263937012,0.8787850760336825,7.325346321521143e-05,2.739389033148569e-06,4.224871741030029e-14,0.06588095350546382,0.0,0.0023423010102093704,2.0861746946241514e-06,8.546494370688786e-07,6.003836658754326e-05,2.5391568862400024e-05,5.2093003578271464e-08,2.3398361744216195e-08,9.284273373656236e-06,2.7626610525376753e-06,1.1455306750919341e-05,3.1818155878491885e-07,9.565009942407036e-07,1.6812609929925135e-34,3.4854436097516914e-17
2.101120448912286e-08,0.05595639656,0.054,0.0,0.0,0.027271886584638427,0.878781795292561,7.358192486154396e-05,2.7741875093594642e-06,4.267409128346769e-14,0.06588070397766561,0.0,0.002348450291979519,2.086895693462809e-06,8.528762921479058e-07,6.006070427494475e-05,2.5416446669329086e-05,5.212596190018003e-08,2.3432072660440894e-08,9.312641823139103e-06,2.778382456678504e-06,1.1523257503770232e-05,3.206101862429799e-07,9.640492396553759e-07,1.7152863814582518e-34,3.5037690990047567e-17
2.1066664317365605e-08,0.05595639656,0.054,0.0,0.0,0.027266187987422103,0.8787788439386346,7.387787023338042e-05,2.805732690772105e-06,4.305907865993964e-14,0.06588047947059082,0.0,0.0023539816496519696,2.087542090476965e-06,8.512867034080615e-07,6.008060939913803e-05,2.543856855989289e-05,5.2155487833235375e-08,2.346231579210546e-08,9.338067822233916e-06,2.7925344973708057e-06,1.1584450502083491e-05,3.227969283839433e-07,9.708486283570463e-07,1.7463751357620845e-34,3.52029416007836e-17
2.1116578162784076e-08,0.05595639656,0.054,0.0,0.0,0.027261062092145617,0.8787761887828481,7.414448723884282e-05,2.8343069372958912e-06,4.340731051121322e-14,0.06588027746859193,0.0,0.0023589574485828875,2.0881218350582556e-06,8.498610984044162e-07,6.0098363998794484e-05,2.54582621179136e-05,5.218195104267282e-08,2.348945652039285e-08,9.360865714068876e-06,2.8052733941816554e-06,1.1639553637391459e-05,3.2476571234100003e-07,9.769726840526056e-07,1.7747362809670915e-34,3.5351926926787395e-17
2.116649200820255e-08,0.05595639656,0.054,0.0,0.0,0.027255938885761184,0.8787735346331276,7.441135549249276e-05,2.8630551648766306e-06,4.375719467731722e-14,0.06588007551751796,0.0,0.0023639309553317852,2.0886996848864375e-06,8.484402268100366e-07,6.011596789242018e-05,2.5477751830394152e-05,5.2208310339477484e-08,2.3516523463563276e-08,9.383582633768952e-06,2.8180140758516775e-06,1.169468396802228e-05,3.2673510836024106e-07,9.831009032937938e-07,1.8034620652216498e-34,3.550115800358721e-17
2.121640585362102e-08,0.05595639656,0.054,0.0,0.0,0.0272508183646717,0.8787708814887527,7.467847411580489e-05,2.891977425644173e-06,4.410873195779396e-14,0.06587987361681208,0.0,0.0023689021730356197,2.0892756514434196e-06,8.470240628186781e-07,6.013342192687023e-05,2.5497038586456272e-05,5.223456612822337e-08,2.3543516812732537e-08,9.406218616509523e-06,2.830756383328773e-06,1.1749840833723834e-05,3.287050528980314e-07,9.89233094259533e-07,1.832555824231907e-34,3.565063449039627e-17
2.1266319699039492e-08,0.05595639656,0.054,0.0,0.0,0.027245700525282225,0.8787682293490048,7.494584223265864e-05,2.9210737661119568e-06,4.4461923132428814e-14,0.06587967176592156,0.0,0.0023738711048205733,2.0898497460830983e-06,8.456125808325148e-07,6.015072694326055e-05,2.5516123275245932e-05,5.226071881148665e-08,2.357043676338346e-08,9.428773701456523e-06,2.843500159784496e-06,1.1805023578372901e-05,3.3067548276734585e-07,9.95369066067768e-07,1.8620209059873018e-34,3.580035604809255e-17
2.1316233544457964e-08,0.05595639656,0.054,0.0,0.0,0.02724058536400033,0.8787655782131659,7.52134589693458e-05,2.950344227208999e-06,4.48167689614077e-14,0.06587946996429778,0.0,0.002378837753803986,2.0904219800327514e-06,8.442057554597057e-07,6.0167883777020935e-05,2.5535006785885976e-05,5.228676879006289e-08,2.359728350463364e-08,9.451247933623662e-06,2.8562452484169512e-06,1.1860231550246121e-05,3.3264633514184297e-07,1.001508628787876e-06,1.8918606746087641e-34,3.5950322338369914e-17
2.1366147389876436e-08,0.05595639656,0.054,0.0,0.0,0.027235472877238154,0.8787629280805193,7.548132345456083e-05,2.97978884431221e-06,4.517327018545771e-14,0.06587926821139625,0.0,0.0023838021230904415,2.090992364394539e-06,8.428035615119862e-07,6.018489325794721e-05,2.5553690007429517e-05,5.231271646318451e-08,2.3624057225313893e-08,9.473641359879018e-06,2.8689914943717346e-06,1.191546410402026e-05,3.346175475675682e-07,1.0076515934465358e-06,1.9220785144548464e-34,3.610053302221162e-17
2.1416061235294908e-08,0.05595639656,0.054,0.0,0.0,0.02723036306141115,0.8787602789503492,7.574943481939125e-05,3.0094076472789612e-06,4.553142752600634e-14,0.06587906650667641,0.0,0.002388764215772484,2.0915609101470097e-06,8.41405974002819e-07,6.020175621025311e-05,2.5572173828813623e-05,5.233856222810896e-08,2.365075812021143e-08,9.495954029592788e-06,2.881738745229285e-06,1.197072059957245e-05,3.365890579607716e-07,1.013797772043362e-06,1.9526778212010784e-34,3.625098776228811e-17
2.146597508071338e-08,0.05595639656,0.054,0.0,0.0,0.02722525591293747,0.8787576308219407,7.60177921973247e-05,3.0392006604798293e-06,4.589124168534656e-14,0.06587886484960179,0.0,0.002393724034934228,2.092127628146509e-06,8.400129681453814e-07,6.021847345262188e-05,2.5590459138813392e-05,5.2364306480265355e-08,2.3677386379503392e-08,9.518185998169308e-06,2.8944868481786025e-06,1.2026000401206088e-05,3.3856080460747883e-07,1.0199469775663362e-06,1.9836620053678183e-34,3.6401686222544154e-17
2.151588892613185e-08,0.05595639656,0.054,0.0,0.0,0.027220151428238998,0.8787549836945798,7.628639472424421e-05,3.069167902831564e-06,4.625271334678737e-14,0.06587866323963984,0.0,0.002398681583648026,2.092692529128495e-06,8.386245193501049e-07,6.023504579825712e-05,2.5608546825996538e-05,5.2389949613642635e-08,2.370394218992901e-08,9.540337323640229e-06,2.907235652240337e-06,1.208130287875981e-05,3.4053272617487973e-07,1.0260990239982374e-06,2.0150344996302563e-34,3.6552628065781807e-17
2.1565802771550323e-08,0.05595639656,0.054,0.0,0.0,0.027215049603741354,0.8787523375675539,7.655524153841537e-05,3.099309387830513e-06,4.661584317480535e-14,0.06587846167626198,0.0,0.0024036368649735435,2.093255623708914e-06,8.372406032226317e-07,6.0251474054933075e-05,2.5626437778678683e-05,5.241549202032845e-08,2.373042574452779e-08,9.562408065657737e-06,2.9199850093620805e-06,1.2136627407451014e-05,3.4250476171333564e-07,1.0322537263283702e-06,2.0467987472248848e-34,3.670381295636444e-17
2.1615716616968795e-08,0.05595639656,0.054,0.0,0.0,0.027209950435873417,0.878749692440151,7.682433178049053e-05,3.1296251235864334e-06,4.698063181520587e-14,0.06587826015894352,0.0,0.002408589881961863,2.093816922385623e-06,8.358611955620193e-07,6.026775902504415e-05,2.5644132884879214e-05,5.244093409049718e-08,2.3756837234631207e-08,9.584398289529375e-06,2.932734770723485e-06,1.2191973367467643e-05,3.444768506535005e-07,1.0384109005687716e-06,2.0789582043402655e-34,3.685524056052659e-17
2.1665630462387267e-08,0.05595639656,0.054,0.0,0.0,0.027204853921067616,0.8787470483116603,7.709366459350951e-05,3.160115112856477e-06,4.7347079895277216e-14,0.06587805868716361,0.0,0.002413540637653,2.094376435539754e-06,8.34486272358493e-07,6.028390150565385e-05,2.56616330322777e-05,5.2466276212973216e-08,2.3783176845780068e-08,9.606308063654448e-06,2.9454847890506413e-06,1.2247340144144426e-05,3.4644893281440473e-07,1.0445703637614385e-06,2.1115163518727776e-34,3.7006910542902103e-17
2.171554430780574e-08,0.05595639656,0.054,0.0,0.0,0.02719976005575969,0.8787444051813721,7.736323912288536e-05,3.1907793530794127e-06,4.771518802393886e-14,0.0658778572604053,0.0,0.0024184891350741127,2.0949341734370133e-06,8.331158097913766e-07,6.029990228854331e-05,2.5678939108170826e-05,5.249151877480835e-08,2.380944476860478e-08,9.628137457655035e-06,2.9582349206642516e-06,1.2302727127716279e-05,3.4842094840834764e-07,1.0507319339855835e-06,2.1444766808310113e-34,3.71588225693665e-17
2.176545815322421e-08,0.05595639656,0.054,0.0,0.0,0.027194668836389237,0.8787417630485773,7.76330545164047e-05,3.2216178364102004e-06,4.808495679189705e-14,0.0658776558781554,0.0,0.0024234353772436814,2.095490146229004e-06,8.3174978422738e-07,6.031576216025917e-05,2.56960519994298e-05,5.251666216104975e-08,2.3835641195233184e-08,9.64988654648672e-06,2.9709850208151844e-06,1.2358133713801778e-05,3.5039283803867073e-07,1.056895430372911e-06,2.1778426922095276e-34,3.7310976308476e-17
2.1815371998642683e-08,0.05595639656,0.054,0.0,0.0,0.027189580259399725,0.8787391219125682,7.790310992423221e-05,3.2526305497547756e-06,4.845638677180122e-14,0.0658774545399045,0.0,0.0024283793671694724,2.0960443639545426e-06,8.303881722184503e-07,6.033148190216087e-05,2.5712972592458333e-05,5.2541706755433786e-08,2.386176631094952e-08,9.67155540831368e-06,2.9837349457592748e-06,1.2413559303379294e-05,3.5236454270427266e-07,1.0630606731176063e-06,2.211617914884268e-34,3.7463371426779846e-17
2.1865285844061154e-08,0.05595639656,0.054,0.0,0.0,0.02718449432123741,0.8787364817726379,7.817340449889786e-05,3.2838174748050373e-06,4.882947851839329e-14,0.06587725324514697,0.0,0.0024333211078462914,2.0965968365409596e-06,8.290309504997021e-07,6.0347062290467547e-05,2.5729701773151218e-05,5.2566652940091036e-08,2.3887820303674693e-08,9.693144122202074e-06,2.996484556108618e-06,1.2469003301676786e-05,3.5433600380490877e-07,1.0692274834809755e-06,2.2458058880539463e-34,3.761600759145401e-17
2.1915199689479626e-08,0.05595639656,0.054,0.0,0.0,0.02717941101835253,0.8787338426280804,7.844393739529223e-05,3.3151785880741614e-06,4.920423256865798e-14,0.06587705199338087,0.0,0.0024382606022604215,2.097147573805374e-06,8.276780959878805e-07,6.036250409630411e-05,2.5746240426853293e-05,5.2591501095069206e-08,2.39138033656042e-08,9.714652772468146e-06,3.009233711292609e-06,1.2524465119291547e-05,3.563071631414194e-07,1.0753956838034106e-06,2.2804101565142063e-34,3.7768884473378004e-17
2.1965113534898098e-08,0.05595639656,0.054,0.0,0.0,0.02717433034719977,0.878731204478191,7.87147077706733e-05,3.3467138609355445e-06,4.958064944199038e-14,0.06587685078410796,0.0,0.0024431978533874465,2.097696585456087e-06,8.263295857791182e-07,6.037780808575141e-05,2.5762589438315165e-05,5.26162515991511e-08,2.3939715681947976e-08,9.736081446419275e-06,3.021982271295491e-06,1.257994417262989e-05,3.582779629180946e-07,1.0815650975169165e-06,2.315434298416857e-34,3.792200174068051e-17
2.201502738031657e-08,0.05595639656,0.054,0.0,0.0,0.02716925230423657,0.8787285673222657,7.898571478465466e-05,3.3784232596516507e-06,4.995872964032055e-14,0.06587664961683355,0.0,0.002448132864190594,2.098243881093555e-06,8.249853971473917e-07,6.0392975019882426e-05,2.5778749691661272e-05,5.2640904829434995e-08,2.396555744046566e-08,9.757430232641412e-06,3.034730100062897e-06,1.2635439882160916e-05,3.60248345746026e-07,1.0877355491483217e-06,2.350881894424673e-34,3.807535906343462e-17
2.2064941225735042e-08,0.05595639656,0.054,0.0,0.0,0.027164176885924162,0.8787259311596013,7.92569575992037e-05,3.4103067454114806e-06,5.033847364826494e-14,0.0658764484910668,0.0,0.002453065637624045,2.098789470211696e-06,8.236455075425464e-07,6.040800565480896e-05,2.579472207034852e-05,5.266546116133918e-08,2.3991328829509306e-08,9.778699224224614e-06,3.0474770612175326e-06,1.2690951673402942e-05,3.6221825464485575e-07,1.0939068643282936e-06,2.3867565444727785e-34,3.822895611247907e-17
2.2114855071153514e-08,0.05595639656,0.054,0.0,0.0,0.027159104088728056,0.8787232959894963,7.952843537863999e-05,3.442364274369169e-06,5.071988193328862e-14,0.06587624740632025,0.0,0.002457996176630713,2.0993333621992315e-06,8.223098945884228e-07,6.0422900741729066e-05,2.5810507457124544e-05,5.268992096869781e-08,2.4017030036060703e-08,9.799888516459337e-06,3.0602230198168884e-06,1.2746478977389331e-05,3.6418763304573927e-07,1.1000788698020133e-06,2.423061864932124e-34,3.838279255889936e-17
2.2164768916571986e-08,0.05595639656,0.054,0.0,0.0,0.02715403390911719,0.8787206618112495,7.980014728963051e-05,3.4745957976808803e-06,5.110295494585714e-14,0.06587604636211011,0.0,0.002462924484143195,2.0998755663409355e-06,8.209785360810097e-07,6.043766102697135e-05,2.5826106733988716e-05,5.271428462377195e-08,2.4042661246937537e-08,9.820998207713874e-06,3.0729678423472175e-06,1.2802021229730314e-05,3.661564247922149e-07,1.106251393436098e-06,2.4598014859273303e-34,3.85368680745103e-17
2.2214682761990457e-08,0.05595639656,0.054,0.0,0.0,0.02714896634356437,0.878718028624161,8.0072092501186e-05,3.507001261540776e-06,5.148769311958249e-14,0.06587584535795611,0.0,0.00246785056308346,2.100416091818793e-06,8.196514099868258e-07,6.045228725203724e-05,2.5841520782154907e-05,5.273855249722197e-08,2.4068222648981248e-08,9.842028399044235e-06,3.0857113966038292e-06,1.285757787105122e-05,3.681245741436185e-07,1.112424264225839e-06,2.496979053609805e-34,3.8691182331745087e-17
2.226459660740893e-08,0.05595639656,0.054,0.0,0.0,0.027143901388546304,0.8787153964275318,8.034427018465807e-05,3.539580607217177e-06,5.187409687136837e-14,0.06587564439338149,0.0,0.00247277441636306,2.1009549477131497e-06,8.183284944411485e-07,6.0466780153642893e-05,2.5856750482014798e-05,5.276272495814871e-08,2.409371442866392e-08,9.862979194329976e-06,3.0984535515642025e-06,1.2913148346915164e-05,3.700920257763737e-07,1.1185973123025506e-06,2.534598229408022e-34,3.8845735003571194e-17
2.2364424298245873e-08,0.05595639656,0.054,0.0,0.0,0.027133779296040546,0.87871013500286,8.088931966443308e-05,3.6052606847639684e-06,5.265190269438929e-14,0.06587524258108064,0.0,0.0024826154575341413,2.102027686573835e-06,8.156952083680237e-07,6.0495368909752196e-05,2.5886660353973162e-05,5.281078511095317e-08,2.4144489865354132e-08,9.904643025536211e-06,3.1239331460328484e-06,1.3024328608895043e-05,3.7402461669218545e-07,1.130943266577949e-06,2.61117612679548e-34,3.9155554285912265e-17
2.2464251989082817e-08,0.05595639656,0.054,0.0,0.0,0.02712366760349127,0.8787048775316617,8.143528914644922e-05,3.671635463369715e-06,5.3436375421607014e-14,0.06587484092146269,0.0,0.0024924476307401095,2.103093853576746e-06,8.130785062549408e-07,6.052343309492074e-05,2.591584337515462e-05,5.285846800399973e-08,2.419498904353891e-08,9.945990585524857e-06,3.1494056031359483e-06,1.313555767764021e-05,3.779537633614117e-07,1.1432879202927502e-06,2.689564773385819e-34,3.946632331716906e-17
2.256407967991976e-08,0.05595639656,0.054,0.0,0.0,0.02711356628285315,0.8786996240083798,8.19821720854361e-05,3.738704299591536e-06,5.422751780152434e-14,0.06587443941083718,0.0,0.002502270958898862,2.1041535178214334e-06,8.104782190870047e-07,6.0550978434788785e-05,2.5944306555436934e-05,5.290577653463006e-08,2.424521344570436e-08,9.987022799796574e-06,3.1748699202386088e-06,1.3246831292547961e-05,3.818790383863206e-07,1.1556299560646337e-06,2.7697940069891452e-34,3.9778039502244926e-17
2.2663907370756704e-08,0.05595639656,0.054,0.0,0.0,0.02710347530614512,0.8786943744274734,8.252996197324344e-05,3.8064664747494256e-06,5.5025332329302344e-14,0.06587403804556727,0.0,0.00251208546476367,2.1052067468916617e-06,8.078941803874746e-07,6.057801058235828e-05,2.597205688811756e-05,5.295271357593459e-08,2.4295164550078373e-08,1.0027740633774334e-05,3.200325114462599e-06,1.3358145269721004e-05,3.8580002119990745e-07,1.1679680752957992e-06,2.8518939068943235e-34,4.00907002552148e-17
2.2763735061593648e-08,0.05595639656,0.054,0.0,0.0,0.027093394645451293,0.8786891287834162,8.307865233872622e-05,3.874921196163664e-06,5.582982125145469e-14,0.0658736368220689,0.0,0.0025218911709243,2.1062536068911563e-06,8.053262261676878e-07,6.060453511927434e-05,2.5999101348805124e-05,5.299928197711845e-08,2.434484383070911e-08,1.0068145091427175e-05,3.225770222497734e-06,1.346949550125674e-05,3.897162981088682e-07,1.1803009983474262e-06,2.935894792747606e-34,4.04043029992387e-17
2.2863562752430592e-08,0.05595639656,0.054,0.0,0.0,0.027083324272921913,0.878683887070698,8.362823674763343e-05,3.9440675983638714e-06,5.6640986570355684e-14,0.0658732357368099,0.0,0.0025316880998081212,2.1072941624766707e-06,8.027741948784582e-07,6.0630557557036416e-05,2.6025446894377118e-05,5.304548456382e-08,2.4394252757493042e-08,1.0108237213984968e-05,3.251204300389254e-06,1.3580877954546912e-05,3.936274623287882e-07,1.1926274646913063e-06,3.0218272234747126e-34,4.071884516646826e-17
2.306321813410448e-08,0.05595639656,0.054,0.0,0.0,0.02706321428129353,0.8786734154173139,8.473006214254631e-05,4.084431626341268e-06,5.828335321293457e-14,0.06587243396713686,0.0,0.0025512557146491503,2.1093566119874714e-06,7.977172668061748e-07,6.0681117837132654e-05,2.6076068968253037e-05,5.313680348036811e-08,2.449226540831735e-08,1.0187488797519193e-05,3.302035685543729e-06,1.3803723768464711e-05,4.014328602650328e-07,1.217256081438064e-06,3.199610144808061e-34,4.1350737543559087e-17
2.3262873515778367e-08,0.05595639656,0.054,0.0,0.0,0.027043145109819568,0.8786629594235446,8.583538741763405e-05,4.227550225315501e-06,5.995244356163043e-14,0.06587163270930109,0.0,0.0025707884855000547,2.111394584977304e-06,7.927221507460884e-07,6.0729734155968556e-05,2.6123978352392038e-05,5.322669247002096e-08,2.458921417782423e-08,1.0265504411139086e-05,3.352812097645429e-06,1.4026651929804775e-05,4.0921309993404035e-07,1.2418442283254881e-06,3.385491884934727e-34,4.1986357020131544e-17
2.3462528897452254e-08,0.05595639656,0.054,0.0,0.0,0.02702311653817695,0.8786525190458574,8.69441624156656e-05,4.3734139757894795e-06,6.164826529760072e-14,0.0658708319368386,0.0,0.0025902865860487276,2.1134085499133213e-06,7.877876373193561e-07,6.077644819800896e-05,2.616922992736571e-05,5.331517331750513e-08,2.4685110673327137e-08,1.0342293597977966e-05,3.403526660730281e-06,1.4249632815316734e-05,4.1696517826716625e-07,1.2663825212178862e-06,3.5797254143850514e-34,4.262568336810405e-17
2.366218427912614e-08,0.05595639656,0.054,0.0,0.0,0.02700312834718954,0.8786420942409626,8.805633755889079e-05,4.522012411672102e-06,6.337082261573874e-14,0.06587003162404581,0.0,0.002609750187494989,2.1153989551431615e-06,7.82912551805471e-07,6.082130063320014e-05,2.621187818307236e-05,5.340226745669971e-08,2.4779966434164574e-08,1.0417866379722947e-05,3.4541727883572195e-06,1.4472637936338317e-05,4.24686204497928e-07,1.2908618913721746e-06,3.7825674228459275e-34,4.326869649499156e-17
2.386183966080003e-08,0.05595639656,0.054,0.0,0.0,0.026983180318857256,0.8786316849658109,8.917186384536726e-05,4.6733340599361575e-06,6.512011635908054e-14,0.06586923174595803,0.0,0.002629179458588988,2.1173662298223128e-06,7.780957528180971e-07,6.0864331149819865e-05,2.625197719180372e-05,5.348799597790297e-08,2.4873792930527402e-08,1.049223322070364e-05,3.5047441766121463e-06,1.4695639914174107e-05,4.3237340017720797e-07,1.3152735869080878e-06,3.994278282908156e-34,4.391537644137003e-17
2.4061495042473916e-08,0.05595639656,0.054,0.0,0.0,0.026963272236385137,0.8786212911775927,9.029069284524235e-05,4.827366480346399e-06,6.689614415072903e-14,0.0658684322783285,0.0,0.002648574565669702,2.1193107848099955e-06,7.733361310369708e-07,6.090557848604185e-05,2.6289580582796888e-05,5.357237963576941e-08,2.496660156296877e-08,1.0565404992860526e-05,3.555234797199498e-06,1.491861245537623e-05,4.400240989483771e-07,1.3396091735184496e-06,4.215122011893776e-34,4.456570337839282e-17
2.4261150424147804e-08,0.05595639656,0.054,0.0,0.0,0.026943403884211476,0.8786109128337359,9.141277669699285e-05,4.984096305087172e-06,6.869890052289978e-14,0.06586763319760877,0.0,0.0026679356727044353,2.12123301352706e-06,7.686326080054152e-07,6.094508046018366e-05,2.6324741518306926e-05,5.365543885601903e-08,2.505840366146184e-08,1.0637392942759812e-05,3.605638890304857e-06,1.514153032632614e-05,4.4763574608465076e-07,1.3638605344543385e-06,4.445366234866793e-34,4.5219657605428534e-17
2.446080580582169e-08,0.05595639656,0.054,0.0,0.0,0.026923575048035723,0.8786005498919044,9.253806810362844e-05,5.143509278149541e-06,7.05283770427302e-14,0.0658668344809293,0.0,0.002687262941327956,2.1231332927707904e-06,7.639841349827725e-07,6.098287399958704e-05,2.635751267125639e-05,5.373719374270912e-08,2.5149210484655712e-08,1.0708208659502269e-05,3.655950957665255e-06,1.5364369328039862e-05,4.5520589779907866e-07,1.388019869794336e-06,4.68528214664466e-34,4.5877219547778103e-17
2.466046118749558e-08,0.05595639656,0.054,0.0,0.0,0.026903785514845388,0.8785902023099971,9.366652032885839e-05,5.305590294418414e-06,7.23845624348659e-14,0.06586603610608142,0.0,0.002706556530882374,2.1250119834946515e-06,7.593896918469201e-07,6.101899516819616e-05,2.6387946204409465e-05,5.381766408446327e-08,2.5239033219032032e-08,1.0777864044686853e-05,3.706165755425428e-06,1.5587106270500383e-05,4.6273222033991773e-07,1.4120796950379917e-06,4.93514447398036e-34,4.6538369754456946e-17
2.4860116569169466e-08,0.05595639656,0.054,0.0,0.0,0.026884035072942646,0.8785798700461449,9.479808719321515e-05,5.470323438424688e-06,7.426744270101559e-14,0.06586523805149988,0.0,0.0027258165984564123,2.1268694315589423e-06,7.548482860467451e-07,6.105347919296036e-05,2.6416093750963375e-05,5.3896869360940456e-08,2.5327882977919905e-08,1.0846371283004005e-05,3.7562782872769214e-06,1.5809718947403273e-05,4.702124888936346e-07,1.4360328390900325e-06,5.195231437643466e-34,4.7203088896086557e-17
2.5059771950843354e-08,0.05595639656,0.054,0.0,0.0,0.026864323511969577,0.8785695530587108,9.593272307013273e-05,5.637692022703675e-06,7.617700123652332e-14,0.06586444029624579,0.0,0.002745043298925652,2.1287059684502777e-06,7.503589516006346e-07,6.108636048914907e-05,2.6442006396483307e-05,5.3974828748693167e-08,2.5415770800702138e-08,1.0913742815098543e-05,3.806283797310051e-06,1.603218611027301e-05,4.776445863128983e-07,1.4598724416868337e-06,5.46582471449671e-34,4.78713577628278e-17
2.525942733251724e-08,0.05595639656,0.054,0.0,0.0,0.026844650622933293,0.8785592513062865,9.707038288197984e-05,5.807678625684964e-06,7.811321894390977e-14,0.06586364281999066,0.0,0.002764236784991539,2.1305219119675523e-06,7.459207481417092e-07,6.111767268461368e-05,2.6465734662149862e-05,5.4051561126945816e-08,2.5502707651714736e-08,1.097999131051493e-05,3.856177763316581e-06,1.6254487443451004e-05,4.850265016863179e-07,1.4835919503077577e-06,5.7472093996169805e-34,4.8543157262432394e-17
2.545908271419113e-08,0.05595639656,0.054,0.0,0.0,0.02682501619822912,0.8785489647476927,9.821102209604918e-05,5.980265129049039e-06,8.00760743433111e-14,0.06586284560300075,0.0,0.002783397207221916,2.132317566878203e-06,7.415327600030683e-07,6.114744864302628e-05,2.6487328489290777e-05,5.4127085083136174e-08,2.5588704419453462e-08,1.104512964358432e-05,3.905955889616213e-06,1.6476603538093027e-05,4.923563287575285e-07,1.507185116602059e-06,6.039673968531475e-34,4.9218468418307994e-17
2.5658738095865016e-08,0.05595639656,0.054,0.0,0.0,0.02680542003166435,0.8785386933419748,9.93545967205023e-05,6.155432754504089e-06,8.206554367987494e-14,0.06586204862612222,0.0,0.0028025247140890507,2.1340932255479133e-06,7.371940953453138e-07,6.117572048614642e-05,2.6506837225150058e-05,5.4201418918087726e-08,2.5673771915455536e-08,1.1109170868195655e-05,3.955614100707197e-06,1.6698515867921712e-05,4.996322642135233e-07,1.5306459923786362e-06,6.343510239586781e-34,4.989727236773193e-17
2.5858393477538903e-08,0.05595639656,0.054,0.0,0.0,0.026785861918478714,0.8785284370484036,0.00010050106330027048,6.333162099943544e-06,8.408160102811898e-14,0.06586125187076655,0.0,0.0028216194520108845,2.1358491685437994e-06,7.329038853190172e-07,6.120251961517634e-05,2.6524309609839955e-05,5.4274580651290085e-08,2.5757920873491933e-08,1.1172128197226603e-05,4.005148533906933e-06,1.6920206762829962e-05,5.068526058482167e-07,1.5539689251909461e-06,6.659013336522827e-34,5.0579550360015053e-17
2.605804885921279e-08,0.05595639656,0.054,0.0,0.0,0.02676634165536738,0.8785181958264725,0.00010165037891290957,6.5134331749451385e-06,8.61242183933693e-14,0.06586045531889691,0.0,0.002840681565386799,2.1375856652104187e-06,7.286612832669008e-07,6.122787673125516e-05,2.653979376442815e-05,5.434658802544767e-08,2.5841161948413267e-08,1.1234014977870755e-05,4.054555533715257e-06,1.7141659386312293e-05,5.140157506274398e-07,1.5771485535725828e-06,6.98648165123382e-34,5.126528375490183e-17
2.625770424088668e-08,0.05595639656,0.054,0.0,0.0,0.026746859040497294,0.8785079696358956,0.00010280250116441153,6.696225435572113e-06,8.819336581016485e-14,0.06585965895301459,0.0,0.002859711196641253,2.13930297422089e-06,7.244654639560705e-07,6.125182185512963e-05,2.655333718012058e-05,5.44174585116686e-08,2.5923505715404383e-08,1.1294844676326404e-05,4.103831643740245e-06,1.736285770751946e-05,5.211201926473546e-07,1.6001798019335479e-06,7.326216806852881e-34,5.195445402076367e-17
2.6457359622560566e-08,0.05595639656,0.054,0.0,0.0,0.026727413873531565,0.8784977584366069,0.00010395738818497118,6.881517818444403e-06,9.028901143787052e-14,0.06585886275614602,0.0,0.0028787084862538655,2.141001344104355e-06,7.203156228488338e-07,6.12743843460385e-05,2.656498670850164e-05,5.448720931328943e-08,2.6004962668769098e-08,1.1354630850265237e-05,4.152973602776636e-06,1.758378648278329e-05,5.28164521029104e-07,1.6230578751912985e-06,7.6785236210367355e-34,5.264704273327787e-17
2.6637049466067063e-08,0.05595639656,0.054,0.0,0.0,0.026709945076854903,0.878488581141859,0.00010499911619467603,7.050400766431223e-06,9.219772071903103e-14,0.06585814630985601,0.0,0.002895778509380696,2.1425138816811687e-06,7.166194283821668e-07,6.129353218337855e-05,2.6573890210833774e-05,5.454904171152912e-08,2.607752430910226e-08,1.1407557468198735e-05,4.197084120549247e-06,1.7782379928390188e-05,5.344519281580553e-07,1.6435134348614717e-06,8.006602999172827e-34,5.327328020364885e-17
2.679877032522291e-08,0.05595639656,0.054,0.0,0.0,0.02669424883772992,0.8784803319073138,0.00010593853287595686,7.204098721511745e-06,9.393386593300721e-14,0.06585750160420249,0.0,0.002911119310441066,2.143862353554752e-06,7.133236901323252e-07,6.13098445400062e-05,2.65806512283363e-05,5.4603937229582186e-08,2.6142229062486504e-08,1.1454486430560002e-05,4.2366867974267436e-06,1.7960908998064178e-05,5.400673056142168e-07,1.6618116507433415e-06,8.310981503718192e-34,5.383923770519955e-17
2.6960491184378756e-08,0.05595639656,0.054,0.0,0.0,0.026678576816948005,0.878472092438024,0.00010687969077357375,7.359398020464887e-06,9.5687334326852e-14,0.06585685698091934,0.0,0.002926439135765023,2.145198810625137e-06,7.100567520274345e-07,6.132529987454186e-05,2.6586250829759502e-05,5.465812785632528e-08,2.6206370367228956e-08,1.1500755074626954e-05,4.276196260481999e-06,1.813923655935943e-05,5.456410342019613e-07,1.6800017331917175e-06,8.624160540528064e-34,5.440740563406343e-17
2.7122212043534603e-08,0.05595639656,0.054,0.0,0.0,0.026662928910981692,0.8784638627131102,0.00010782256862426341,7.516286615335246e-06,9.745810577442945e-14,0.06585621243194167,0.0,0.0029417380564510467,2.1465233676253863e-06,7.06818223268974e-07,6.133991259617693e-05,2.6590712650225966e-05,5.471162224004675e-08,2.626995364163995e-08,1.154637071735661e-05,4.31561111964393e-06,1.8317355911518537e-05,5.51172536790875e-07,1.6980816470917393e-06,8.94630808012185e-34,5.4977774397909367e-17
2.728393290269045e-08,0.05595639656,0.054,0.0,0.0,0.026647305016976597,0.8784556427117843,0.00010876714538195938,7.674752296679133e-06,9.924615951310939e-14,0.06585556794940799,0.0,0.002957016142832918,2.1478361358340737e-06,7.03607720698411e-07,6.135369686233468e-05,2.6594060035702626e-05,5.4764428920831266e-08,2.63329842668245e-08,1.15913406831716e-05,4.354930058224601e-06,1.849526064602736e-05,5.566612727095492e-07,1.7160494664146699e-06,9.27759339988954e-34,5.555033444798573e-17
2.7445653761846296e-08,0.05595639656,0.054,0.0,0.0,0.02663170503275546,0.8784474324133486,0.00010971340021624087,7.834782703960918e-06,1.0105147417188222e-13,0.06585492352565601,0.0,0.0029722734644947895,2.1491372232186606e-06,7.004248685939101e-07,6.136666658401056e-05,2.6596316041326062e-05,5.481655633340312e-08,2.639546758706695e-08,1.1635672301584856e-05,4.394151828812839e-06,1.867294463841942e-05,5.621067369116923e-07,1.7339033719779856e-06,9.618187070901323e-34,5.612507627838345e-17
2.7607374621002143e-08,0.05595639656,0.054,0.0,0.0,0.0266161288568246,0.8784392317971949,0.00011066131251076457,7.996365335604709e-06,1.0287402779848889e-13,0.06585427915321933,0.0,0.0029875100902836973,2.150426734569138e-06,6.9726929847231e-07,6.137883543087043e-05,2.6597503430075326e-05,5.486801280937285e-08,2.6457408910680718e-08,1.1679372902779442e-05,4.4332752486918374e-06,1.8850402043138514e-05,5.675084591385464e-07,1.751641649166386e-06,9.968260944355168e-34,5.67019904252418e-17
2.776909548015799e-08,0.05595639656,0.054,0.0,0.0,0.026600576388374673,0.8784310408428041,0.00011161086186169735,8.159487558910882e-06,1.0471379788605152e-13,0.06585363482482365,0.0,0.0030027260883197008,2.151704771634141e-06,6.941406489002614e-07,6.139021683627773e-05,2.6597644671543368e-05,5.491880657536695e-08,2.651881350778408e-08,1.1722449811064082e-05,4.472299203052742e-06,1.9027627282985435e-05,5.72866003070373e-07,1.7692626856377044e-06,1.0327988142996251e-33,5.728106746702768e-17
2.7930816339313836e-08,0.05595639656,0.054,0.0,0.0,0.026585047527281993,0.8784228595297464,0.00011256202807613193,8.324136619674727e-06,1.065707613988644e-13,0.06585299053338335,0.0,0.003017921526009911,2.1529714332527275e-06,6.910385653139349e-07,6.140082400213367e-05,2.6596761940981802e-05,5.496894575557052e-08,2.6579686609527076e-08,1.176491034265326e-05,4.5112226432774585e-06,1.9204615039621803e-05,5.781789654741637e-07,1.786764969011638e-06,1.0697543049751878e-33,5.786229802413116e-17
2.8092537198469683e-08,0.05595639656,0.054,0.0,0.0,0.026569542174120418,0.8784146878376791,0.00011351479117049789,8.490299651624143e-06,1.084448947976707e-13,0.06585234627199804,0.0,0.0030330964700602176,2.1542268154795e-06,6.879626998326036e-07,6.141066990362114e-05,2.6594877118487196e-05,5.5018438376574924e-08,2.664003341163688e-08,1.180676180141521e-05,4.550044576615486e-06,1.9381360254967896e-05,5.834469753693335e-07,1.8041470845466521e-06,1.1077101290280459e-33,5.844567275728823e-17
2.825425805762553e-08,0.05595639656,0.054,0.0,0.0,0.02655406023015973,0.878406525746347,0.00011446913136896073,8.657963685554135e-06,1.103361740640049e-13,0.06585170203394926,0.0,0.0030482509864854504,2.155471011700146e-06,6.849127110938566e-07,6.141976729376573e-05,2.6592011788453933e-05,5.5067292363061025e-08,2.6699859071956927e-08,1.1848011473545139e-05,4.588764070373763e-06,1.955785811969187e-05,5.886696931717654e-07,1.8214077127858313e-06,1.1466839726255669e-33,5.903118236806185e-17
2.8399806830865792e-08,0.05595639656,0.054,0.0,0.0,0.02654014641441453,0.8783991880561065,0.0001153293697929893,8.810133877875473e-06,1.120529649019408e-13,0.06585112223424923,0.0,0.003061872639663189,2.1565812993886355e-06,6.821895688334812e-07,6.142732533258553e-05,2.6588612258355692e-05,5.511072138652441e-08,2.6753260817882614e-08,1.1884627656730318e-05,4.623523313853388e-06,1.9716490923435535e-05,5.933311584048975e-07,1.83683739097207e-06,1.1826455555016119e-33,5.95599586867347e-17
2.8517204058667595e-08,0.05595639656,0.054,0.0,0.0,0.02652893746995213,0.878393275240779,0.00011602413339105428,8.933743410532685e-06,1.1344779176979805e-13,0.0658506545841627,0.0,0.003072847654686234,2.1574703352723365e-06,6.800080371523251e-07,6.143299331966336e-05,2.658531461786205e-05,5.5145382091833914e-08,2.679603177479765e-08,1.1913814408587766e-05,4.6514981671347385e-06,1.984429067090024e-05,5.970639670536262e-07,1.8492097246955512e-06,1.2122717687536468e-33,5.998771075223654e-17
2.8634601286469398e-08,0.05595639656,0.054,0.0,0.0,0.02651774072648419,0.878387367456911,0.00011671970121668391,9.058125752946276e-06,1.148516196086568e-13,0.06585018693751715,0.0,0.003083811994697383,2.158353599517395e-06,6.778396848917858e-07,6.14382839770975e-05,2.658152941312562e-05,5.517971698009061e-08,2.6838535146246426e-08,1.1942694066509412e-05,4.6794178948457585e-06,1.9971954002808567e-05,6.007725132304144e-07,1.8615164409423727e-06,1.2424592221757083e-33,6.041657506197447e-17
2.87519985142712e-08,0.05595639656,0.054,0.0,0.0,0.02650655614717429,0.878381464696869,0.00011741606597730949,9.183275832411352e-06,1.1626443865994927e-13,0.06584971929197571,0.0,0.003094765684064279,2.15923112462072e-06,6.756843896851075e-07,6.144320189981295e-05,2.6577264505689178e-05,5.5213728953166506e-08,2.688077285238207e-08,1.1971269386616768e-05,4.707282216492549e-06,2.009947938696762e-05,6.044567064119309e-07,1.8737571551659982e-06,1.2732148430937922e-33,6.084654811244836e-17
2.8869395742073004e-08,0.05595639656,0.054,0.0,0.0,0.02649538369538323,0.8783755669530424,0.00011811322043609064,9.309188557950646e-06,1.176862390594856e-13,0.06584925164524821,0.0,0.0031057087469756055,2.1601029424694318e-06,6.735420307850323e-07,6.14477516261813e-05,2.657252767486332e-05,5.524742088690513e-08,2.692274680350258e-08,1.1999543115373543e-05,4.7350908655277295e-06,2.022686535348553e-05,6.081164637767275e-07,1.8859315064462864e-06,1.3045455918178673e-33,6.12776264109454e-17
2.8986792969874807e-08,0.05595639656,0.054,0.0,0.0,0.026484223334667847,0.8783696742178448,0.00011881115741158665,9.435858821896666e-06,1.191170108416622e-13,0.06584878399509063,0.0,0.0031166412074442843,2.1609690843604407e-06,6.714124890335713e-07,6.145193763880912e-05,2.6567326617806818e-05,5.5280795630846443e-08,2.6964458898818606e-08,1.2027517990031278e-05,4.762843589444671e-06,2.0354110492056712e-05,6.117517100352607e-07,1.8980391570196085e-06,1.3364584614341424e-33,6.170980647554553e-17
2.910419019767661e-08,0.05595639656,0.054,0.0,0.0,0.02647307502878057,0.878363786483713,0.0001195098697774243,9.563281501429856e-06,1.2055674394356083e-13,0.06584831633930437,0.0,0.0031275630893098077,2.161829581020107e-06,6.692956468341025e-07,6.145576436530575e-05,2.6561668949637337e-05,5.531385600865785e-08,2.700591102639576e-08,1.2055196738269213e-05,4.790540149939195e-06,2.0481213450047025e-05,6.153623772636148e-07,1.9100797918081687e-06,1.3689604775944226e-33,6.214308483510714e-17
2.9221587425478413e-08,0.05595639656,0.054,0.0,0.0,0.026461938741670032,0.8783579037431064,0.00012020935046196532,9.691451460097856e-06,1.2200542820899343e-13,0.06584784867573584,0.0,0.003138474416240476,2.1626844626230218e-06,6.671913881239163e-07,6.145923617904523e-05,2.6555562203551446e-05,5.534660481836497e-08,2.7047105063496883e-08,1.2082582077763817e-05,4.818180322066081e-06,2.0608172931676466e-05,6.189484047384748e-07,1.9220531179529238e-06,1.4020586983080654e-33,6.257745802913698e-17
2.9338984653280216e-08,0.05595639656,0.054,0.0,0.0,0.02645081443748143,0.8783520259885076,0.000120909592447974,9.820363549312205e-06,1.2346305339249262e-13,0.06584738100227572,0.0,0.003149375211735105,2.1635337588098143e-06,6.650995983466781e-07,6.146235739992026e-05,2.6549013830956945e-05,5.537904483250413e-08,2.7088042876341516e-08,1.2109676715255667e-05,4.8457638941748945e-06,2.073498769695418e-05,6.225097387728308e-07,1.9339588643499164e-06,1.4357602137367105e-33,6.301292260775394e-17
2.945638188108202e-08,0.05595639656,0.054,0.0,0.0,0.02643970208055635,0.8783461532124224,0.00012161058877228406,9.950012609808152e-06,1.2492960916320724e-13,0.06584691331685856,0.0,0.0031602654991254825,2.1643774987047457e-06,6.630201644254597e-07,6.146513229507925e-05,2.654203120162863e-05,5.541117879833316e-08,2.7128726320065484e-08,1.213648334641758e-05,4.873290667529175e-06,2.086165656018001e-05,6.260463325532298e-07,1.945796781188263e-06,1.4700721459914159e-33,6.344947513161825e-17
2.9573779108883822e-08,0.05595639656,0.054,0.0,0.0,0.02642860163543293,0.8783402854073793,0.00012231233252546413,1.0080393473063756e-05,1.2640508510869525e-13,0.06584644561746206,0.0,0.0031711453015782743,2.1652157109331284e-06,6.609529747368209e-07,6.146756507964559e-05,2.6534621603890374e-05,5.5443009438038306e-08,2.7169157238751443e-08,1.2163004655222368e-05,4.900760456048772e-06,2.0988178388878677e-05,6.295581459784897e-07,1.9575666394909173e-06,1.5050016489318052e-33,6.388711217187319e-17
2.9691176336685625e-08,0.05595639656,0.054,0.0,0.0,0.026417513066845897,0.8783344225659293,0.00012301481685148284,1.021150096268393e-05,1.2788947073862602e-13,0.06584597790210657,0.0,0.0031820146420972312,2.1660484236380717e-06,6.588979190854294e-07,6.146965991742216e-05,2.652679224481828e-05,5.547453944894148e-08,2.7209337465378586e-08,1.2189243313669947e-05,4.928173085924869e-06,2.1114552102549945e-05,6.330451454993474e-07,1.9692682306584615e-06,1.5405559079677206e-33,6.432583031007348e-17
2.9808573564487425e-08,0.05595639656,0.054,0.0,0.0,0.026406436339726582,0.8783285646806458,0.00012371803494737327,1.0343329895754171e-05,1.2938275548840995e-13,0.06584551016885455,0.0,0.0031928735435250333,2.166875664496493e-06,6.56854888679102e-07,6.147142092158446e-05,2.6518550250460616e-05,5.550577150368457e-08,2.724926882178464e-08,1.221520198117481e-05,4.955528395427358e-06,2.1240776671604976e-05,6.365073039599724e-07,1.98090136601625e-06,1.576742139863227e-33,6.476562613813595e-17
2.9925970792289224e-08,0.05595639656,0.054,0.0,0.0,0.026395371419202812,0.8783227117441247,0.00012442198006289696,1.047587508416343e-05,1.3088492872275084e-13,0.06584504241581016,0.0,0.003203722028545494,2.1676974607347694e-06,6.54823776104351e-07,6.147285215536209e-05,2.6509902666074686e-05,5.553670825043295e-08,2.7288953118652457e-08,1.224088330437104e-05,4.982826234520981e-06,2.136685111611719e-05,6.399446004408925e-07,1.9924658763650723e-06,1.613567592543112e-33,6.520649625826951e-17
3.0043368020091024e-08,0.05595639656,0.054,0.0,0.0,0.026384318270598943,0.8783168637489842,0.00012512664550020763,1.0609131335893824e-05,1.3239597973911803e-13,0.06584457464111845,0.0,0.0032145601196853623,2.1685138391441176e-06,6.528044753026026e-07,6.147395763270695e-05,2.650085645638216e-05,5.556735231306266e-08,2.7328392155482457e-08,1.2266289916545548e-05,5.010066464666459e-06,2.1492774504802506e-05,6.433570201036401e-07,2.0039616115356695e-06,1.6510395449017196e-33,6.564843728292623e-17
3.0160765247892824e-08,0.05595639656,0.054,0.0,0.0,0.026373276859435586,0.878311020687865,0.00012583202461351387,1.0743093456276894e-05,1.3391589777113486e-13,0.06584410684296511,0.0,0.0032253878393164906,2.1693248260954972e-06,6.507968815468945e-07,6.147474131894846e-05,2.649141850584299e-05,5.559770629135931e-08,2.7367587720571403e-08,1.2291424437487904e-05,5.0372489584506424e-06,2.161854595379832e-05,6.467445540368736e-07,2.0153884399469387e-06,1.6891653066143523e-33,6.609144583473381e-17
3.027816247569462e-08,0.05595639656,0.054,0.0,0.0,0.026362247151429652,0.8783051825534296,0.00012653811080874205,1.0877756249217795e-05,1.354446719918906e-13,0.06584363901957574,0.0,0.0032362052096575394,2.1701304475539487e-06,6.488008914191001e-07,6.147520713143699e-05,2.648159561894624e-05,5.5627772761197534e-08,2.740654159098966e-08,1.2316289472916993e-05,5.064373599411332e-06,2.1744164625711592e-05,6.501071991044242e-07,2.026746248168306e-06,1.727952217950895e-33,6.653551854645014e-17
3.039555970349642e-08,0.05595639656,0.054,0.0,0.0,0.026351229112493973,0.878299349338362,0.0001272448975431987,1.1013114518388546e-05,1.3698229151717606e-13,0.06584317116921556,0.0,0.003247012252776164,2.1709307290925153e-06,6.468164027875866e-07,6.14753589401759e-05,2.6471394520516758e-05,5.5657554274739595e-08,2.7445255532566953e-08,1.2340887614425017e-05,5.091440281655399e-06,2.1869629728396555e-05,6.53444957794867e-07,2.0380349404862493e-06,1.7674076495920327e-33,6.698065206089569e-17
3.051295693129822e-08,0.05595639656,0.054,0.0,0.0,0.026340222708737288,0.8782935210353686,0.00012795237832523206,1.1149163068390435e-05,1.3852874540864735e-13,0.0658427032901887,0.0,0.0032578089905905988,2.17172569590584e-06,6.448433147854513e-07,6.147520056844251e-05,2.6460821856037283e-05,5.568705336060963e-08,2.7483731299871048e-08,1.2365221438866017e-05,5.118448909721601e-06,2.1994940514081133e-05,6.56757838073164e-07,2.0492544384754033e-06,1.807539002447634e-33,6.742684303091299e-17
3.063035415910002e-08,0.05595639656,0.054,0.0,0.0,0.02632922790646374,0.8782876976371773,0.00012866054671389443,1.1285896705885614e-05,1.4008402267691338e-13,0.06584223538083776,0.0,0.0032685954448718967,2.1725153728233713e-06,6.428815277891374e-07,6.147473579339792e-05,2.644988419198579e-05,5.57162725240922e-08,2.752197063619839e-08,1.2389293508435526e-05,5.14539939816867e-06,2.2120096278117015e-05,6.600458532338583e-07,2.0604046805739997e-06,1.848353707477863e-33,6.787408811929653e-17
3.074775138690182e-08,0.05595639656,0.054,0.0,0.0,0.02631824467217292,0.8782818791365375,0.0001293693963186034,1.1423310240698036e-05,1.4164811228455308e-13,0.0658417674395434,0.0,0.0032793716372453304,2.1732997843221144e-06,6.409309433976191e-07,6.147396834668624e-05,2.6438588016187692e-05,5.574521424729682e-08,2.755997527355353e-08,1.2413106369945885e-05,5.172291671502675e-06,2.2245096358231962e-05,6.633090217564839e-07,2.0714856216642206e-06,1.8898592255163263e-33,6.832238399876044e-17
3.086514861470362e-08,0.05595639656,0.054,0.0,0.0,0.02630727297255916,0.8782760655262203,0.0001300789207988034,1.1561398486884439e-05,1.4322100314905788e-13,0.06584129946472377,0.0,0.003290137589192777,2.1740789545390075e-06,6.389914644118851e-07,6.147290191502316e-05,2.642693973818216e-05,5.577388098936219e-08,2.7597746932647214e-08,1.2436662555135428e-05,5.19912566369931e-06,2.2369940133192086e-05,6.665473671624665e-07,2.082497232657027e-06,1.9320630470961034e-33,6.877172735186186e-17
3.098254584250542e-08,0.05595639656,0.054,0.0,0.0,0.02629631277451166,0.8782702567990175,0.00013078911386362716,1.1700156263775809e-05,1.4480268414570914e-13,0.06584083145483403,0.0,0.003300893322053804,2.1748529072829277e-06,6.370629948150644e-07,6.147154014077458e-05,2.641494568960196e-05,5.580227518660693e-08,2.763528732287478e-08,1.245996457970133e-05,5.2259013182443005e-06,2.2494627022257055e-05,6.697609178744934e-07,2.0934395000823277e-06,1.974972692277494e-33,6.922211487098181e-17
3.109994307030722e-08,0.05595639656,0.054,0.0,0.0,0.026285364045113495,0.8782644529477427,0.00013149996927155677,1.1839578396989754e-05,1.463931441103809e-13,0.06584036340836595,0.0,0.0033116388570283975,2.175621666046375e-06,6.351454397527112e-07,6.146988662252548e-05,2.640261212456629e-05,5.583039925274606e-08,2.767259814232417e-08,1.2483014944019758e-05,5.252618587520108e-06,2.2619156483639758e-05,6.72949707077185e-07,2.1043124256836166e-06,2.018595710479051e-33,6.967354325823465e-17
3.121734029810902e-08,0.05595639656,0.054,0.0,0.0,0.026274426751642058,0.8782586539652304,0.00013221148083008514,1.1979659719414055e-05,1.4799237184228385e-13,0.06583989532384733,0.0,0.0033223742151774543,2.1763852540167553e-06,6.332387055138595e-07,6.146794491563894e-05,2.6389945220086264e-05,5.585825557901688e-08,2.7709681077748025e-08,1.2505816131666852e-05,5.279277433058891e-06,2.2743528014331113e-05,6.761137725806123e-07,2.1151160260184393e-06,2.062939680309773e-33,7.012600922547267e-17
3.133473752591082e-08,0.05595639656,0.054,0.0,0.0,0.026263500861567476,0.8782528598443361,0.0001329236423953775,1.2120395072161848e-05,1.4960035610662989e-13,0.06583942719984166,0.0,0.0033330994174262376,2.1771436940873344e-06,6.313426995119962e-07,6.146571853280608e-05,2.63769510764825e-05,5.588584653442422e-08,2.7746537804589193e-08,1.2528370610937499e-05,5.305877824649072e-06,2.286774114811218e-05,6.792531566847045e-07,2.125850332063098e-06,2.1080122094053598e-33,7.057950949416575e-17
3.145213475371262e-08,0.05595639656,0.054,0.0,0.0,0.02625258634255368,0.8782470705779359,0.00013363644787193262,1.2261779305498874e-05,1.5121708563725024e-13,0.06583895903494756,0.0,0.003343814484563716,2.1778970088678324e-06,6.294573302671111e-07,6.146321094458655e-05,2.6363635717814417e-05,5.5913174465818505e-08,2.7783169986936055e-08,1.2550680832276942e-05,5.332419741013149e-06,2.2991795456110337e-05,6.823679060471785e-07,2.1365153888239243e-06,2.15382093426441e-33,7.103404079545316e-17
3.156953198151442e-08,0.05595639656,0.054,0.0,0.0,0.02624168316245582,0.8782412861589273,0.00013434989121224473,1.240380727974317e-05,1.528425491391229e-13,0.06583849082779829,0.0,0.003354519437247609,2.1786452206947393e-06,6.275825073871632e-07,6.146042557994056e-05,2.635000509232054e-05,5.594024169820502e-08,2.7819579277581506e-08,1.257274923146109e-05,5.358903168316516e-06,2.311569054381675e-05,6.854580715514809e-07,2.147111254952093e-06,2.2003735200904568e-33,7.148959986995865e-17
3.168692920931622e-08,0.05595639656,0.054,0.0,0.0,0.026230791289322736,0.8782355065802278,0.000135063966416465,1.254647386613779e-05,1.544767352908755e-13,0.06583802257706148,0.0,0.0033652142960012526,2.1793883516412336e-06,6.257181415513283e-07,6.14573658267518e-05,2.6336065072869632e-05,5.596705053472049e-08,2.7855767317936546e-08,1.2594578224623322e-05,5.385328101749509e-06,2.3239426053205688e-05,6.885237081795928e-07,2.1576380023663713e-06,2.2476776606311844e-33,7.194618346794113e-17
3.180432643711802e-08,0.05595639656,0.054,0.0,0.0,0.026219910691392036,0.8782297318347753,0.00013577866753206383,1.2689773947696729e-05,1.5611963274717061e-13,0.06583755428143857,0.0,0.003375899081222255,2.180126423526892e-06,6.238641444915352e-07,6.145403503234225e-05,2.6321821457422e-05,5.5993603257089085e-08,2.7891735738160974e-08,1.261617021511399e-05,5.411694542704668e-06,2.336300165747313e-05,6.915648748829625e-07,2.1680957158777183e-06,2.295741078027669e-33,7.240378834896582e-17
3.192172366491982e-08,0.05595639656,0.054,0.0,0.0,0.026209041337096048,0.878223961915529,0.00013649398865349323,1.283370242002473e-05,1.5777123014111382e-13,0.06583708593966427,0.0,0.0033865738131737522,2.180859457926936e-06,6.220204289774717e-07,6.145043650397876e-05,2.6307279969500678e-05,5.6019902125369164e-08,2.7927486156975344e-08,1.2637527582978135e-05,5.438002502398736e-06,2.3486417066721645e-05,6.945816344611193e-07,2.178484492824588e-06,2.3445715226542555e-33,7.286241128227712e-17
3.202738116994144e-08,0.05595639656,0.054,0.0,0.0,0.026199268505595865,0.8782187731088098,0.00013713830292442234,1.2963771111219289e-05,1.5926509683203276e-13,0.06583666439158886,0.0,0.0033961724930367896,2.1815148994789393e-06,6.203698044618534e-07,6.14469716174931e-05,2.6293942620292846e-05,5.604335591268511e-08,2.7959476471585738e-08,1.265655057167103e-05,5.461629677184673e-06,2.3597353750547513e-05,6.972759048930891e-07,2.187775541569249e-06,2.3891811594251392e-33,7.327603969401843e-17
3.2122472924460904e-08,0.05595639656,0.054,0.0,0.0,0.026190480703488457,0.8782141065160698,0.00013771860759099826,1.3081261539841241e-05,1.6061558724032752e-13,0.06583628496478086,0.0,0.0034048043685376574,2.182101335677512e-06,6.188912517832743e-07,6.144367201099333e-05,2.628173999072932e-05,5.606429140271586e-08,2.7988118853475884e-08,1.2673511830507616e-05,5.482853659252786e-06,2.3697085501919073e-05,6.996839332561244e-07,2.1960898917134896e-06,2.429871126184281e-33,7.364900614971442e-17
3.2217564678980364e-08,0.05595639656,0.054,0.0,0.0,0.02618170022281951,0.87820944307735,0.00013829930869550363,1.3199155225165727e-05,1.619717654077722e-13,0.0658359055055506,0.0,0.0034134296837115214,2.1826845043878216e-06,6.174192930430949e-07,6.144020249584002e-05,2.6269351861998084e-05,5.608506428843017e-08,2.801662104578356e-08,1.2690323335640779e-05,5.504039312910619e-06,2.3796711733214273e-05,7.020760717535399e-07,2.2043592248858875e-06,2.471078211755471e-33,7.402263483557139e-17
3.2312656433499825e-08,0.05595639656,0.054,0.0,0.0,0.026172927047175144,0.878204782788947,0.0001388804031882606,1.3317449482102412e-05,1.6333362526199479e-13,0.06583552601328795,0.0,0.003422048449091503,2.183264416645203e-06,6.159538838035075e-07,6.143656475486687e-05,2.625678113496076e-05,5.610567573077728e-08,2.804498388713803e-08,1.2706986322419783e-05,5.525186655259402e-06,2.3896232348703255e-05,7.044523606130151e-07,2.2125836153032075e-06,2.512806588602633e-33,7.439692405228409e-17
3.2407748188019285e-08,0.05595639656,0.054,0.0,0.0,0.02616416116022205,0.8782001256471659,0.00013946188803916118,1.3436141632440854e-05,1.6470116072560586e-13,0.06583514648739626,0.0,0.0034306606751557654,2.1838410833963346e-06,6.144949800413916e-07,6.143276045460908e-05,2.6244030679400302e-05,5.612612688155462e-08,2.807320821127508e-08,1.2723502015814835e-05,5.5462957093338175e-06,2.399564726500752e-05,7.068128414892328e-07,2.220763141885889e-06,2.5550604410603722e-33,7.477187210488213e-17
3.2502839942538746e-08,0.05595639656,0.054,0.0,0.0,0.026155402545707286,0.8781954716483202,0.00014004376023754974,1.3555229005090181e-05,1.6607436571686707e-13,0.06583476692729237,0.0,0.0034392663723309333,2.1844145155023283e-06,6.130425381433387e-07,6.142879124546567e-05,2.6231103334200958e-05,5.614641888361103e-08,2.8101294846958212e-08,1.2739871633271568e-05,5.567366501206288e-06,2.409495641077284e-05,7.091575574229875e-07,2.228897888143132e-06,2.597843965268842e-33,7.514747730238891e-17
3.2597931697058206e-08,0.05595639656,0.054,0.0,0.0,0.026146651187460672,0.8781908207887323,0.00014062601679210574,1.3674708936309181e-05,1.674532341504566e-13,0.06583438733240622,0.0,0.003447865550995264,2.1849847237413482e-06,6.115965149014898e-07,6.142465876185914e-05,2.6218001907531484e-05,5.616655287146701e-08,2.8129244618187397e-08,1.275609638734217e-05,5.58839905457153e-06,2.419415972910415e-05,7.114865527958796e-07,2.2369879420616238e-06,2.641161369150385e-33,7.552373795717892e-17
3.269302345157767e-08,0.05595639656,0.054,0.0,0.0,0.02613790706939141,0.8781861730647327,0.0001412086547307276,1.3794578769932844e-05,1.6883775993813588e-13,0.06583400770218101,0.0,0.0034564582214734905,2.1855517188108903e-06,6.10156867507538e-07,6.142036462239433e-05,2.6204729177029204e-05,5.6186529970746666e-08,2.815705834427559e-08,1.2772177479979597e-05,5.609393399522076e-06,2.4293257174147398e-05,7.137998732981539e-07,2.245033395983858e-06,2.6850168723722104e-33,7.590065238599442e-17
3.277860603064518e-08,0.05595639656,0.054,0.0,0.0,0.026130043540241902,0.8781819927910351,0.00014173335251781751,1.39027927977086e-05,1.700886651510453e-13,0.06583366600431359,0.0,0.003464186068897782,2.1860592758917697e-06,6.088666011399115e-07,6.141636300627116e-05,2.619263952606077e-05,5.620437614325308e-08,2.8181975052208645e-08,1.2786528620031243e-05,5.628255672881315e-06,2.4382354320356676e-05,7.158684985267619e-07,2.2522362512533964e-06,2.7249503971355233e-33,7.624043296115849e-17
3.2864188609712695e-08,0.05595639656,0.054,0.0,0.0,0.026122185851046965,0.8781778150515356,0.00014225835469424542,1.401131857602775e-05,1.7134414344638326e-13,0.06583332427699319,0.0,0.003471908660473091,2.1865642465966153e-06,6.075814341993397e-07,6.141223290528684e-05,2.6180415326564742e-05,5.6222096948953056e-08,2.8206782813396785e-08,1.2800765229843261e-05,5.6470870491087985e-06,2.44713656617454e-05,7.179245002244779e-07,2.2594031319830825e-06,2.765326302263111e-33,7.658074051141805e-17
3.294977118878021e-08,0.05595639656,0.054,0.0,0.0,0.02611433399024281,0.8781736398435764,0.0001427836591328164,1.4120154185143469e-05,1.7260419038237752e-13,0.06583298251984054,0.0,0.003479626003622449,2.1870666385662967e-06,6.063013362893375e-07,6.140797546715822e-05,2.6168058540750773e-05,5.623969319052094e-08,2.823148221508856e-08,1.281488816901447e-05,5.6658875551118415e-06,2.4560291189404463e-05,7.199679142655534e-07,2.266534114102148e-06,2.8061476880604668e-33,7.692157381775772e-17
3.302679550994097e-08,0.05595639656,0.054,0.0,0.0,0.026107272289274015,0.8781698843186879,0.0001432566898134656,1.4218369556434838e-05,1.7374213514118502e-13,0.0658326749125897,0.0,0.0034865671311629662,2.1875165927978456e-06,6.051535572703718e-07,6.140403584011679e-05,2.6156825678217297e-05,5.625542396426226e-08,2.825361951193791e-08,1.2827502333131352e-05,5.6827816426671225e-06,2.4640250788399072e-05,7.217962547257165e-07,2.272921369528623e-06,2.8432703897382946e-33,7.722877230977085e-17
3.3103819831101735e-08,0.05595639656,0.054,0.0,0.0,0.02610021529161638,0.878166130840269,0.00014372996207998926,1.431683294844972e-05,1.7488377366263509e-13,0.06583236728060929,0.0,0.003493504018835199,2.1879644699099982e-06,6.040098379388296e-07,6.139999481420687e-05,2.614548839727831e-05,5.627105506387742e-08,2.8275669934077843e-08,1.2840025739049115e-05,5.699650770733563e-06,2.472014087649347e-05,7.236144560841124e-07,2.279279669616148e-06,2.8807587188968393e-33,7.753639479387723e-17
3.31808441522625e-08,0.05595639656,0.054,0.0,0.0,0.026093162988947653,0.8781623794063939,0.00014420347440712933,1.4415542973329616e-05,1.760291027087401e-13,0.06583205962363979,0.0,0.0035004366719846567,2.188410275377984e-06,6.02870156649832e-07,6.13958532055167e-05,2.6134048087959353e-05,5.628658706297762e-08,2.8297633903051417e-08,1.2852459002765893e-05,5.716494962090178e-06,2.479996146193091e-05,7.254225460439733e-07,2.285609074964666e-06,2.918614951349898e-33,7.784444038668465e-17
3.325786847342326e-08,0.05595639656,0.054,0.0,0.0,0.026086115372976233,0.8781586300151396,0.00014467722527758588,1.4514498247028635e-05,1.7717811904199095e-13,0.065831751941427,0.0,0.0035073650959371065,2.1888540146487563e-06,6.017344919177184e-07,6.139161182373769e-05,2.61225061276618e-05,5.630202053136297e-08,2.831951183826715e-08,1.2864802737625467e-05,5.733314242915497e-06,2.4879712554283708e-05,7.272205527731036e-07,2.291909647750507e-06,2.9568413678137013e-33,7.815290820674538e-17
3.3334892794584024e-08,0.05595639656,0.054,0.0,0.0,0.026079072435445178,0.8781548826645871,0.00014515121318197673,1.4613697389376696e-05,1.7833081942553916e-13,0.06583144423372188,0.0,0.0035142892959999744,2.1892956931416564e-06,6.00602822414244e-07,6.138727147221506e-05,2.611086388123117e-05,5.631735603544309e-08,2.8341304156926353e-08,1.2877057555535679e-05,5.750108637435648e-06,2.495939416847441e-05,7.290085048937173e-07,2.2981814516929526e-06,2.9954402539167605e-33,7.846179737394589e-17
3.341191711574479e-08,0.05595639656,0.054,0.0,0.0,0.026072034168136388,0.8781511373528209,0.00014562543661879765,1.471313902414196e-05,1.7948720062338783e-13,0.06583113650028057,0.0,0.003521209277459142,2.1897353162491003e-06,5.994751269665798e-07,6.138283294799831e-05,2.6099122701025703e-05,5.633259413841507e-08,2.8363011274355216e-08,1.288922406359621e-05,5.7668781670057275e-06,2.5039006328956353e-05,7.307864314674798e-07,2.3044245520253687e-06,3.034413900222144e-33,7.87711070093697e-17
3.348894143690555e-08,0.05595639656,0.054,0.0,0.0,0.02606500056285756,0.878147394077929,0.00014609989409438207,1.4812821779090716e-05,1.8064725940061216e-13,0.0658308287408644,0.0,0.003528125045577565,2.1901728893373262e-06,5.983513845567173e-07,6.137829704189094e-05,2.6087283926985434e-05,5.6347735399114415e-08,2.8384633603989103e-08,1.2901302862561221e-05,5.783622864548598e-06,2.5118549056732306e-05,7.3255436198034e-07,2.310639015453695e-06,3.0737646021125287e-33,7.90808362369371e-17
3.355826332595024e-08,0.05595639656,0.054,0.0,0.0,0.026058674297398894,0.8781440268704759,0.00014652710469732015,1.4902741285417895e-05,1.816944539578135e-13,0.06583055173498817,0.0,0.0035343456388169684,2.1905649567649654e-06,5.973433789870477e-07,6.137413211348266e-05,2.6076546685129233e-05,5.636128019301006e-08,2.8404021546711858e-08,1.2912099289430911e-05,5.798671882914043e-06,2.5190078168162506e-05,7.34136977521559e-07,2.3162076042741282e-06,3.109504517395028e-33,7.93599505696426e-17
3.3620653026090453e-08,0.05595639656,0.054,0.0,0.0,0.026052983876631946,0.8781409977919356,0.00014691175440345993,1.4983834059263096e-05,1.8263947177982376e-13,0.06583030241141084,0.0,0.0035399412615690594,2.190916404611963e-06,5.964388847117948e-07,6.137031724883662e-05,2.606681729144179e-05,5.637340415745673e-08,2.8421412506526797e-08,1.2921756108722103e-05,5.812198834908534e-06,2.5254406322760346e-05,7.355544476948892e-07,2.3211995907440383e-06,3.1419345526651214e-33,7.961144292481501e-17
3.368304272623067e-08,0.05595639656,0.054,0.0,0.0,0.026047296500172,0.8781379700463999,0.00014729655503214646,1.5065082605591803e-05,1.8358689671429402e-13,0.06583005307038356,0.0,0.0035455341292475635,2.1912665169001425e-06,5.955369471524228e-07,6.13664398777729e-05,2.6057026208527124e-05,5.638546556664642e-08,2.8438748564956725e-08,1.2931356445324817e-05,5.825709543838265e-06,2.5318688979388428e-05,7.369654132357407e-07,2.3261729118006655e-06,3.1746160713262084e-33,7.986320902072865e-17
3.374543242637088e-08,0.05595639656,0.054,0.0,0.0,0.026041612163730136,0.8781349436328596,0.0001476815058044668,1.5146486203073659e-05,1.8453672704491908e-13,0.06582980371178913,0.0,0.003551124244614394,2.1916152964339434e-06,5.946375554289437e-07,6.136250040877198e-05,2.604717412493386e-05,5.639746471109334e-08,2.845602993761995e-08,1.2940900614596087e-05,5.839204025339625e-06,2.5382926157934126e-05,7.383698905902391e-07,2.331127605573515e-06,3.207550302559207e-33,8.011524839456187e-17
3.38078221265111e-08,0.05595639656,0.054,0.0,0.0,0.026035930863032505,0.8781319185503065,0.00014806660594480464,1.5228044132207483e-05,1.8548896105620441e-13,0.06582955433551246,0.0,0.0035567116104221713,2.191962746007816e-06,5.937406987249588e-07,6.135849924771984e-05,2.6037261724000953e-05,5.64094018798207e-08,2.8473256839288408e-08,1.295038892941875e-05,5.852682295562093e-06,2.5447117880816242e-05,7.397678963681103e-07,2.3360637107613465e-06,3.240738477614641e-33,8.036756058419713e-17
3.387021182665131e-08,0.05595639656,0.054,0.0,0.0,0.026030252593819348,0.8781288947977339,0.00014845185468082597,1.530975567533971e-05,1.8644359703353397e-13,0.06582930494144057,0.0,0.0035622962294153053,2.192308868406415e-06,5.928463662871574e-07,6.135443679792489e-05,2.602728968388299e-05,5.642127736034715e-08,2.8490429483873666e-08,1.2959821701234813e-05,5.866144371085111e-06,2.5511264172004716e-05,7.411594473372292e-07,2.3409812666209e-06,3.27418182980978e-33,8.062014512822519e-17
3.393260152679153e-08,0.05595639656,0.054,0.0,0.0,0.026024577351844803,0.8781258723741372,0.00014883725124346592,1.5391620116681927e-05,1.874006332632329e-13,0.06582905552946257,0.0,0.0035678781043301903,2.192653666404802e-06,5.919545474247891e-07,6.135031346013414e-05,2.601725867757485e-05,5.643309143871987e-08,2.850754808440149e-08,1.2969199240180758e-05,5.879590268899567e-06,2.5575365056873546e-05,7.425445604208377e-07,2.3458803129544164e-06,3.3078815945238475e-33,8.087300156594278e-17
3.405738092707196e-08,0.05595639656,0.054,0.0,0.0,0.02601323593269853,0.878119831509857,0.00014960848478857443,1.555580484030544e-05,1.8932189963021847e-13,0.06582855665135495,0.0,0.0035790336328303824,2.193339300254735e-06,5.901784079728861e-07,6.134188571087828e-05,2.5997022432768837e-05,5.645653652584296e-08,2.854162400100819e-08,1.2987789852745952e-05,5.906433600928746e-06,2.5703430717149688e-05,7.452955413728685e-07,2.3556230388909007e-06,3.376055313310837e-33,8.137952828309748e-17
3.41821603273524e-08,0.05595639656,0.054,0.0,0.0,0.026001906571907894,0.8781137959494543,0.00015038030049246385,1.5720592614713715e-05,1.9125274646880238e-13,0.0658280577003437,0.0,0.0035901782176526887,2.194019669573751e-06,5.884121960764328e-07,6.13332191553182e-05,2.5976558271292333e-05,5.647973940031037e-08,2.8575486275866454e-08,1.3006163219259906e-05,5.933212434075812e-06,2.5831315096121457e-05,7.480209775800446e-07,2.3652922174837266e-06,3.445269558066245e-33,8.188713706389512e-17
3.4306939727632835e-08,0.05595639656,0.054,0.0,0.0,0.025990589236010532,0.8781077656849408,0.00015115269231891643,1.588597778241258e-05,1.9319316010927836e-13,0.06582755867561531,0.0,0.003601311880399816,2.1946947962372807e-06,5.866558284127042e-07,6.132431690883947e-05,2.59558713938491e-05,5.650270229801689e-08,2.8609136581798925e-08,1.3024321768781471e-05,5.959926915928153e-06,2.5959018452480764e-05,7.507210096591404e-07,2.3748881856979337e-06,3.5155342855647314e-33,8.239582424762759e-17
3.443171912791327e-08,0.05595639656,0.054,0.0,0.0,0.025979283891765882,0.8781017407083511,0.00015192565428270662,1.605195471729789e-05,1.9514312690245866e-13,0.06582705957638826,0.0,0.003612434642549135,2.195364701986626e-06,5.849092226139496e-07,6.131518204737521e-05,2.5934966920975568e-05,5.652542743182836e-08,2.8642576577716113e-08,1.304226790747658e-05,5.98657719909719e-06,2.6086541068115046e-05,7.533957803716646e-07,2.3844112881933906e-06,3.58685948512343e-33,8.290558618461289e-17
3.455649852819371e-08,0.05595639656,0.054,0.0,0.0,0.025967990506153987,0.8780957210117433,0.00015269918044915563,1.6218517825136726e-05,1.971026332214367e-13,0.06582656040191255,0.0,0.003623546525454292,2.196029408434558e-06,5.831722972530566e-07,6.130581760791567e-05,2.591384989386495e-05,5.654791699181516e-08,2.8675807908696423e-08,1.3060004018579144e-05,6.013163441011817e-06,2.6213883247440906e-05,7.56045434512542e-07,2.3938618769844685e-06,3.659255178455356e-33,8.341641923614953e-17
3.468127792847414e-08,0.05595639656,0.054,0.0,0.0,0.02595670904637416,0.8780897065871976,0.00015347326493370215,1.6385661544007135e-05,1.990716654632343e-13,0.0658260611514691,0.0,0.0036346475503468037,2.196688937070361e-06,5.814449718293505e-07,6.12962265889943e-05,2.58925252751695e-05,5.6570173145459024e-08,2.8708832206043135e-08,1.3077532462438968e-05,6.039685803732547e-06,2.634104531668845e-05,7.586701188050574e-07,2.4032403111184414e-06,3.7327314195297294e-33,8.392831977447332e-17
3.4930836729035015e-08,0.05595639656,0.054,0.0,0.0,0.025934181774196402,0.8780776935227276,0.0001550230855669588,1.6721668731046536e-05,2.0303825343206393e-13,0.06582506241995564,0.0,0.0036568171104185156,2.1979925462760063e-06,5.78018803338882e-07,6.127637661736911e-05,2.584927272559667e-05,5.6613993791880496e-08,2.8774266156446356e-08,1.3111975675856404e-05,6.092539562050168e-06,2.6594830534725916e-05,7.638451737938564e-07,2.421782184972363e-06,3.8829659212063245e-33,8.495530885485053e-17
3.518039552959589e-08,0.05595639656,0.054,0.0,0.0,0.0259117018171611,0.878065701452036,0.00015657507009215308,1.7059932444505486e-05,2.0704278252280764e-13,0.06582406337669858,0.0,0.0036789434902335656,2.1992756992436477e-06,5.746300911340765e-07,6.125565536965028e-05,2.5805247433228655e-05,5.665690626662298e-08,2.8838891205641202e-08,1.3145615975348306e-05,6.14513985692458e-06,2.684789974132181e-05,7.68922153866586e-07,2.440039911044862e-06,4.037644061746386e-33,8.598652462079772e-17
3.542995433015676e-08,0.05595639656,0.054,0.0,0.0,0.025889268920617402,0.8780537303125735,0.00015812917319353264,1.7400409392039474e-05,2.1108514492941434e-13,0.06582306401701588,0.0,0.003701026855406811,2.2005385639553098e-06,5.712782231555753e-07,6.123408549784335e-05,2.576048635425705e-05,5.669892711648865e-08,2.890271991327125e-08,1.3178471426727252e-05,6.197488134825215e-06,2.710025626006165e-05,7.739022920721428e-07,2.4580165836539494e-06,4.196847420193222e-33,8.702193843976625e-17
3.567951313071763e-08,0.05595639656,0.054,0.0,0.0,0.025866882833290358,0.8780417800421432,0.0001596853503164515,1.7743056833160546e-05,2.151652333697879e-13,0.06582206433667842,0.0,0.003723067369746206,2.201781306871834e-06,5.679626008807877e-07,6.12116890832938e-05,2.571502526612317e-05,5.674007254594529e-08,2.8965764623875553e-08,1.321055973657225e-05,6.249585900852002e-06,2.7351903698353254e-05,7.787868430422466e-07,2.4757153810685394e-06,4.3606580788718956e-33,8.806152185032239e-17
3.59290719312785e-08,0.05595639656,0.054,0.0,0.0,0.025844543307235235,0.8780298505788955,0.00016124355765402012,1.8087832588253297e-05,2.192829411266343e-13,0.06582106433189604,0.0,0.0037450651952991255,2.203004093058957e-06,5.646826389274521e-07,6.118848765080676e-05,2.566889879360283e-05,5.678035842324228e-08,2.902803746873074e-08,1.3241898255248056e-05,6.301434713995308e-06,2.760284592752922e-05,7.83577080209278e-07,2.4931395568531013e-06,4.5291586195246124e-33,8.910524656094557e-17
3.6178630731839375e-08,0.05595639656,0.054,0.0,0.0,0.02582225009779128,0.8780179418613244,0.00016280375213384703,1.8434695046459647e-05,2.2343816208563598e-13,0.0658200639993041,0.0,0.003767020492397311,2.20420708630404e-06,5.614377646716149e-07,6.11645021824563e-05,2.562214043493969e-05,5.681980028668958e-08,2.9089550367971865e-08,1.3272503980010676e-05,6.353036182627617e-06,2.785308706389841e-05,7.882742931517866e-07,2.510292431601434e-06,4.7024321194255895e-33,9.015308444881244e-17
3.642818953240025e-08,0.05595639656,0.054,0.0,0.0,0.025800002963534924,0.8780060538282641,0.0001643658914049124,1.8783603172452854e-05,2.2763079077093686e-13,0.06581906333594996,0.0,0.003788933419700708,2.2053904492202786e-06,5.582274178818292e-07,6.113975313105826e-05,2.5574782587928806e-05,5.6858413350732674e-08,2.9150315032707536e-08,1.3302393558518727e-05,6.404391960163355e-06,2.810263145049942e-05,7.92879785082693e-07,2.527177385065265e-06,4.880562147792001e-33,9.120500755865302e-17
3.667774833296112e-08,0.05595639656,0.054,0.0,0.0,0.025777801666232687,0.8779941864188839,0.00016592993382460487,1.913451651209798e-05,2.3186072237787643e-13,0.06581806233928005,0.0,0.0038108041342397887,2.2065543433390582e-06,5.550510503661859e-07,6.111426043327908e-05,2.5526856575871596e-05,5.689621251209634e-08,2.9210342967268637e-08,1.3331583292435028e-05,6.455503740985206e-06,2.8351483639804332e-05,7.973948704794463e-07,2.543797848702811e-06,5.0636327622432654e-33,9.226098810161166e-17
3.692730713352199e-08,0.05595639656,0.054,0.0,0.0,0.025755645970793602,0.8779823395726852,0.00016749583844592216,1.9487395197053656e-05,2.3612785280308694e-13,0.06581706100712692,0.0,0.0038326327914567247,2.2076989291940907e-06,5.519081256324364e-07,6.108804352239536e-05,2.547839267338352e-05,5.693321235572297e-08,2.9269645471462217e-08,1.3360089141423178e-05,6.506373256515333e-06,2.8599648377127533e-05,8.01820872851962e-07,2.5601572986326404e-06,5.251728505420024e-33,9.332099845413332e-17
3.7176865934082863e-08,0.05595639656,0.054,0.0,0.0,0.025733535645221586,0.8779705132294966,0.00016906356500482033,1.984219994840557e-05,2.4043207867216857e-13,0.06581605933769692,0.0,0.0038544195452451485,2.2088243663979607e-06,5.487981185604068e-07,6.106112134073881e-05,2.5429420132053133e-05,5.6969427160760215e-08,2.9328233642932267e-08,1.3387926727129095e-05,6.55700227154691e-06,2.8847130584927247e-05,8.061591226392392e-07,2.576259248960911e-06,5.444934401728471e-33,9.438501115688153e-17
3.7426424734643735e-08,0.05595639656,0.054,0.0,0.0,0.025711470460567327,0.8779587073294708,0.0001706330739077115,2.0198892079404296e-05,2.4477329736509554e-13,0.06581505732955782,0.0,0.003876164547988992,2.2099308137096307e-06,5.457205150866181e-07,6.1033512351847455e-05,2.5379967205930342e-05,5.700487090639893e-08,2.9386118379558128e-08,1.341511133757104e-05,6.6073925806760604e-06,2.9093935347657052e-05,8.104109552267608e-07,2.592107245463844e-06,5.643335954207341e-33,9.545299891367082e-17
3.767598353520461e-08,0.05595639656,0.054,0.0,0.0,0.02568945019088035,0.8779469218130813,0.0001722043262191186,2.0557433497352008e-05,2.4915140703943854e-13,0.06581405498162679,0.0,0.0038978679505998525,2.211018429093397e-06,5.426748119003201e-07,6.100523455232321e-05,2.5330061176805402e-05,5.7039557277711485e-08,2.944331038191554e-08,1.3441657931352456e-05,6.657546005010742e-06,2.934006789753986e-05,8.145777090816073e-07,2.607704859617797e-06,5.847019141513098e-33,9.652493459043249e-17
3.792554233576548e-08,0.05595639656,0.054,0.0,0.0,0.025667474613160653,0.8779351566211173,0.00017377728364949586,2.0917786704678107e-05,2.535663066514651e-13,0.0658130522931588,0.0,0.003919529902553644,2.2120873697712144e-06,5.396605161502963e-07,6.0976305483398994e-05,2.5279728379246362e-05,5.7073499671384666e-08,2.9499820155796608e-08,1.3467581142436909e-05,6.7074643889178616e-06,2.9585533600727462e-05,8.186607240033869e-07,2.623055682970562e-06,6.05607041502036e-33,9.760079121418652e-17
3.817510113632635e-08,0.05595639656,0.054,0.0,0.0,0.025645543507310856,0.8779234116946817,0.00017535190854321535,2.1279914799252734e-05,2.580178959752286e-13,0.06581204926373506,0.0,0.003941150551925549,2.2131377922688825e-06,5.366771451621502e-07,6.0946742242224256e-05,2.5228994225375642e-05,5.71067112014034e-08,2.9555658014755112e-08,1.349289528444013e-05,6.757149597117557e-06,2.9830337944535756e-05,8.226613394851385e-07,2.6381633218398724e-06,6.270576696030874e-33,9.868054197205209e-17
3.8424659936887223e-08,0.05595639656,0.054,0.0,0.0,0.02562365665608765,0.8779116869751857,0.00017692816386672075,2.1643781473992352e-05,2.62506075619745e-13,0.0658110458932517,0.0,0.003962730045424737,2.214169852455759e-06,5.337242261652574e-07,6.0916561492882745e-05,2.517788322937047e-05,5.71392047046661e-08,2.961083408271629e-08,1.3517614355880724e-05,6.806603511673674e-06,3.0074486524703643e-05,8.265808931799155e-07,2.6530313923251795e-06,6.490625373088494e-33,9.976416021024786e-17
3.8674218737448096e-08,0.05595639656,0.054,0.0,0.0,0.025601813845054416,0.8778999824043477,0.00017850601319684722,2.200935101580552e-05,2.6703074704438164e-13,0.06581004218190904,0.0,0.003984268528426804,2.2151837055783537e-06,5.308012960297265e-07,6.0885779477151327e-05,2.512641903166903e-05,5.717099274651184e-08,2.9665358296590403e-08,1.3541752044228044e-05,6.855828029517832e-06,3.0317985034161095e-05,8.304207194663481e-07,2.667663515616659e-06,6.716304299391611e-33,1.008516194331521e-16
3.892377753800897e-08,0.05595639656,0.054,0.0,0.0,0.025580014862532488,0.8778882979241872,0.0001800854207093125,2.2376588303920814e-05,2.715918125725014e-13,0.06580903813020066,0.0,0.00400576614500712,2.2161795062889416e-06,5.279079010117332e-07,6.0854412025005637e-05,2.5074624422862437e-05,5.720208762623824e-08,2.9719240408974546e-08,1.356532173198648e-05,6.904825059535123e-06,3.056083925098462e-05,8.341821481123996e-07,2.6820633135950973e-06,6.947701790305642e-33,1.0194289330231474e-16
3.917333633856984e-08,0.05595639656,0.054,0.0,0.0,0.025558259499554852,0.8778766334770232,0.00018166635116737977,2.274545880763623e-05,2.761891754035057e-13,0.06580803373890287,0.0,0.00402722303797011,2.217157408669281e-06,5.250435965086981e-07,6.0822474564878125e-05,2.5022521367255655e-05,5.723250138243919e-08,2.9772489990794235e-08,1.3588336499731211e-05,6.953596520700418e-06,3.080305502912397e-05,8.378665030282545e-07,2.6962344047045578e-06,7.184906620960605e-33,1.030379556355836e-16
3.942289513913071e-08,0.05595639656,0.054,0.0,0.0,0.025536547549816605,0.8778649890054699,0.00018324876991069564,2.3115928583530803e-05,2.808227396232549e-13,0.06580702900906467,0.0,0.004048639348882611,2.2181175662500013e-06,5.222079468208141e-07,6.0789982133676005e-05,2.4970131026083666e-05,5.726224579846274e-08,2.982511643410653e-08,1.3610809134225552e-05,7.002144338880606e-06,3.104463828607276e-05,8.41475101112875e-07,2.710180400098558e-06,7.428008023947664e-33,1.041367804060877e-16
3.9672453939691584e-08,0.05595639656,0.054,0.0,0.0,0.025514878809631526,0.8778533644524344,0.00018483264284430034,2.3487964272177006e-05,2.854924102131271e-13,0.06580602394199749,0.0,0.004070015218097882,2.2190601320252135e-06,5.194005249238622e-07,6.07569493865659e-05,2.4917473780371352e-05,5.729133240747576e-08,2.9877128954700316e-08,1.3632752128196673e-05,7.050470446187876e-06,3.128559499705685e-05,8.450092511749897e-07,2.7239049000261838e-06,7.677095687078877e-33,1.052393417414915e-16
3.9922012740252456e-08,0.05595639656,0.054,0.0,0.0,0.02549325307787888,0.8778417597611125,0.00018641793642781596,2.386153309439225e-05,2.901980930574782e-13,0.06580501853926565,0.0,0.004091350784793059,2.2199852584643596e-06,5.16620912243962e-07,6.072339060653146e-05,2.4864569253425167e-05,5.731977249801679e-08,2.992853659509325e-08,1.365417769440995e-05,7.098576776350393e-06,3.152593117946621e-05,8.484702529509412e-07,2.7374114904855436e-06,7.932259751261112e-33,1.0634561392282659e-16
4.0146615660757235e-08,0.05595639656,0.054,0.0,0.0,0.025473826527323978,0.8778313324739697,0.00018784588802602144,2.4199029235901633e-05,2.944639210411657e-13,0.06580411339130264,0.0,0.004110518450256146,2.2208030872263868e-06,5.141426984054483e-07,6.069274945870306e-05,2.4816759379269384e-05,5.734482494263289e-08,2.997429363475622e-08,1.3673028163758651e-05,7.1416861654817604e-06,3.174170820059125e-05,8.51523678946387e-07,2.749384059152899e-06,8.167177596812618e-33,1.0734441052582778e-16
4.034875828921154e-08,0.05595639656,0.054,0.0,0.0,0.025456372161480334,0.8778219615977314,0.00018913198589551685,2.4503796142990606e-05,2.9832798630574143e-13,0.06580329852814064,0.0,0.004127741615786814,2.22152725200677e-06,5.119310382224295e-07,6.066482595496331e-05,2.4773583306873992e-05,5.736693857642075e-08,3.001506745811312e-08,1.3689650537470525e-05,7.180334916345969e-06,3.193548563520224e-05,8.542227678762316e-07,2.760013068291643e-06,8.382929438169325e-33,1.0824586438810776e-16
4.0550900917665845e-08,0.05595639656,0.054,0.0,0.0,0.025438945664066244,0.8778126036526955,0.00019041895798233664,2.4809512537313778e-05,3.022155148610091e-13,0.06580248344831092,0.0,0.004144938582550655,2.222240244244081e-06,5.09736906072831e-07,6.063658154328681e-05,2.4730277511344595e-05,5.738864732363038e-08,3.005545994273222e-08,1.3705954223219463e-05,7.218842912771946e-06,3.212886675430985e-05,8.568761408715167e-07,2.7705054207261454e-06,8.602829755011566e-33,1.0914970770653928e-16
4.075304354612015e-08,0.05595639656,0.054,0.0,0.0,0.02542154693293325,0.8778032586092163,0.00019170678748094082,2.5116162093538788e-05,3.0612645844785554e-13,0.06580166815308916,0.0,0.004162109422356139,2.2229421439813283e-06,5.075600948290871e-07,6.060802313957458e-05,2.4686851061655862e-05,5.74099567351039e-08,3.009547557306401e-08,1.3721945181416464e-05,7.257211182193426e-06,3.232185481035569e-05,8.59484467452128e-07,2.7808629818457075e-06,8.826927313371204e-33,1.1005592710429818e-16
4.0955186174574455e-08,0.05595639656,0.054,0.0,0.0,0.025404175866949597,0.8777939264377655,0.00019299545780441615,2.54237287267358e-05,3.100607692041145e-13,0.06580085264384199,0.0,0.004179254206556306,2.2236330310407586e-06,5.054004006098218e-07,6.057915751696352e-05,2.4643312742303884e-05,5.7430872266314265e-08,3.013511876446438e-08,1.3737629262056503e-05,7.295440747979809e-06,3.251445305990668e-05,8.620484116791885e-07,2.791087605514106e-06,9.055271070650514e-33,1.1096450926876033e-16
4.115732880302876e-08,0.05595639656,0.054,0.0,0.0,0.025386832365986194,0.8777846071089327,0.0001942849525810337,2.5732196590402964e-05,3.140183996650033e-13,0.06580003692202396,0.0,0.004196373006053047,2.22431298502112e-06,5.032576227129702e-07,6.0549991308768504e-05,2.4599671060414095e-05,5.745139927891256e-08,3.017439386422475e-08,1.37530122024083e-05,7.33353263148134e-06,3.270666476280883e-05,8.645686319392577e-07,2.801181133288566e-06,9.287910174960651e-33,1.1187544095146302e-16
4.1359471431483065e-08,0.05595639656,0.054,0.0,0.0,0.025369516330898213,0.8777753005934233,0.00019557525565087736,2.6041550074370467e-05,3.179993027630367e-13,0.06579922098917482,0.0,0.004213465891306145,2.224982085295944e-06,5.01131563552834e-07,6.052053101134236e-05,2.4555934252684463e-05,5.7471543041586614e-08,3.021330515196147e-08,1.3768099629714112e-05,7.371487853711186e-06,3.289849317683564e-05,8.670457807497509e-07,2.811145393747193e-06,9.524893964104026e-33,1.1278870896804982e-16
4.156161405993737e-08,0.05595639656,0.054,0.0,0.0,0.025352227663513412,0.8777660068620595,0.00019686635106249835,2.635177380268164e-05,3.220034318280479e-13,0.06579840484691649,0.0,0.004230532932342864,2.2256404110130317e-06,4.990220286005548e-07,6.049078298690961e-05,2.4512110292260915e-05,5.749130873252812e-08,3.025185684087663e-08,1.3782897064629828e-05,7.40930742967921e-06,3.308994155910862e-05,8.69480504565686e-07,2.82098220178772e-06,9.766271965379465e-33,1.137043001974481e-16
4.1763756688391674e-08,0.05595639656,0.054,0.0,0.0,0.025334966266619,0.8777567258857766,0.00019815822306963092,2.6662852631391902e-05,3.2603074058671907e-13,0.0657975884969502,0.0,0.004247574198763427,2.2262880410913808e-06,4.969288263216067e-07,6.046075346633469e-05,2.446820689547104e-05,5.751070144170609e-08,3.02900530795472e-08,1.3797409920739929e-05,7.446992368240133e-06,3.328101316599533e-05,8.718734436315108e-07,2.8306933579981608e-06,1.0012093895430433e-32,1.146222015815888e-16
4.196589931684598e-08,0.05595639656,0.054,0.0,0.0,0.025317732043937623,0.8777474576356236,0.0001994508561279449,2.697477164632864e-05,3.3008118316203795e-13,0.06579677194105397,0.0,0.004264589759749448,2.226925054214536e-06,4.948517681193724e-07,6.043044855185246e-05,2.4424231528466153e-05,5.752972617045792e-08,3.0327897951709625e-08,1.3811643507173931e-05,7.4845436799593315e-06,3.3471711242004804e-05,8.742252318102705e-07,2.840280648073678e-06,1.0262409658580958e-32,1.1554240012598586e-16
4.2168041945300284e-08,0.05595639656,0.054,0.0,0.0,0.025300524900118377,0.8777382020827625,0.00020074423489185972,2.7287516160775923e-05,3.3415471407245403e-13,0.0657959551810797,0.0,0.004281579684072069,2.2275515288283703e-06,4.927906682791167e-07,6.039987421973255e-05,2.4380191413717085e-05,5.7548387833713144e-08,3.0365395476736716e-08,1.3825603031197789e-05,7.521962370150965e-06,3.366203902368609e-05,8.76536496423969e-07,2.849745842292036e-06,1.05172693464834e-32,1.1646488289881238e-16
4.2349970310909157e-08,0.05595639656,0.054,0.0,0.0,0.025285061545045145,0.877729882917628,0.00020190890083221684,2.7569680068728314e-05,3.3784059514569345e-13,0.06579521992420426,0.0,0.0042968487531284075,2.2281064101974384e-06,4.909491716042863e-07,6.0372131808700325e-05,2.4340505729191568e-05,5.756487690596665e-08,3.039884954061162e-08,1.3837936501478206e-05,7.555526617843867e-06,3.383302010223013e-05,8.785825000682485e-07,2.8581615754139717e-06,1.0750569674165124e-32,1.1729705977087613e-16
4.24963080898845e-08,0.05595639656,0.054,0.0,0.0,0.02527263909646704,0.877723198660594,0.00020284614557587854,2.77971140257187e-05,3.4081893143069185e-13,0.06579462838754356,0.0,0.004309115743542924,2.2285466302055748e-06,4.894771100677984e-07,6.0349664551941594e-05,2.4308553141560274e-05,5.7577932006191215e-08,3.042555908005402e-08,1.3847701564243343e-05,7.582447823064601e-06,3.397033803879699e-05,8.802050933791854e-07,2.8648610638838558e-06,1.0940954999680598e-32,1.1796776694311708e-16
4.2642645868859844e-08,0.05595639656,0.054,0.0,0.0,0.025260230710481467,0.8777165210185676,0.00020378376050535964,2.8024960966667837e-05,3.438093062657951e-13,0.06579403674664933,0.0,0.004321369391890556,2.228981434471421e-06,4.880131635033837e-07,6.032706401574711e-05,2.427657597470816e-05,5.75908033850453e-08,3.045209195747488e-08,1.385732990979229e-05,7.609300888951348e-06,3.410746634184888e-05,8.818072952275054e-07,2.8714989588424194e-06,1.1133791048981338e-32,1.1863965360260588e-16
4.278898364783519e-08,0.05595639656,0.054,0.0,0.0,0.02524783635209821,0.8777098499807529,0.00020472174005229347,2.825321561322623e-05,3.4681170291474904e-13,0.06579344500231443,0.0,0.004333609723738419,2.2294108524301896e-06,4.865572650999239e-07,6.030433230849652e-05,2.424457666505722e-05,5.760349279855746e-08,3.047844961725896e-08,1.3866823381836342e-05,7.636086188185169e-06,3.424440622684736e-05,8.833893346526131e-07,2.878075910142935e-06,1.1329097073730557e-32,1.1931271492493154e-16
4.293532142681053e-08,0.05595639656,0.054,0.0,0.0,0.025235455986562703,0.877703185536385,0.0002056600786992399,2.8481872746624373e-05,3.4982610474829233e-13,0.06579285315534893,0.0,0.004345836764549944,2.229834913446952e-06,4.851093487737283e-07,6.0281471507007206e-05,2.4212557589503325e-05,5.761600198079577e-08,3.050463348728375e-08,1.3876183799026985e-05,7.662804092479164e-06,3.438115890338057e-05,8.8495143877283e-07,2.8845925628717708e-06,1.152689237649479e-32,1.1998694610265975e-16
4.3081659205785876e-08,0.05595639656,0.054,0.0,0.0,0.025223089579355276,0.8776965276747287,0.000206598770979103,2.871092720716935e-05,3.528524952437744e-13,0.06579226120657973,0.0,0.004358050539684797,2.2302536468149993e-06,4.836693491589097e-07,6.025848365701257e-05,2.418052106658143e-05,5.762833264438323e-08,3.0530644979301526e-08,1.3885412953935812e-05,7.689454971848308e-06,3.451772557691386e-05,8.864938327680237e-07,2.8910495572852286e-06,1.1727196310680792e-32,1.2066234234519359e-16
4.322799698476122e-08,0.05595639656,0.054,0.0,0.0,0.025210737096188537,0.8776898763850773,0.00020753781147455692,2.8940373893735746e-05,3.5589085798473764e-13,0.06579166915685009,0.0,0.0043702510744003265,2.2306670817542587e-06,4.822372015973493e-07,6.0235370773631675e-05,2.414846935760943e-05,5.764048648072863e-08,3.0556485489219256e-08,1.3894512613608905e-05,7.716039194248721e-06,3.465410744860888e-05,8.88016739868604e-07,2.8974475287493506e-06,1.1930028280436951e-32,1.2133889887867837e-16
4.3374334763736563e-08,0.05595639656,0.054,0.0,0.0,0.025198398503004392,0.8776832316567544,0.00020847719481747592,2.9170207763256747e-05,3.5894117666050203e-13,0.06579107700701907,0.0,0.004382438393852607,2.2310752474105393e-06,4.808128421290314e-07,6.021213484183542e-05,2.4116404667822947e-05,5.7652465160290727e-08,3.058215639716466e-08,1.3903484519714256e-05,7.74255712601959e-06,3.479030571475643e-05,8.895203813427418e-07,2.903787107680792e-06,1.2135407740558346e-32,1.2201661094600836e-16
4.352067254271191e-08,0.05595639656,0.054,0.0,0.0,0.025186073765971265,0.8776765934791123,0.00020941691568836801,2.94004238302146e-05,3.6200343506573735e-13,0.06579048475796126,0.0,0.004394612523098006,2.2314781728548224e-06,4.793962074826211e-07,6.0188777816908674e-05,2.408432914749889e-05,5.76642703328882e-08,3.0607659067716696e-08,1.3912330389229623e-05,7.76900913152463e-06,3.4926321566474367e-05,8.910049764839824e-07,2.910068919490629e-06,1.2343354196391946e-32,1.226954738067369e-16
4.366701032168725e-08,0.05595639656,0.054,0.0,0.0,0.025173762851481717,0.8776699618415319,0.0002103569688158166,2.9631017166127235e-05,3.6507761710001205e-13,0.06578989241056615,0.0,0.004406773487094001,2.2318758870819734e-06,4.779872350662411e-07,6.016530162490556e-05,2.405224489306096e-05,5.767590362796393e-08,3.063299485009138e-08,1.3921051914406047e-05,7.795395573236059e-06,3.506215618969888e-05,8.924707426008398e-07,2.91629358453275e-06,1.2553887203743336e-32,1.233754827370365e-16
4.3813348100662595e-08,0.05595639656,0.054,0.0,0.0,0.02516146572614966,0.8776633367334237,0.00021129734897592955,2.986198289903064e-05,3.6816370676731326e-13,0.06578929996573776,0.0,0.0044189213107005704,2.232268419009313e-06,4.7658586295830913e-07,6.0141708163096854e-05,2.402015394816476e-05,5.7687366654866506e-08,3.065816507831056e-08,1.3929650763333935e-05,7.821716811619066e-06,3.519781076478461e-05,8.939178950083562e-07,2.922461718058188e-06,1.2767026368784476e-32,1.240566330296374e-16
4.395968587963794e-08,0.05595639656,0.054,0.0,0.0,0.025149182356807846,0.8776567181442262,0.00021223805099179554,3.0093316212958827e-05,3.7126168817554715e-13,0.06578870742439427,0.0,0.004431056018681121,2.2326557974755153e-06,4.751920298985693e-07,6.011799930041071e-05,2.3988058304765538e-05,5.769866100311747e-08,3.068317107138482e-08,1.3938128580042919e-05,7.847973205175342e-06,3.5333286466423034e-05,8.953466470204969e-07,2.928573930173523e-06,1.2982791347961965e-32,1.2473891999378405e-16
4.410602365861328e-08,0.05595639656,0.054,0.0,0.0,0.025136912710505242,0.8776501060634068,0.00021317906973294633,3.032501234742251e-05,3.7437154553602414e-13,0.06578811478746747,0.0,0.004443177635703799,2.2330380512396363e-06,4.738056752792506e-07,6.0094176877867765e-05,2.3955959904170836e-05,5.7709788242685544e-08,3.070801413349553e-08,1.3946486985039967e-05,7.874165110302873e-06,3.5468584463313453e-05,8.96757209943912e-07,2.9346308258025486e-06,1.320120184790671e-32,1.254223389551692e-16
4.4252361437588626e-08,0.05595639656,0.054,0.0,0.0,0.025124656754504582,0.8776435004804605,0.00021412040011482505,3.05570665968868e-05,3.774932631629288e-13,0.06578752205590249,0.0,0.00445528618634235,2.2334152089799474e-06,4.724267391364132e-07,6.0070242709010556e-05,2.392386063807778e-05,5.772074992424665e-08,3.073269555416685e-08,1.3954727575385055e-05,7.90029288136089e-06,3.560370591810029e-05,8.981497930724202e-07,2.940633004651133e-06,1.34222776253442e-32,1.2610688525589283e-16
4.439869921656397e-08,0.05595639656,0.054,0.0,0.0,0.02511241445627976,0.8776369013849111,0.0002150620370982608,3.078947431024716e-05,3.806268254727721e-13,0.06578692923065728,0.0,0.004467381695077414,2.233787299292636e-06,4.7105516214139633e-07,6.00461985803268e-05,2.3891762349593645e-05,5.77315475794535e-08,3.0757216608446455e-08,1.3962851925230521e-05,7.926356870535786e-06,3.573865198705325e-05,8.995246036829515e-07,2.946581061176126e-06,1.3646038487006108e-32,1.2679255425439763e-16
4.4545036995539314e-08,0.05595639656,0.054,0.0,0.0,0.02510018578351346,0.8776303087663107,0.0002160039756889506,3.102223089030418e-05,3.8377221698382693e-13,0.06578633631270216,0.0,0.0044794641862973255,2.2341543506906105e-06,4.696908855924572e-07,6.0022046251666473e-05,2.3859666834239553e-05,5.774218272118978e-08,3.07815785570774e-08,1.3970861585875534e-05,7.952357427909953e-06,3.587342382003944e-05,9.008818470322806e-07,2.952475584557691e-06,1.3872504289542176e-32,1.2747934132542777e-16
4.469137477451466e-08,0.05595639656,0.054,0.0,0.0,0.02508797070409457,0.877623722614238,0.00021694621093694687,3.125533179323753e-05,3.869294223155478e-13,0.06578574330301963,0.0,0.004491533684299396,2.2345163916024045e-06,4.683338514064865e-07,5.999778745665271e-05,2.382757584093787e-05,5.7752656843833966e-08,3.080578264667544e-08,1.3978758086344344e-05,7.978294901320476e-06,3.600802256018845e-05,9.022217263552008e-07,2.95831715867532e-06,1.4101694939433396e-32,1.2816724185996298e-16
4.483771255349e-08,0.05595639656,0.054,0.0,0.0,0.0250757691861159,0.8776171429183008,0.00021788873793615203,3.1488772528079526e-05,3.9009842618797744e-13,0.06578515020260381,0.0,0.00450359021329061,2.2348734503710182e-06,4.669840021109255e-07,5.997342390308714e-05,2.3795491072983972e-05,5.776297142350526e-08,3.082983010989644e-08,1.398654293337027e-05,8.004169636453278e-06,3.614244934392496e-05,9.035444428631443e-07,2.964106362086594e-06,1.433363039290524e-32,1.2885625126517965e-16
4.4984050332465346e-08,0.05595639656,0.054,0.0,0.0,0.025063581197871616,0.8776105696681336,0.00021883155182381825,3.1722548656188535e-05,3.932792134211394e-13,0.06578455701246004,0.0,0.004515633797388974,2.2352255552527155e-06,4.656412808357361e-07,5.9948957273349466e-05,2.3763414189002207e-05,5.777312791832429e-08,3.0853722165613394e-08,1.399421761205398e-05,8.029981976674771e-06,3.627670530059473e-05,9.048501957443e-07,2.969843768009444e-06,1.456833065584244e-32,1.2954636496438263e-16
4.513038811144069e-08,0.05595639656,0.054,0.0,0.0,0.02505140670785509,0.8776040028533982,0.0002197746477800544,3.1956655790722335e-05,3.9647176893441865e-13,0.0657839637336047,0.0,0.004527664460624044,2.2355727344158324e-06,4.6430563130560873e-07,5.9924389224791304e-05,2.373134680388613e-05,5.778312776865041e-08,3.087746001907961e-08,1.4001783585724503e-05,8.055732263172136e-06,3.641079155258872e-05,9.061391821639425e-07,2.9755299443068533e-06,1.4805815783703345e-32,1.3023757839697125e-16
4.5276725890416033e-08,0.05595639656,0.054,0.0,0.0,0.02503924568475623,0.8775974424637842,0.00022071802102733857,3.21910895961117e-05,3.9967607774592745e-13,0.0657833703670646,0.0,0.004539682226938395,2.2359150159396454e-06,4.6297699783216333e-07,5.989972139012433e-05,2.369929048972281e-05,5.779297239734089e-08,3.090104486210559e-08,1.400924229675496e-05,8.08142083473034e-06,3.6544709214879276e-05,9.074115972665129e-07,2.9811654534752413e-06,1.5046105881436122e-32,1.3092988701836402e-16
4.542306366939138e-08,0.05595639656,0.054,0.0,0.0,0.02502709809745961,0.8775908884890076,0.000221661666830037,3.242584578753432e-05,4.028921249718641e-13,0.06578277691387678,0.0,0.004551687120187889,2.2362524278132346e-06,4.6165532530643736e-07,5.9874955377802826e-05,2.3667246776701777e-05,5.780266320997553e-08,3.092447787321519e-08,1.4016595166196257e-05,8.10704802795498e-06,3.6678459395302896e-05,9.086676341774163e-07,2.986750852634653e-06,1.5289221103394018e-32,1.3162328629997365e-16
4.556940144836672e-08,0.05595639656,0.054,0.0,0.0,0.025014963915041596,0.8775843409188122,0.00022260558049392876,3.266092013038946e-05,4.0611989582585345e-13,0.06578218337508808,0.0,0.0045636791641434265,2.2365849979343413e-06,4.603405591912819e-07,5.985009277240072e-05,2.363521715400856e-05,5.781220159511876e-08,3.0947760217825266e-08,1.4023843594890804e-05,8.132614176944341e-06,3.681204319391461e-05,9.09907484007045e-07,2.9922866935228735e-06,1.5535181653252995e-32,1.3231777172912126e-16
4.5715739227342065e-08,0.05595639656,0.054,0.0,0.0,0.025002843106768806,0.8775777997429679,0.000223549757365737,3.289630843977362e-05,4.0935937561828734e-13,0.06578158975175483,0.0,0.0045756583824907455,2.2369127541082127e-06,4.590326455141664e-07,5.982513513498325e-05,2.3603203070703056e-05,5.782158892452688e-08,3.0970893048391676e-08,1.4030988962680345e-05,8.158119613664987e-06,3.694546170355735e-05,9.11131335853663e-07,2.9977735224903874e-06,1.5784007783927337e-32,1.3301333880902645e-16
4.586207700631741e-08,0.05595639656,0.054,0.0,0.0,0.024990735642094943,0.8775712649512711,0.00022449419283266506,3.313200657995697e-05,4.126105497556425e-13,0.06578099604494252,0.0,0.00458762479883273,2.237235724046512e-06,4.5773153085971483e-07,5.980008400347312e-05,2.3571205936582777e-05,5.783082655342095e-08,3.099387750459685e-08,1.4038032630102296e-05,8.183564667418593e-06,3.707871600884773e-05,9.123393768095597e-07,3.003211880500136e-06,1.603571979748919e-32,1.3370998305869992e-16
4.600841478529275e-08,0.05595639656,0.054,0.0,0.0,0.0249786414906598,0.8775647365335455,0.00022543888232193985,3.3368010463861334e-05,4.1587340373980595e-13,0.06578040225572536,0.0,0.004599578436688344,2.237553935366197e-06,4.564371623628785e-07,5.9774940893011493e-05,2.3539227123031146e-05,5.7839915820664557e-08,3.1016714713477524e-08,1.4044975936760645e-05,8.208949665513717e-06,3.7211807187300805e-05,9.135317919644334e-07,3.0086023031264314e-06,1.6290338045083593e-32,1.3440770001296551e-16
4.6154752564268096e-08,0.05595639656,0.054,0.0,0.0,0.02496656062228543,0.8775582144796406,0.00022638382130035997,3.360431605253936e-05,4.191479231673679e-13,0.06577980838518614,0.0,0.0046115193194960925,2.2378674155884662e-06,4.5514948770149616e-07,5.974970729631352e-05,2.3507267963850945e-05,5.7848858049064455e-08,3.103940578963099e-08,1.4051820204205862e-05,8.23427493231827e-06,3.734473630755148e-05,9.147087644142622e-07,3.0139453205606953e-06,1.6547882926850777e-32,1.3510648522230673e-16
4.630109034324344e-08,0.05595639656,0.054,0.0,0.0,0.024954493006976268,0.8775516987794323,0.00022732900527384995,3.3840919354655434e-05,4.2243409372894243e-13,0.06577921443441564,0.0,0.0046234474706111995,2.238176192137627e-06,4.538684550899871e-07,5.972438468401888e-05,2.347532975608323e-05,5.7857654545494495e-08,3.1061951835308745e-08,1.4058566732578164e-05,8.259540790535378e-06,3.747750443162079e-05,9.158704752639942e-07,3.0192414576128522e-06,1.6808374891838967e-32,1.358063342529555e-16
4.6447428122218784e-08,0.05595639656,0.054,0.0,0.0,0.02494243861491375,0.8775451894228223,0.00022827442978702055,3.4077816425968334e-05,4.2573190120842836e-13,0.06577862040451267,0.0,0.004635362913311578,2.2384802923401192e-06,4.5259401327168884e-07,5.969897450503695e-05,2.3443413760811606e-05,5.786630660126133e-08,3.108435394066599e-08,1.4065216806006467e-05,8.284747559381542e-06,3.761011261148994e-05,9.170171036406196e-07,3.0244912337243007e-06,1.7071834437931772e-32,1.3650724268664306e-16
4.659376590119413e-08,0.05595639656,0.054,0.0,0.0,0.024930397416458923,0.877538686399739,0.00022922009042273395,3.431500336881566e-05,4.290413314823387e-13,0.06577802629658337,0.0,0.004647265670791196,2.2387797434233703e-06,4.513261115134319e-07,5.967347818688721e-05,2.3411521203952322e-05,5.7874815492117484e-08,3.110661318378306e-08,1.407177168549845e-05,8.309895557160613e-06,3.7742561893848655e-05,9.181488266925815e-07,3.029695162968912e-06,1.7338282111754744e-32,1.3720920612082936e-16
4.6725469902271933e-08,0.05595639656,0.054,0.0,0.0,0.02491957159402544,0.877532839085825,0.0002300713832593717,3.452871627325145e-05,4.320297446190652e-13,0.06577749153365459,0.0,0.004657967325770119,2.2390452968242686e-06,4.501905501666922e-07,5.965045901443691e-05,2.3382838928115566e-05,5.788235213017558e-08,3.112652523695265e-08,1.407759071822e-05,8.332478765286216e-06,3.7861631246099455e-05,9.191547782196635e-07,3.0343399207871455e-06,1.7580656888421115e-32,1.3784187161063518e-16
4.685717390334974e-08,0.05595639656,0.054,0.0,0.0,0.024908756413182923,0.8775269968866238,0.00023092286064094002,3.474265807700409e-05,4.350275506865753e-13,0.06577695670924281,0.0,0.004668658741246399,2.2393071261191904e-06,4.4906020933030933e-07,5.962737221971142e-05,2.3354177448264162e-05,5.7889774734553396e-08,3.114632320479039e-08,1.4083334548602856e-05,8.355014851642337e-06,3.7980573480643635e-05,9.201489247156808e-07,3.0389483219393537e-06,1.782548377774877e-32,1.3847538490953878e-16
4.697570750431976e-08,0.05595639656,0.054,0.0,0.0,0.024899031831420285,0.8775217432743972,0.000231689345472647,3.493539913857609e-05,4.3773359874884404e-13,0.06577647531538255,0.0,0.004678272274243723,2.239539604607322e-06,4.48047336415274e-07,5.9606537112156995e-05,2.3328400578179304e-05,5.789635832279987e-08,3.116404446252761e-08,1.4088440428257215e-05,8.37525722733504e-06,3.80875134214968e-05,9.210336666657265e-07,3.0430650986782366e-06,1.8047936996977235e-32,1.3904626912901033e-16
4.709424110528979e-08,0.05595639656,0.054,0.0,0.0,0.024889315836719526,0.8775164937938813,0.0002324559749660812,3.512832140140318e-05,4.4044723957110195e-13,0.06577599387298713,0.0,0.004687877538985533,2.2397690967486673e-06,4.4703863704781654e-07,5.9585648756789954e-05,2.3302641806073952e-05,5.7902850920627575e-08,3.118167447822784e-08,1.4093486745896827e-05,8.395461781175115e-06,3.819435153903654e-05,9.219090381726388e-07,3.0471529838442844e-06,1.827239965634905e-32,1.3961783519065282e-16
4.721277470625981e-08,0.05595639656,0.054,0.0,0.0,0.02487960841373942,0.8775112484397847,0.00023322274686279323,3.532142290250472e-05,4.4316846586489095e-13,0.06577551238266055,0.0,0.004697474547612868,2.2399956167689784e-06,4.4603408547762803e-07,5.956470786310104e-05,2.3276901704076805e-05,5.790925317042659e-08,3.1199213797074824e-08,1.4098474129044566e-05,8.415628676312687e-06,3.8301088368962624e-05,9.227751287067188e-07,3.05121223786157e-06,1.8498882791634157e-32,1.4019008079176643e-16
4.7331308307229836e-08,0.05595639656,0.054,0.0,0.0,0.0248699095472094,0.8775060072068267,0.00023398965891982749,3.551470169776474e-05,4.4589727037991056e-13,0.06577503084500934,0.0,0.004707063312235209,2.2402191788490977e-06,4.450336561644893e-07,5.954371513213016e-05,2.325118083091693e-05,5.791556570841819e-08,3.121666295942012e-08,1.4103403198702963e-05,8.43575807463376e-06,3.840772444258065e-05,9.23632026910344e-07,3.055243118877715e-06,1.8727397459381972e-32,1.40763003636213e-16
4.744984190819986e-08,0.05595639656,0.054,0.0,0.0,0.024860219221930147,0.8775007700897381,0.000234756708909583,3.570815586175779e-05,4.486336459037569e-13,0.06577454926064238,0.0,0.004716643844930125,2.240439797124756e-06,4.440373237763713e-07,5.9522671256574566e-05,2.3225479732169465e-05,5.7921789164826295e-08,3.1234022500882214e-08,1.4108274568848073e-05,8.455850136041816e-06,3.8514260288097375e-05,9.244798206000384e-07,3.05924588277209e-06,1.8957954736925113e-32,1.4133660143430494e-16
4.7568375509169884e-08,0.05595639656,0.054,0.0,0.0,0.024850537422772743,0.8774955370832597,0.0002355238946196755,3.590178348757517e-05,4.5137758526163277e-13,0.0657740676301711,0.0,0.004726216157741727,2.2406574856862486e-06,4.430450631870245e-07,5.9501576920895224e-05,2.3199798940496276e-05,5.7927924163828556e-08,3.125129295238776e-08,1.4113088844706078e-05,8.475905020453443e-06,3.862069643039912e-05,9.253185967751495e-07,3.0632207831690265e-06,1.9190565722360987e-32,1.4191087190301799e-16
4.768690911013991e-08,0.05595639656,0.054,0.0,0.0,0.02484086413467619,0.8774903081821439,0.00023629121385280105,3.6095582686652454e-05,4.541290813160909e-13,0.06577358595420903,0.0,0.004735780262683186,2.240872258577975e-06,4.420568494741265e-07,5.948043280142222e-05,2.3174138975884256e-05,5.7933971323545835e-08,3.126847484014305e-08,1.4117846625118804e-05,8.495922887318694e-06,3.8727033389241625e-05,9.261484416217084e-07,3.0671680714434924e-06,1.94252415344576e-32,1.4248581276593461e-16
4.780544271110993e-08,0.05595639656,0.054,0.0,0.0,0.024831199342649508,0.8774850833811525,0.00023705866442660082,3.62895515885976e-05,4.568881269667949e-13,0.06577310423337195,0.0,0.004745336171736916,2.2410841297982353e-06,4.410726579174183e-07,5.945923956645882e-05,2.3148500345879033e-05,5.793993125636298e-08,3.128556868573972e-08,1.4122548502606229e-05,8.515903892906518e-06,3.883327168199344e-05,9.269694405097159e-07,3.0710879967268006e-06,1.9661993312667564e-32,1.4306142175289704e-16
4.792397631207996e-08,0.05595639656,0.054,0.0,0.0,0.024821543031770782,0.8774798626750594,0.00023782624417352763,3.648368834102002e-05,4.596547151502283e-13,0.06577262246827775,0.0,0.0047548838968523915,2.2412931132989657e-06,4.4009246399615453e-07,5.943799787638419e-05,2.3122883545815785e-05,5.7945804568953035e-08,3.130257500632004e-08,1.4127195061012036e-05,8.535848193046622e-06,3.8939411823303054e-05,9.277816780034621e-07,3.074980805918211e-06,1.9900832217182014e-32,1.4363769660029472e-16
4.804250991304998e-08,0.05595639656,0.054,0.0,0.0,0.024811895187182128,0.8774746460586482,0.0002385939509407137,3.667799110936007e-05,4.624288388394425e-13,0.0657721406595463,0.0,0.004764423449948478,2.2414992229853657e-06,4.3911624338751287e-07,5.941670838375484e-05,2.309728905904584e-05,5.795159186194292e-08,3.1319494314442283e-08,1.413178687769808e-05,8.555755945382624e-06,3.904545432073016e-05,9.285852378693936e-07,3.0788467436883264e-06,2.0141769428756896e-32,1.4421463505133863e-16
4.8161043514020006e-08,0.05595639656,0.054,0.0,0.0,0.024802255794094202,0.8774694335267135,0.0002393617825898404,3.687245807671998e-05,4.65210491043802e-13,0.06577165880779934,0.0,0.004773954842914551,2.241702472715737e-06,4.381439719649204e-07,5.939537173340492e-05,2.3071717357160263e-05,5.795729373035945e-08,3.1336327118047467e-08,1.4136324524534217e-05,8.575627303347515e-06,3.915139967986837e-05,9.293802030691489e-07,3.0826860524927296e-06,2.038481614866923e-32,1.4479223485534095e-16
4.827957711499003e-08,0.05595639656,0.054,0.0,0.0,0.02479262483778781,0.8774642250740597,0.0002401297369970081,3.7067087443695645e-05,4.679996648086941e-13,0.06577117691366052,0.0,0.0047834780876076675,2.2419028763011515e-06,4.3717562579518147e-07,5.9373988562545146e-05,2.3046168900209495e-05,5.796291076409039e-08,3.1353073920895e-08,1.4140808564921262e-05,8.595462416969456e-06,3.925724840657298e-05,9.301666557681531e-07,3.0864989725868868e-06,2.0629983598958573e-32,1.453704937677466e-16
4.8398110715960054e-08,0.05595639656,0.054,0.0,0.0,0.024783002303602756,0.8774590206955029,0.00024089781205260914,3.726187742820895e-05,4.707963532152752e-13,0.0657706949777552,0.0,0.00479299319585407,2.242100447505089e-06,4.362111811371617e-07,5.935255950086059e-05,2.3020644136919903e-05,5.79684435469752e-08,3.136973522246176e-08,1.4145239555153303e-05,8.615261442125918e-06,3.936300099642267e-05,9.309446773532299e-07,3.0902857420219365e-06,2.0877283022197957e-32,1.4594940955122393e-16
4.8504790956833076e-08,0.05595639656,0.054,0.0,0.0,0.024774349211685705,0.8774543402338775,0.00024158918102488647,3.74373242832087e-05,4.733197921100372e-13,0.0657702612002482,0.0,0.004801549846365959,2.242275851239602e-06,4.353464972692904e-07,5.933323462313609e-05,2.2997692469955268e-05,5.7973351494929155e-08,3.138465769917175e-08,1.4149182544947362e-05,8.633049834943711e-06,3.945809653697514e-05,9.316377548066597e-07,3.0936716706887005e-06,2.1101684648222403e-32,1.4647099353691766e-16
4.86114711977061e-08,0.05595639656,0.054,0.0,0.0,0.0247657029192748,0.8774496630643146,0.00024228064450705625,3.761289853376213e-05,4.758493072950766e-13,0.06576982738987643,0.0,0.004810099924492301,2.2424489818211553e-06,4.3448493750964773e-07,5.931387352650734e-05,2.2974760660928773e-05,5.797819208627515e-08,3.1399511678379896e-08,1.415308340821589e-05,8.650809224701844e-06,3.955311496736034e-05,9.323241265588064e-07,3.0970367788459623e-06,2.1327830519870477e-32,1.4699310615813018e-16
4.871815143857912e-08,0.05595639656,0.054,0.0,0.0,0.024757063415817283,0.8774449891830561,0.0002429722009904063,3.7788598916071656e-05,4.783848937998139e-13,0.06576939354709899,0.0,0.004818643438790682,2.2426198491835743e-06,4.3362648494194416e-07,5.9294476654760785e-05,2.2951849014274464e-05,5.798296573578627e-08,3.141429751573867e-08,1.4156942535515283e-05,8.668539723300478e-06,3.9648056641927934e-05,9.330038503196574e-07,3.1003812355087807e-06,2.155572887587e-32,1.4751574579711506e-16
4.881416365536484e-08,0.05595639656,0.054,0.0,0.0,0.02474929365857138,0.8774407854983233,0.00024359468010178739,3.794683606710355e-05,4.806721085426032e-13,0.06576900306127277,0.0,0.004826326996646803,2.2427717029422255e-06,4.328565203973492e-07,5.9276989245463756e-05,2.2931246017158476e-05,5.798720512430224e-08,3.1427546798991524e-08,1.416038038853177e-05,8.684472559600163e-06,3.973343881281301e-05,9.336099649587783e-07,3.1033737280345193e-06,2.176234258986505e-32,1.4798657073850682e-16
4.891017587215056e-08,0.05595639656,0.054,0.0,0.0,0.02474152938423157,0.8774365844713485,0.0002442172322422837,3.810517346411771e-05,4.829642334550865e-13,0.06576861254990672,0.0,0.004834005250933973,2.242921738711204e-06,4.320890469139492e-07,5.9259473530915545e-05,2.291065980483649e-05,5.799139091974256e-08,3.14407414272141e-08,1.4163785031789847e-05,8.700382157396285e-06,3.9818759354057956e-05,9.34210782410125e-07,3.1063497498460823e-06,2.1970388524427717e-32,1.4845782008312156e-16
4.9006188088936285e-08,0.05595639656,0.054,0.0,0.0,0.024733770585191186,0.8774323860994064,0.0002448398563307358,3.826361020837564e-05,4.852612649607718e-13,0.06576822201333747,0.0,0.004841678207851004,2.2430699636659718e-06,4.313240524100638e-07,5.924192982497884e-05,2.289009058512111e-05,5.799552341730791e-08,3.1453881653878284e-08,1.4167156741854881e-05,8.716268595479111e-06,3.990401851969782e-05,9.348063436957685e-07,3.1093094212313126e-06,2.2179872713361147e-32,1.4892949266011545e-16
4.9102200305722007e-08,0.05595639656,0.054,0.0,0.0,0.024726017253866958,0.8774281903797759,0.0002454625512918158,3.842214540817048e-05,4.875631994978695e-13,0.06576783145190218,0.0,0.004849345873585191,2.2432163849608857e-06,4.3056152488184725e-07,5.9224358438520544e-05,2.2869538561483273e-05,5.799960290946579e-08,3.146696773060598e-08,1.4170495793651771e-05,8.732131954404799e-06,3.9989216558880874e-05,9.35396689514459e-07,3.11225286155704e-06,2.2390801198977593e-32,1.4940158730164177e-16
4.919821252250773e-08,0.05595639656,0.054,0.0,0.0,0.024718269382706787,0.87742399730974,0.00024608531605596715,3.858077817874504e-05,4.898700335191513e-13,0.06576744086593851,0.0,0.004857008254312149,2.243361009729195e-06,4.298014524027101e-07,5.920675967945731e-05,2.2849003933150563e-05,5.800362968661108e-08,3.1479999906712855e-08,1.4173802460247471e-05,8.747972308678335e-06,4.007435372394326e-05,9.359818602329944e-07,3.1151801892864008e-06,2.2603180032163613e-32,1.4987410284196443e-16
4.929422473929345e-08,0.05595639656,0.054,0.0,0.0,0.024710526964187428,0.8774198068865866,0.000246708149559374,3.873950764225135e-05,4.921817634918697e-13,0.06576705025578468,0.0,0.004864665356193667,2.243503845083051e-06,4.2904382312201666e-07,5.918913385277834e-05,2.282848689515629e-05,5.8007604037617764e-08,3.149297843005867e-08,1.4177077010663486e-05,8.763789731069128e-06,4.015943026829109e-05,9.365618958935619e-07,3.118091521980555e-06,2.2817015272985542e-32,1.503470381178543e-16
4.939023695607917e-08,0.05595639656,0.054,0.0,0.0,0.024702789990804105,0.8774156191076073,0.0002473310507439071,3.889833292767737e-05,4.944983858976684e-13,0.06576665962177917,0.0,0.004872317185378521,2.2436448981131962e-06,4.2828862526502917e-07,5.91714812605856e-05,2.2807987638425582e-05,5.801152624877228e-08,3.1505903547462987e-08,1.4180319710651086e-05,8.779584302075338e-06,4.024444643621358e-05,9.37136836226074e-07,3.12098697628668e-06,2.303231299034912e-32,1.5082039196966428e-16
4.948624917286489e-08,0.05595639656,0.054,0.0,0.0,0.024695058455077246,0.8774114339700995,0.00024795401855710197,3.905725317081448e-05,4.968198972325137e-13,0.0657662689642612,0.0,0.004879963748005463,2.243784175889022e-06,4.275358471330094e-07,5.9153802202111875e-05,2.2787506349813956e-05,5.80153966033372e-08,3.1518775503337904e-08,1.4183530825659732e-05,8.795356100058395e-06,4.0329402469793725e-05,9.377067206397964e-07,3.123866667951053e-06,2.32490792610841e-32,1.5129416324034927e-16
4.9582261389650615e-08,0.05595639656,0.054,0.0,0.0,0.024687332349563006,0.8774072514713627,0.00024857705195210173,3.9216267514182144e-05,4.991462940065294e-13,0.06576587828357007,0.0,0.004887605050200392,2.243921685458416e-06,4.2678547710100347e-07,5.913609697376227e-05,2.2767043212195833e-05,5.801921538395811e-08,3.153159454014171e-08,1.4186710617926e-05,8.811105193443978e-06,4.041429861964e-05,9.382715882178795e-07,3.1267307118411505e-06,2.3467320171453908e-32,1.5176835077444413e-16
4.966867238475776e-08,0.05595639656,0.054,0.0,0.0,0.02468038349129444,0.8774034894764218,0.0002491378372193087,3.935946017558514e-05,5.012442252806434e-13,0.06576552665141597,0.0,0.004894477729558044,2.244043938062086e-06,4.261121934495129e-07,5.912014013572487e-05,2.274864205542087e-05,5.8022608422216586e-08,3.15430866271312e-08,1.418954586306824e-05,8.825260028547998e-06,4.04906541541109e-05,9.38775711694964e-07,3.1292950667070056e-06,2.3665002844979687e-32,1.521954745082811e-16
4.97464422803542e-08,0.05595639656,0.054,0.0,0.0,0.024674133269941875,0.8774001055049685,0.00024964258803297307,3.948839764174747e-05,5.031357423446073e-13,0.06576521016686908,0.0,0.004900659505777591,2.2441527499217926e-06,4.2550789097439555e-07,5.910576123626086e-05,2.2732093814426366e-05,5.802562680012877e-08,3.155339316809889e-08,1.419207622488663e-05,8.837983756071666e-06,4.055933297327088e-05,9.39225998457379e-07,3.131592296325956e-06,2.3843946410679232e-32,1.5258017266182054e-16
4.982421217595063e-08,0.05595639656,0.054,0.0,0.0,0.02466788659818711,0.8773967232600278,0.0002501473800317227,3.9617395344251263e-05,5.050304585862451e-13,0.06576489366772312,0.0,0.004906837841478891,2.2442604141218724e-06,4.249051480264973e-07,5.9091365684623676e-05,2.2715557794691694e-05,5.802861183485063e-08,3.156366541541583e-08,1.419458649281454e-05,8.850692720583166e-06,4.062797293083092e-05,9.396730621429368e-07,3.1338794607478236e-06,2.4023868337248035e-32,1.5296514188155922e-16
4.9901982071547066e-08,0.05595639656,0.054,0.0,0.0,0.024661643472119448,0.8773933427401736,0.00025065221266982936,3.974645284010021e-05,5.069283721777846e-13,0.0657645771541592,0.0,0.004913012739893429,2.2443669343663593e-06,4.2430395856885517e-07,5.907695363302218e-05,2.269903408600808e-05,5.8031563672210955e-08,3.157390349504434e-08,1.4197076800556777e-05,8.863386961492085e-06,4.069657415385037e-05,9.40116922921725e-07,3.1361566193149967e-06,2.4204771875752086e-32,1.533503815589869e-16
4.99797519671435e-08,0.05595639656,0.054,0.0,0.0,0.024655403887838177,0.8773899639439816,0.0002511570854039068,3.987556968909412e-05,5.088294812973923e-13,0.06576426062635855,0.0,0.004919184204248384,2.2444723143499407e-06,4.2370431659551737e-07,5.906252523250191e-05,2.268252277656681e-05,5.8034482457186586e-08,3.1584107532213066e-08,1.419954728161047e-05,8.876066517853027e-06,4.0765136768020825e-05,9.405576008318034e-07,3.1384238309912565e-06,2.4386660281020532e-32,1.5373589108673122e-16
5.0057521862739936e-08,0.05595639656,0.054,0.0,0.0,0.024649167841453646,0.8773865868700289,0.0002516619976928972,4.000474545380945e-05,5.107337841291358e-13,0.06576394408450248,0.0,0.004925352237765545,2.244576557757925e-06,4.2310621613132687e-07,5.904808063295551e-05,2.2666023952981017e-05,5.8037368333918576e-08,3.1594277651442303e-08,1.4201998068156364e-05,8.888731428331082e-06,4.0833660898817213e-05,9.409951157785502e-07,3.1406811543660947e-06,2.456953681161346e-32,1.541216698585353e-16
5.013529175833637e-08,0.05595639656,0.054,0.0,0.0,0.024642935329086773,0.8773832115168949,0.00025216694899805734,4.01339796995809e-05,5.126412788629517e-13,0.06576362752877245,0.0,0.0049315168436615585,2.2446796682662345e-06,4.225096512317503e-07,5.9033619983132563e-05,2.2649537700306233e-05,5.804022144567943e-08,3.16044139765761e-08,1.4204429291297588e-05,8.901381731375688e-06,4.090214667109515e-05,9.414294875351432e-07,3.1429286476563974e-06,2.475340472981855e-32,1.545077172692778e-16
5.0213061653932805e-08,0.05595639656,0.054,0.0,0.0,0.024636706346868847,0.8773798378831608,0.00025267193878294574,4.0263271994483296e-05,5.145519636946145e-13,0.06576331095935006,0.0,0.004937678025148035,2.2447816495413747e-06,4.219146159826869e-07,5.9019143430649104e-05,2.263306410206021e-05,5.804304193488833e-08,3.161451663077782e-08,1.4206841081151589e-05,8.914017465299424e-06,4.097059420893046e-05,9.418607357436913e-07,3.145166368707302e-06,2.4938267301647717e-32,1.548940327149814e-16
5.0368601445125675e-08,0.05595639656,0.054,0.0,0.0,0.02462425895745687,0.8773730957682256,0.0002536820316575485,4.052202901753487e-05,5.183828964635128e-13,0.06576267778015492,0.0,0.004949990127713563,2.244982239010899e-06,4.207291109306173e-07,5.899014320257445e-05,2.2600155195396733e-05,5.804858561110722e-08,3.163462141566449e-08,1.421160687639928e-05,8.939245378040102e-06,4.110737507420678e-05,9.427139394344221e-07,3.1496127236266565e-06,2.5310989488819634e-32,1.5566746530103042e-16
5.0524141236318544e-08,0.05595639656,0.054,0.0,0.0,0.024611825642474966,0.8773663605139084,0.00025469227207072494,4.078101312167708e-05,5.222265681175708e-13,0.06576204454837146,0.0,0.004962288571054121,2.245178355309508e-06,4.1954965426374656e-07,5.896108110735261e-05,2.2567297871129722e-05,5.8054000485126366e-08,3.165459297798786e-08,1.4216296474569701e-05,8.964415469183097e-06,4.124400447371768e-05,9.435548813890675e-07,3.1540206745158456e-06,2.5687729575576285e-32,1.5644196280751235e-16
5.0679681027511414e-08,0.05595639656,0.054,0.0,0.0,0.02459940637134392,0.8773596321089228,0.0002557026558125294,4.104022094834219e-05,5.260829644299467e-13,0.06576141126545544,0.0,0.00497457338068159,2.245370027428692e-06,4.183761997453178e-07,5.893195828605856e-05,2.2534492744014585e-05,5.8059287666237324e-08,3.1674432279043015e-08,1.4220910880342488e-05,8.989528038350525e-06,4.138048337570503e-05,9.443837140880976e-07,3.1583906709238524e-06,2.606851382373505e-32,1.5721752044331192e-16
5.083522081870428e-08,0.05595639656,0.054,0.0,0.0,0.024587001113645948,0.8773529105420124,0.00025671317870863035,4.129964918108644e-05,5.299520712641529e-13,0.06576077793286356,0.0,0.004986844582028437,2.2455572842079896e-06,4.1720870160731676e-07,5.890277586253152e-05,2.2501740406060274e-05,5.806444825068021e-08,3.169414026968864e-08,1.422545108271699e-05,9.014583382202488e-06,4.151681273755285e-05,9.45200587976311e-07,3.1627231566128287e-06,2.6453368554364455e-32,1.5799413343530647e-16
5.099076060989715e-08,0.05595639656,0.054,0.0,0.0,0.024574609839122755,0.8773461958019484,0.0002577238366199053,4.1559294545013664e-05,5.338338745730201e-13,0.06576014455205335,0.0,0.0049991022004483125,2.245740154334342e-06,4.1604711454474927e-07,5.8873534943673095e-05,2.246904142713734e-05,5.8069483321855e-08,3.1713717890510786e-08,1.4229918055244371e-05,9.039581794443228e-06,4.1652993505870665e-05,9.460056514845725e-07,3.1670185696134452e-06,2.684232014767345e-32,1.5877179702829723e-16
5.114630040109002e-08,0.05595639656,0.054,0.0,0.0,0.0245622325176737,0.8773394878775305,0.0002587346254420549,4.181915380622288e-05,5.377283603976969e-13,0.06575951112448299,0.0,0.005011346261216625,2.2459186663415145e-06,4.148913937099012e-07,5.884423661973079e-05,2.2436396355552556e-05,5.8074393950513226e-08,3.173316607196867e-08,1.4234312756271859e-05,9.06452356583762e-06,4.1789026616544725e-05,9.46799051051075e-07,3.1712773422789277e-06,2.7235395042896653e-32,1.5955050648494078e-16
5.145737998347576e-08,0.05595639656,0.054,0.0,0.0,0.024537519614372966,0.8773260924309775,0.00026075657957370756,4.2339501286714e-05,5.455553241949133e-13,0.06575824413489606,0.0,0.005035793810512413,2.2462627293661196e-06,4.125973735848908e-07,5.8785472035912305e-05,2.237127002301609e-05,5.808384610113755e-08,3.177167778881494e-08,1.4242889102644478e-05,9.114238334568738e-06,4.2060653555125715e-05,9.483514342730735e-07,3.179686667945426e-06,2.8034020790503353e-32,1.6111104412868255e-16
5.17684595658615e-08,0.05595639656,0.054,0.0,0.0,0.024512862166022158,0.8773127241133197,0.00026277900895133597,4.28606665506696e-05,5.534328527137092e-13,0.0657569769757717,0.0,0.0050601874305761275,2.2465896984765843e-06,4.1032629138172253e-07,5.872649051042939e-05,2.2306365384620732e-05,5.809281302263783e-08,3.1809682666686215e-08,1.4251187493732858e-05,9.16372995649787e-06,4.233170082776062e-05,9.498588701062515e-07,3.1879544809602354e-06,2.8849458487337956e-32,1.6267570882233691e-16
5.207953914824724e-08,0.05595639656,0.054,0.0,0.0,0.02448825993730641,0.8772993828359725,0.0002648018819559083,4.3382625147579826e-05,5.61360837361608e-13,0.06575570965877528,0.0,0.005084527320852337,2.2468997963970994e-06,4.0807780421218886e-07,5.8667300193618355e-05,2.224168610636893e-05,5.8101302844573265e-08,3.1847187799015964e-08,1.4259215073408691e-05,9.213000653989454e-06,4.2602175540794265e-05,9.513224605053913e-07,3.196084041360461e-06,2.9681921760695135e-32,1.6424446330309865e-16
5.239061873063298e-08,0.05595639656,0.054,0.0,0.0,0.024463712695262478,0.8772860685107957,0.00026682516749014116,4.3905353231608054e-05,5.69339170864544e-13,0.06575444219556267,0.0,0.005108813679586855,2.2471932433731184e-06,4.0585157598036027e-07,5.860790899508719e-05,2.2177235560361406e-05,5.810932351162363e-08,3.188420013053108e-08,1.4266978764827336e-05,9.26205260433005e-06,4.287208463440653e-05,9.527432776038709e-07,3.2040785236593564e-06,3.053162517140703e-32,1.658172705874007e-16
5.270169831301872e-08,0.05595639656,0.054,0.0,0.0,0.02443922020922525,0.877272781050089,0.000268848834967345,4.442882754524528e-05,5.773677472360012e-13,0.0657531745977743,0.0,0.005133046703843077,2.2474702571660007e-06,4.036472772177591e-07,5.854832459172922e-05,2.211301684032827e-05,5.811688278905266e-08,3.1920726461429884e-08,1.4274485277486853e-05,9.310887940424539e-06,4.314143488473447e-05,9.54122364399802e-07,3.211941018647176e-06,3.1398784210062754e-32,1.6739409396878352e-16
5.3012777895404456e-08,0.05595639656,0.054,0.0,0.0,0.024414782250775674,0.8772595203665886,0.0002708728543005381,4.4953025403284e-05,5.85446461746461e-13,0.06575190687703003,0.0,0.005157226589517832,2.247731053049845e-06,4.0146458492307967e-07,5.8488554435496e-05,2.204903277651489e-05,5.81239882680395e-08,3.1956773451482686e-08,1.4281741114135938e-05,9.359508751502104e-06,4.341023290609013e-05,9.554607354418628e-07,3.2196745352015095e-06,3.228361529335609e-32,1.6897489701576239e-16
5.3323857477790195e-08,0.05595639656,0.054,0.0,0.0,0.02439039859369034,0.8772462863734628,0.0002728971958918574,4.547792467715276e-05,5.935752108932549e-13,0.06575063904492379,0.0,0.005181353531356577,2.2479758438090232e-06,3.993031824070553e-07,5.8428605760914645e-05,2.1985285949899573e-05,5.8130647370833264e-08,3.199234762400477e-08,1.4288752577422363e-05,9.40791708385613e-06,4.367848515332963e-05,9.567593775105305e-07,3.2272820021000318e-06,3.3186335760262246e-32,1.7055964356971365e-16
5.3634937060175934e-08,0.05595639656,0.054,0.0,0.0,0.02436606901389251,0.8772330789843096,0.0002749218306222833,4.6003503779650666e-05,6.017538923709108e-13,0.06574937111301878,0.0,0.005205427722968131,2.248204839737273e-06,3.971627591412335e-07,5.836848559233198e-05,2.1921778705712805e-05,5.813686735575746e-08,3.202745536972207e-08,1.42955257763971e-05,9.456114941581151e-06,4.394619792426766e-05,9.580192502939576e-07,3.2347662698283778e-06,3.4107163868270267e-32,1.7214829774276322e-16
5.394601664256167e-08,0.05595639656,0.054,0.0,0.0,0.024341793289404917,0.877219898113151,0.0002769467298416718,4.652974165007453e-05,6.099824050419937e-13,0.06574810309284297,0.0,0.005229449356838754,2.248418248639393e-06,3.9504301061119116e-07,5.8308200750895045e-05,2.1858513166286706e-05,5.81426553220057e-08,3.2062102950481484e-08,1.4302066632766385e-05,9.504104287339477e-06,4.42133773622067e-05,9.592412870574663e-07,3.242130112380919e-06,3.504631878955921e-32,1.7374082391568326e-16
5.425709622494741e-08,0.05595639656,0.054,0.0,0.0,0.024317571200303954,0.8772067436744304,0.00027897186535906466,4.705661773971186e-05,6.182606489084161e-13,0.06574683499588466,0.0,0.005253418624345841,2.248616275834914e-06,3.9294363817363443e-07,5.824775786129012e-05,2.1795491243291542e-05,5.814801821432236e-08,3.209629650288006e-08,1.4308380887018817e-05,9.551887043117279e-06,4.448002945849326e-05,9.60426395306482e-07,3.249376229053726e-06,3.6004020607150253e-32,1.7533718673579797e-16
5.456817580733315e-08,0.05595639656,0.054,0.0,0.0,0.024293402528675248,0.8771936155830091,0.00028099720943326176,4.758411199768783e-05,6.265885250832212e-13,0.06574556683358848,0.0,0.005277335715771048,2.2487991241627944e-06,3.908643489177551e-07,5.818716335825318e-05,2.1732714649397055e-05,5.8152962827495456e-08,3.213004204175751e-08,1.4314474104289248e-05,9.599465091013925e-06,4.474616005519293e-05,9.615754574420553e-07,3.256507246226588e-06,3.698049031102935e-32,1.7693735111489974e-16
5.487925538971889e-08,0.05595639656,0.054,0.0,0.0,0.02426928705857056,0.8771805137541626,0.0002830227347636551,4.811220485716992e-05,6.349659357628597e-13,0.0657442986173516,0.0,0.005301200820313083,2.2489669939875023e-06,3.8880485553020183e-07,5.812642349285484e-05,2.167018490937231e-05,5.81574958107378e-08,3.216334546360526e-08,1.4320351680139613e-05,9.646840274007898e-06,4.501177484774894e-05,9.626893314083474e-07,3.2635257191311457e-06,3.797594979424116e-32,1.7854128222717305e-16
5.519033497210463e-08,0.05595639656,0.054,0.0,0.0,0.024245224575966173,0.8771674381035773,0.0002850484144813213,4.864087722193317e-05,6.433927841999869e-13,0.06574303035852,0.0,0.00532501412609994,2.2491200832068534e-06,3.8676487616399226e-07,5.806554433856164e-05,2.1607903370637313e-05,5.8161623671890374e-08,3.219621254984655e-08,1.4326018846036761e-05,9.694014396764435e-06,4.5276879387772804e-05,9.637688513307716e-07,3.2704341336016607e-06,3.899062184895441e-32,1.8014894550713175e-16
5.550141455449037e-08,0.05595639656,0.054,0.0,0.0,0.024221214868722463,0.8771543885473464,0.0002870742221403628,4.9170110453279815e-05,6.518689746767778e-13,0.06574176206838517,0.0,0.005348775820200886,2.2492585872613974e-06,3.8474413431073833e-07,5.800453179708207e-05,2.1545871213290113e-05,5.816535278151726e-08,3.222864897003373e-08,1.4331480674827077e-05,9.740989226395436e-06,4.554147908574799e-05,9.648148281450837e-07,3.277234907807609e-06,4.002473016249983e-32,1.8176030664755946e-16
5.5812494136876106e-08,0.05595639656,0.054,0.0,0.0,0.024197257726544838,0.8771413650019676,0.00028910013170948846,4.969988635730395e-05,6.603944124787687e-13,0.06574049375818092,0.0,0.005372486088637833,2.2493826991448816e-06,3.827423586766767e-07,5.794339160400668e-05,2.1484089459637556e-05,5.81686893768293e-08,3.226066028491918e-08,1.4336742085807357e-05,9.787766493289261e-06,4.580557921393137e-05,9.658280502160237e-07,3.2839303939650776e-06,4.1078499313380694e-32,1.8337533159746967e-16
5.6123573719261845e-08,0.05595639656,0.054,0.0,0.0,0.024173352940945716,0.8771283673843391,0.000291126117563824,5.023018717249452e-05,6.689690038692139e-13,0.06573922543908042,0.0,0.005396145116396688,2.249492609415987e-06,3.8075928306170187e-07,5.788212933425002e-05,2.1422558983252958e-05,5.817163956551946e-08,3.2292251949460055e-08,1.4341807849969996e-05,9.834347891842164e-06,4.606918490903135e-05,9.668092839465963e-07,3.2905228800275333e-06,4.2152154767258016e-32,1.8499398656006459e-16
5.6434653301647584e-08,0.05595639656,0.054,0.0,0.0,0.02414950030520805,0.877115395611756,0.0002931521544769457,5.0760995557672476e-05,6.775926560639823e-13,0.06573795712219345,0.0,0.005419753087437855,2.2495885062112827e-06,3.787946462421562e-07,5.782075040729976e-05,2.1361280517579334e-05,5.8174209329420886e-08,3.232342931568941e-08,1.4346682594589958e-05,9.880735081331186e-06,4.633230117526273e-05,9.677592743753226e-07,3.2970145913508843e-06,4.324592287290751e-32,1.8661623799072086e-16
5.674573288403332e-08,0.05595639656,0.054,0.0,0.0,0.02412569961434941,0.8771024496019089,0.00029517821761313205,5.129229458025741e-05,6.862652772069749e-13,0.06573668881856363,0.0,0.005443310184707165,2.249670575259436e-06,3.768481918561136e-07,5.7759260092278824e-05,2.1300254664096356e-05,5.8176404528104364e-08,3.235419763554265e-08,1.435137080841311e-05,9.926929686567874e-06,4.65949328868576e-05,9.68678745764624e-07,3.3034076923368052e-06,4.436003085815542e-32,1.88242052594963e-16
5.705681246641906e-08,0.05595639656,0.054,0.0,0.0,0.02410195066508802,0.8770895292728781,0.0002972042825198258,5.182406770485734e-05,6.94986776346095e-13,0.06573542053916634,0.0,0.005466816590145304,2.249738999896202e-06,3.7491966829265453e-07,5.7697663512827025e-05,2.1239481900070834e-05,5.8178230902272545e-08,3.238456206352787e-08,1.4355876845514678e-05,9.972933298881704e-06,4.685708479144127e-05,9.695684021745931e-07,3.3097042880446735e-06,4.5494706825782965e-32,1.8987139732648355e-16
5.73678920488048e-08,0.05595639656,0.054,0.0,0.0,0.02407825325580861,0.8770766345431331,0.00029923032512029873,5.235629878217497e-05,7.037570634097205e-13,0.06573415229490609,0.0,0.005490272484698859,2.249793961080713e-06,3.730088285827718e-07,5.763596565180879e-05,2.1178962585910336e-05,5.817969407715718e-08,3.241452765940277e-08,1.4360204930891572e-05,1.0018747476568107e-05,4.7118761512025095e-05,9.704289280309059e-07,3.315906425785217e-06,4.665017974941875e-32,1.9150423938511912e-16
5.767897163119054e-08,0.05595639656,0.054,0.0,0.0,0.02405460718653139,0.877063765331528,0.00030125632170651295,5.2888972038223024e-05,7.125760491837611e-13,0.06573288409661472,0.0,0.00551367804832795,2.2498356374122815e-06,3.711154302951944e-07,5.7574171355852916e-05,2.1118696972138417e-05,5.8180799565632147e-08,3.2444099390627797e-08,1.4364359162838203e-05,1.0064373746191526e-05,4.737996755125333e-05,9.712609886718844e-07,3.322016096671512e-06,4.782667946939014e-32,1.93140546214929e-16
5.799005121357628e-08,0.05595639656,0.054,0.0,0.0,0.024031012258878406,0.8770509215572989,0.00030328224893217233,5.3422072063844324e-05,7.214436452891533e-13,0.06573161595504935,0.0,0.00553703346001882,2.2498642051487647e-06,3.692392354318059e-07,5.75122853397301e-05,2.105868520600833e-05,5.818155277147974e-08,3.2473282134948554e-08,1.4368343520318789e-05,1.0109813602448856e-05,4.764070729185029e-05,9.720652308997026e-07,3.328035237166793e-06,4.9024436688584465e-32,1.9478028550213366e-16
5.830113079596202e-08,0.05595639656,0.054,0.0,0.0,0.024007468276047213,0.8770381031400611,0.00030530808380595736,5.3955583804527305e-05,7.303597641600449e-13,0.06573034788089062,0.0,0.005560338897787266,2.249879838224513e-06,3.673800103309456e-07,5.7450312190573794e-05,2.0998927337771668e-05,5.8181958992142546e-08,3.2502080682562927e-08,1.437216186143683e-05,1.0155068510459213e-05,4.79009850035328e-05,9.728422834921725e-07,3.3339657305582584e-06,5.024368296823361e-32,1.964234251733255e-16
5.8612210378347757e-08,0.05595639656,0.054,0.0,0.0,0.023983975042774292,0.8770253099998063,0.0003073338036849404,5.448949255051583e-05,7.393243190222172e-13,0.06572907988474101,0.0,0.005583594538697358,2.249882708271108e-06,3.6553752556468833e-07,5.738825637194958e-05,2.093942332661794e-05,5.818202342204106e-08,3.253049973876002e-08,1.4375817937051928e-05,1.020013990382007e-05,4.816080483858423e-05,9.735927577517737e-07,3.339809408481339e-06,5.148465072377965e-32,1.9806993339324063e-16
5.8892182002494916e-08,0.05595639656,0.054,0.0,0.0,0.02396287436354266,0.8770138177195711,0.0003091568348167591,5.497033797404158e-05,7.474337600733809e-13,0.06572793876360301,0.0,0.005604482184772809,2.2498745189356707e-06,3.6389341598234007e-07,5.733233904546133e-05,2.0886086661735977e-05,5.818179338967973e-08,3.25557562459727e-08,1.437897267182185e-05,1.0240548416486965e-05,4.839425455446507e-05,9.742459516373002e-07,3.3449959647125948e-06,5.262028634196646e-32,1.9955464477925112e-16
5.9144156464227365e-08,0.05595639656,0.054,0.0,0.0,0.02394391864874388,0.877003492070004,0.00031079745449864144,5.540335536396746e-05,7.54765690397058e-13,0.0657269118221875,0.0,0.005623246806984606,2.2498585275733594e-06,3.624250213434452e-07,5.728196176095011e-05,2.08382592645043e-05,5.8181356196510894e-08,3.2578230227498944e-08,1.4381704207139745e-05,1.0276790789766097e-05,4.8604047377279004e-05,9.7481617990182e-07,3.3496060214376105e-06,5.365770416456189e-32,2.0089317712108416e-16
5.9396130925959814e-08,0.05595639656,0.054,0.0,0.0,0.02392499588846976,0.8769931828636276,0.00031243795958271986,5.5836608156780454e-05,7.621292477786388e-13,0.0657258849505418,0.0,0.00564197906919631,2.249834460101937e-06,3.609672155292885e-07,5.723153778786807e-05,2.079059807981386e-05,5.818070366541997e-08,3.260046332267129e-08,1.4384335587993817e-05,1.0312915216220376e-05,4.881354682034457e-05,9.753700021797622e-07,3.3541622129536517e-06,5.470978946893515e-32,2.0223386373562092e-16
5.964810538769226e-08,0.05595639656,0.054,0.0,0.0,0.023906105981794296,0.8769828900586321,0.00031407833867726345,5.62700891561083e-05,7.695243875336067e-13,0.06572485815414422,0.0,0.005660679063699847,2.2498024034000896e-06,3.5951988434541097e-07,5.7181069277720435e-05,2.0743102934732804e-05,5.817983837013579e-08,3.2622457877745656e-08,1.438686860204131e-05,1.0348922405238992e-05,4.902275488784697e-05,9.759077119240877e-07,3.358665419663367e-06,5.577666739249095e-32,2.0357668815389492e-16
5.990007984942471e-08,0.05595639656,0.054,0.0,0.0,0.02388724882840221,0.8769726136133645,0.00031571858052857914,5.670379129621047e-05,7.769510652795219e-13,0.06572383143843692,0.0,0.0056793468823938585,2.2497624433949874e-06,3.580829152456329e-07,5.713055833599346e-05,2.0695773627107726e-05,5.817876284563714e-08,3.264421620682148e-08,1.4389304998221415e-05,1.0384813052671443e-05,4.923167353968962e-05,9.764295959832873e-07,3.3631165023811004e-06,5.685846343194293e-32,2.0492163400558118e-16
6.015205431115716e-08,0.05595639656,0.054,0.0,0.0,0.023868424328582653,0.8769623534863282,0.0003173586740190127,5.7137707639036525e-05,7.84409236929439e-13,0.06572280480882567,0.0,0.00569798261678139,2.2497146650695083e-06,3.5665619730128955e-07,5.7080007023321956e-05,2.0648609927109855e-05,5.8177479588540755e-08,3.2665740592236847e-08,1.4391646482815816e-05,1.0420587843766217e-05,4.94403046947397e-05,9.769359347757859e-07,3.367516302790121e-06,5.79553034421868e-32,2.062686850186027e-16
6.040402877288961e-08,0.05595639656,0.054,0.0,0.0,0.023849632383217415,0.8769521096361806,0.00031899860816501284,5.7571831371371744e-05,7.918988586854483e-13,0.06572177827067935,0.0,0.005716586357974105,2.2496591524730534e-06,3.552396211735203e-07,5.702941735660573e-05,2.0601611578677425e-05,5.817599105676506e-08,3.268703328432415e-08,1.4393894721981758e-05,1.0456247455273816e-05,4.96486502282642e-05,9.774270024555592e-07,3.3718656439623623e-06,5.906731363449166e-32,2.0761782501879876e-16
6.065600323462206e-08,0.05595639656,0.054,0.0,0.0,0.02383087289377573,0.876941882021733,0.00032063837211520957,5.8006155802029644e-05,7.994198870325795e-13,0.06572075182932981,0.0,0.005735158196696766,2.249595988730198e-06,3.5383307908580866e-07,5.697879131011212e-05,2.0554778300931617e-05,5.817429967202555e-08,3.2708096503157504e-08,1.439605134484229e-05,1.0491792550633705e-05,4.985671197599685e-05,9.779030670276946e-07,3.3761653307608187e-06,6.019462057466011e-32,2.0896903792868856e-16
6.090797769635451e-08,0.05595639656,0.054,0.0,0.0,0.023812145762308647,0.8769316706019494,0.00032227795514854374,5.844067435912756e-05,8.069722787326304e-13,0.0657197254900715,0.0,0.005753698223286923,2.2495252560463886e-06,3.5243646479361353e-07,5.692813081653944e-05,2.0508109789512694e-05,5.8172407821254837e-08,3.272893243984166e-08,1.4398117941560101e-05,1.0527223780720635e-05,5.006449173737339e-05,9.783643905412545e-07,3.380416150269244e-06,6.133735118239747e-32,2.1032230776672806e-16
6.115995215808696e-08,0.05595639656,0.054,0.0,0.0,0.023793450891431745,0.8769214753359469,0.0003239173466724242,5.8875380587408574e-05,8.145559908181798e-13,0.06571869925816133,0.0,0.005772206527699018,2.249447035714734e-06,3.5104967356044897e-07,5.6877437768056605e-05,2.0461605717874752e-05,5.817031785381616e-08,3.27495432546746e-08,1.4400096065930167e-05,1.0562541791855505e-05,5.027199126702903e-05,9.788112292417108e-07,3.3846188722151976e-06,6.249563272959251e-32,2.1167761864773274e-16
6.141192661981941e-08,0.05595639656,0.054,0.0,0.0,0.023774788184323478,0.8769112961829924,0.00032555653622093046,5.93102681456488e-05,8.221709805868538e-13,0.06571767313881847,0.0,0.00579068319950727,2.249361408128401e-06,3.496726021315196e-07,5.682671401730361e-05,2.041526573850269e-05,5.816803208407738e-08,3.276993107852782e-08,1.44019872368551e-05,1.059774721964456e-05,5.047921228163607e-05,9.792438336382859e-07,3.3887742494090713e-06,6.366959283746211e-32,2.1303495478164503e-16
6.163870363537861e-08,0.05595639656,0.054,0.0,0.0,0.023758019168382122,0.8769021486884454,0.0003270316255762301,5.970181683403371e-05,8.29051178713239e-13,0.06571674973193786,0.0,0.005807285231985834,2.249278075824066e-06,3.484414641071077e-07,5.678103789131277e-05,2.037369975276984e-05,5.816580936983992e-08,3.278809120382621e-08,1.4403616172286082e-05,1.0629336354671845e-05,5.066547446259175e-05,9.79621209843992e-07,3.392474217984923e-06,6.47396678645878e-32,2.142582759177916e-16
6.182172215523186e-08,0.05595639656,0.054,0.0,0.0,0.02374450476494149,0.8768947757512666,0.00032822195378277613,6.001791334333328e-05,8.346222134896516e-13,0.06571600457613802,0.0,0.005820665178911628,2.2492065342978407e-06,3.474535150452617e-07,5.6744159173870276e-05,2.03402507775567e-05,5.8163902367536125e-08,3.280261775418284e-08,1.4404881032212639e-05,1.0654764282910803e-05,5.081563313469285e-05,9.79917625080795e-07,3.3954330775432735e-06,6.561266278426632e-32,2.1524672629924123e-16
6.20047406750851e-08,0.05595639656,0.054,0.0,0.0,0.0237310071972469,0.8768874112587242,0.00032941216124163025,6.033409700456476e-05,8.402096907886421e-13,0.06571525948686148,0.0,0.0058340285607132395,2.2491311941292713e-06,3.4647055434570194e-07,5.670726673108103e-05,2.030688784250767e-05,5.8161895192323904e-08,3.2817029546707187e-08,1.4406102037375029e-05,1.0680133667885614e-05,5.096564716385066e-05,9.802068642633242e-07,3.398367961968849e-06,6.649410687979111e-32,2.1623622349126198e-16
6.218775919493835e-08,0.05595639656,0.054,0.0,0.0,0.023717526428930415,0.8768800551954096,0.00033060224410654866,6.065036553289766e-05,8.458135945847484e-13,0.0657145144660571,0.0,0.005847375411211636,2.2490520849436883e-06,3.454925443445735e-07,5.6670361222838294e-05,2.0273610789770192e-05,5.81597886876076e-08,3.283132736187868e-08,1.4407279724054882e-05,1.0705444738854884e-05,5.1115517162035026e-05,9.804890161905313e-07,3.4012791382603757e-06,6.738404951882251e-32,2.172267615681938e-16
6.237077771479159e-08,0.05595639656,0.054,0.0,0.0,0.023704062423770315,0.8768727075459547,0.0003317921985644704,6.096671667228074e-05,8.514339089196206e-13,0.0657137695156631,0.0,0.005860705764125567,2.2489692361263407e-06,3.445194477598192e-07,5.6633443299161706e-05,2.0240419456974237e-05,5.815758368770362e-08,3.2845511972331694e-08,1.4408414620652092e-05,1.0730697723279244e-05,5.126524372999693e-05,9.807641682475935e-07,3.404166869166516e-06,6.82825401646448e-32,2.1821833463018048e-16
6.255379623464484e-08,0.05595639656,0.054,0.0,0.0,0.023690615145691856,0.876865368295033,0.0003329820208351898,6.128314819498286e-05,8.570706179009736e-13,0.06571302463760692,0.0,0.005874019653070812,2.2488826768231314e-06,3.4355122768641605e-07,5.659651360037051e-05,2.0207313677424006e-05,5.8155281018373733e-08,3.285958414353475e-08,1.4409507246647487e-05,1.0755892846043873e-05,5.141482745944963e-05,9.810324064205684e-07,3.4070314132736857e-06,6.918962837591948e-32,2.1921093680292601e-16
6.273681475449808e-08,0.05595639656,0.054,0.0,0.0,0.02367718455876563,0.8768580374273582,0.00033417170717103535,6.15996579011442e-05,8.627237057015693e-13,0.06571227983380534,0.0,0.0058873171115610004,2.248792435942296e-06,3.4258784759136423e-07,5.655957275725143e-05,2.0174293280280643e-05,5.8152881496810714e-08,3.287354463387066e-08,1.4410558113126426e-05,1.078103032938857e-05,5.1564268932976376e-05,9.812938153256155e-07,3.409873025076031e-06,7.010536380637877e-32,2.2020456223755872e-16
6.291983327435132e-08,0.05595639656,0.054,0.0,0.0,0.023663770627206104,0.8768507149276847,0.0003353612538565516,6.191624361833145e-05,8.683931565582108e-13,0.0657115351061643,0.0,0.005900598173007862,2.248698542156822e-06,3.416292713090474e-07,5.652262139122503e-05,2.0141358090742472e-05,5.8150385931769695e-08,3.288739419459892e-08,1.4411567722739559e-05,1.080611039331129e-05,5.171356872403206e-05,9.815484782343576e-07,3.4126919550442787e-06,7.102979620451793e-32,2.2119920511055348e-16
6.310285179420457e-08,0.05595639656,0.054,0.0,0.0,0.02365037331537032,0.8768434007808072,0.0003365506572081825,6.223290320109822e-05,8.740789547707487e-13,0.06571079045657904,0.0,0.005913862870721939,2.248601023906334e-06,3.40675463036672e-07,5.6485660114509894e-05,2.0108507930222087e-05,5.814779512372143e-08,3.2901133570041266e-08,1.4412536570145954e-05,1.0831133255338301e-05,5.186272739708799e-05,9.81796477096448e-07,3.415488449698449e-06,7.196297541328612e-32,2.221948596235768e-16
6.328587031405781e-08,0.05595639656,0.054,0.0,0.0,0.02363699258775674,0.8768360949715608,0.00033773991357395996,6.254963453055371e-05,8.797810847011025e-13,0.06571004588693401,0.0,0.005927111237912773,2.2484999093984343e-06,3.397263873297723e-07,5.644868953028355e-05,2.0075742616516834e-05,5.8145109864949084e-08,3.2914763497660935e-08,1.441346514189343e-05,1.0856099130694333e-05,5.201174550793201e-05,9.820378925637772e-07,3.4182627516779703e-06,7.290495136977736e-32,2.231915200033813e-16
6.346888883391106e-08,0.05595639656,0.054,0.0,0.0,0.02362362840900387,0.87682879748482,0.0003389290193331983,6.28664355139413e-05,8.854995307723026e-13,0.06570930139910292,0.0,0.0059403433076895456,2.24839522661032e-06,3.3878200909770504e-07,5.641171023283875e-05,2.0043061963971654e-05,5.814233093967454e-08,3.2928284708145226e-08,1.4414353916789482e-05,1.0881008232272682e-05,5.216062360366944e-05,9.822728040146229e-07,3.4210150998108496e-06,7.385577410492224e-32,2.2418918050167654e-16
6.36519073537643e-08,0.05595639656,0.054,0.0,0.0,0.023610280743889114,0.8768215083055002,0.00034011797089619154,6.318330408422482e-05,8.912342774675504e-13,0.06570855699494865,0.0,0.005953559113061336,2.2482870032907903e-06,3.378422935992642e-07,5.6374722807736244e-05,2.0010465783635945e-05,5.8139459124169563e-08,3.2941697925504836e-08,1.4415203365867413e-05,1.0905860770736249e-05,5.2309362222995105e-05,9.825012895760447e-07,3.423745729181297e-06,7.481549374317853e-32,2.2518783539501634e-16
6.383492587361755e-08,0.05595639656,0.054,0.0,0.0,0.02359694955732746,0.8768142274185559,0.0003413067647039161,6.350023819968197e-05,8.969853093292935e-13,0.06570781267632331,0.0,0.005966758686937732,2.2481752669621093e-06,3.369072064383355e-07,5.633772783195483e-05,1.9977953883415752e-05,5.813649518687005e-08,3.29550038671635e-08,1.4416013952719025e-05,1.093065695448267e-05,5.24579618962285e-05,9.827234261467042e-07,3.4264548711961635e-06,7.578416050222296e-32,2.261874789846708e-16
6.401794439347079e-08,0.05595639656,0.054,0.0,0.0,0.023583634814370445,0.876806954808981,0.00034249539722773655,6.381723584350419e-05,9.02752610958316e-13,0.06570706844506825,0.0,0.00597994206212908,2.248060044921626e-06,3.359767135596456e-07,5.630072587403861e-05,1.9945526068221414e-05,5.813343988848391e-08,3.2968203244042934e-08,1.4416786133455163e-05,1.0955396989756133e-05,5.260642314557029e-05,9.829392894189006e-07,3.4291427536501434e-06,7.67618246926415e-32,2.2718810559651546e-16
6.420096291332404e-08,0.05595639656,0.054,0.0,0.0,0.023570336480204773,0.8767996904618094,0.0003436838649691143,6.413429502340406e-05,9.085361670128456e-13,0.06570632430301401,0.0,0.005993109271347087,2.247941364243436e-06,3.350507812445349e-07,5.626371749424106e-05,1.9913182140109812e-05,5.813029398210306e-08,3.29812967606533e-08,1.4417520357033112e-05,1.098008108060959e-05,5.27547464851341e-05,9.83148953900651e-07,3.43180960079061e-06,7.774853671762096e-32,2.2818970958090553e-16
6.438398143317728e-08,0.05595639656,0.054,0.0,0.0,0.02355705452015137,0.876792434362114,0.00034487216445932244,6.445141377123006e-05,9.143359622076753e-13,0.06570558025198037,0.0,0.006006260347205043,2.2478192517802143e-06,3.341293761068325e-07,5.6226703244665944e-05,1.9880921898421415e-05,5.812705821330601e-08,3.29942851151755e-08,1.4418217065202906e-05,1.1004709429015089e-05,5.2902932421207223e-05,9.833524929368714e-07,3.434455633380734e-06,7.874434707263932e-32,2.291922853125644e-16
6.456699995303053e-08,0.05595639656,0.054,0.0,0.0,0.023543788899664082,0.8767851864950064,0.00034606029225916227,6.476859014258847e-05,9.201519813133015e-13,0.06570483629377637,0.0,0.006019395322218465,2.2476937341650334e-06,3.332124650887411e-07,5.618968366940516e-05,1.9848745139912514e-05,5.812373332026573e-08,3.3007168999546894e-08,1.4418876692853636e-05,1.102928223482009e-05,5.3050981452258536e-05,9.835499787307682e-07,3.4370810687619595e-06,7.97493063451571e-32,2.301958271904598e-16
6.475001847288377e-08,0.05595639656,0.054,0.0,0.0,0.02353053958432868,0.8767779468456379,0.00034724824495868537,6.508582221647193e-05,9.25984209155079e-13,0.06570409243020024,0.0,0.006032514228805257,2.2475648378130594e-06,3.3230001545683693e-07,5.615265930467398e-05,1.9816651658883046e-05,5.8120320033847407e-08,3.301994909954007e-08,1.4419499667914778e-05,1.1053799695868032e-05,5.319889406922413e-05,9.83741482364133e-07,3.4396861209148192e-06,8.076346521430773e-32,2.3120032963769466e-16
6.493303699273702e-08,0.05595639656,0.054,0.0,0.0,0.02351730653986162,0.8767707153991982,0.00034843601917691763,6.540310809489447e-05,9.318326306123871e-13,0.06570334866303949,0.0,0.006045617099286401,2.2474325889232616e-06,3.3139199479806993e-07,5.611563067894353e-05,1.978464124730005e-05,5.8116819077714435e-08,3.303262609484732e-08,1.4420086411750469e-05,1.1078262007936173e-05,5.3346670755474744e-05,9.839270738180996e-07,3.442271000519486e-06,8.178687445058934e-32,2.322057871013821e-16
6.511605551259026e-08,0.05595639656,0.054,0.0,0.0,0.02350408973210917,0.8767634921409154,0.0003496236115615875,6.572044590253353e-05,9.376972306178148e-13,0.06570260499407085,0.0,0.006058703965886039,2.2472970134801683e-06,3.304883710158904e-07,5.60785983130704e-05,1.9752713694916733e-05,5.811323116842084e-08,3.3045200659155044e-08,1.4420637338982448e-05,1.1102669364879732e-05,5.3494311987146634e-05,9.84106821992601e-07,3.4448359150144186e-06,8.281958491555494e-32,2.3321219405254033e-16
6.52990740324435e-08,0.05595639656,0.054,0.0,0.0,0.023490889127046086,0.8767562770560566,0.0003508110187888589,6.603783378637803e-05,9.435779941563577e-13,0.06570186142506039,0.0,0.006071774860732261,2.247158137255642e-06,3.295891123263439e-07,5.604156272042367e-05,1.9720868789387373e-05,5.8109557015514934e-08,3.3057673460226507e-08,1.4421152857978562e-05,1.1127021958535048e-05,5.364181823303801e-05,9.842807947265925e-07,3.4473810686550755e-06,8.386164756150444e-32,2.3421954498596495e-16
6.548209255229675e-08,0.05595639656,0.054,0.0,0.0,0.023477704690774842,0.8767490701299271,0.00035199823756306537,6.635526991538339e-05,9.49474906264631e-13,0.06570111795776341,0.0,0.006084829815857048,2.2470159858105907e-06,3.286941872543273e-07,5.600452440700933e-05,1.9689106316378082e-05,5.810579732162575e-08,3.3070045159971214e-08,1.4421633370536121e-05,1.1151319978907942e-05,5.3789189955026477e-05,9.844490588165282e-07,3.4499066625702353e-06,8.491311343117468e-32,2.3522783442013095e-16
6.566511107215e-08,0.05595639656,0.054,0.0,0.0,0.023464536389524285,0.8767418713478698,0.0003531852646164497,6.667275248013235e-05,9.55387952030094e-13,0.0657003745939246,0.0,0.006097868863197223,2.2468705844966845e-06,3.27803564629771e-07,5.596748387159207e-05,1.9657426059673814e-05,5.810195278256683e-08,3.308231641452802e-08,1.4422079272546393e-05,1.117556361401498e-05,5.3936427607840046e-05,9.84611680036229e-07,3.452412894819058e-06,8.597403365743219e-32,2.362370568970581e-16
6.584812959200324e-08,0.05595639656,0.054,0.0,0.0,0.023451384189649028,0.8767346806952669,0.0003543720967089053,6.699027969250198e-05,9.613171165902956e-13,0.06569963133527781,0.0,0.006110892034594153,2.2467219584580744e-06,3.2691721358404057e-07,5.593044160581471e-05,1.9625827801281555e-05,5.809802408741437e-08,3.309448787432802e-08,1.4422490953427167e-05,1.1199753050153369e-05,5.408353163963589e-05,9.847687231541871e-07,3.45489996044492e-06,8.704445946296283e-32,2.3724720698222377e-16
6.603114811185648e-08,0.05595639656,0.054,0.0,0.0,0.023438248057627887,0.8767274981575374,0.0003555587306277222,6.730784978533692e-05,9.67262385132121e-13,0.06569888818354643,0.0,0.006123899361795028,2.2465701326331324e-06,3.260351035461713e-07,5.5893398094315123e-05,1.9594311321529797e-05,5.809401191861422e-08,3.3106560184179935e-08,1.4422868797118762e-05,1.1223888471628485e-05,5.423050249154121e-05,9.849202519534236e-07,3.4573680515312777e-06,8.812444215996595e-32,2.382582792644175e-16
6.621416663170973e-08,0.05595639656,0.054,0.0,0.0,0.023425127960063675,0.8767203237201383,0.0003567451631873349,6.762546101212846e-05,9.732237428910694e-13,0.06569814514044307,0.0,0.006136890876452093,2.2464151317561443e-06,3.251572042394469e-07,5.585635381484085e-05,1.9562876399164584e-05,5.808991695204745e-08,3.311853398332314e-08,1.4423213181047041e-05,1.1247970061177955e-05,5.437734059854153e-05,9.85066329247195e-07,3.4598173572525535e-06,8.921403314984237e-32,2.392702683556715e-16
6.639718515156297e-08,0.05595639656,0.054,0.0,0.0,0.023412023863681183,0.8767131573685646,0.00035793139122907434,6.794311164669929e-05,9.792011751505234e-13,0.06569740220766987,0.0,0.006149866610124573,2.246256980359028e-06,3.242834856776351e-07,5.5819309238361286e-05,1.953152281144202e-05,5.8085739857147164e-08,3.313040990552102e-08,1.4423524477763295e-05,1.1271997999482506e-05,5.452404638857944e-05,9.852070168994958e-07,3.462248063929545e-06,9.03132839228917e-32,2.4028316889109374e-16
6.658020367141622e-08,0.05595639656,0.054,0.0,0.0,0.023398935735327635,0.8767059990883485,0.0003591174116209233,6.826079998289402e-05,9.851946672410602e-13,0.06569665938691818,0.0,0.006162826594276972,2.246095702772994e-06,3.234139181618148e-07,5.578226482917769e-05,1.9500250334217578e-05,5.8081481296942435e-08,3.314218857909651e-08,1.4423803052987427e-05,1.1295972465892172e-05,5.467062028405941e-05,9.853423758382426e-07,3.464660355076361e-06,9.1422246057997e-32,2.4129697552883115e-16
6.676322219126946e-08,0.05595639656,0.054,0.0,0.0,0.023385863541969826,0.8766988488650596,0.00036030322125727305,6.857852433427575e-05,9.912042045397349e-13,0.06569591667986897,0.0,0.006175770860282313,2.245931323130297e-06,3.2254847227649787e-07,5.574522104503091e-05,1.94690587420321e-05,5.807714192819844e-08,3.315387062704434e-08,1.4424049268549472e-05,1.1319893637505433e-05,5.4817062700055624e-05,9.85472466077838e-07,3.467054411457022e-06,9.254097122232759e-32,2.4231168294985733e-16
6.69462407111227e-08,0.05595639656,0.054,0.0,0.0,0.02337280725069588,0.8766917066843043,0.00036148881705868523,6.889628303382714e-05,9.97229772469435e-13,0.0656951740881926,0.0,0.006188699439418538,2.245763865365838e-06,3.2168711888686763e-07,5.5708178337207085e-05,1.9437947808194854e-05,5.8072722401419254e-08,3.31654566670334e-08,1.44242634785428e-05,1.1343761690513639e-05,5.4963374047096636e-05,9.8559734672778e-07,3.4694304111261042e-06,9.366951117101663e-32,2.43327285858006e-16
6.712925923097595e-08,0.05595639656,0.054,0.0,0.0,0.023359766828710552,0.8766845725317268,0.00036267419597165503,6.921407443365801e-05,1.0032713564981663e-12,0.06569443161354888,0.0,0.00620161236287451,2.245593353218949e-06,3.20829829134532e-07,5.5671137150641006e-05,1.940691730486342e-05,5.8068223361040874e-08,3.317694731156196e-08,1.4424446035014744e-05,1.1367576798378848e-05,5.5109554727491126e-05,9.857170760204339e-07,3.4717885294902226e-06,9.480791774687612e-32,2.4434377897966004e-16
6.73122777508292e-08,0.05595639656,0.054,0.0,0.0,0.023346742243339758,0.8766774463930078,0.0003638593549683779,6.953189690471728e-05,1.0093289421384649e-12,0.06569368925758724,0.0,0.00621450966174231,2.245419810234895e-06,3.199765744355544e-07,5.5634097924017646e-05,1.9375967003120874e-05,5.806364544534805e-08,3.318834316789001e-08,1.4424597280048065e-05,1.1391339134501792e-05,5.5255605140890006e-05,9.85831711310321e-07,3.4741289393368645e-06,9.595624288005699e-32,2.4536115706393046e-16
6.747699441869711e-08,0.05595639656,0.054,0.0,0.0,0.023335033629897303,0.8766710397082045,0.0003649258075550852,6.981796236311778e-05,1.0147944386540677e-12,0.06569302124004966,0.0,0.006226103897329327,2.2452610494886694e-06,3.192120717696523e-07,5.560076465342294e-05,1.9348180113904136e-05,5.8059458405668375e-08,3.319851889255542e-08,1.442470691301733e-05,1.1412680257452537e-05,5.538693945694028e-05,9.859305744227547e-07,3.476220308162399e-06,9.699825885688128e-32,2.462775496608506e-16
6.764171108656504e-08,0.05595639656,0.054,0.0,0.0,0.023323337794082733,0.8766646394926704,0.0003659920774062053,7.010405052309617e-05,1.0202728742756948e-12,0.06569235332115979,0.0,0.006237685524652885,2.2450998695749886e-06,3.184507941032577e-07,5.55674336319346e-05,1.9320457833498148e-05,5.80552084461947e-08,3.3208618762166235e-08,1.4424791704181434e-05,1.14339788969735e-05,5.5518168855381676e-05,9.860253977900133e-07,3.4782975933608194e-06,9.804838897861644e-32,2.4719465104593207e-16
6.778995608764616e-08,0.05595639656,0.054,0.0,0.0,0.02331282244723156,0.8766588848213499,0.0003669515622520198,7.036154832658131e-05,1.025214520615538e-12,0.06569175227947867,0.0,0.006248098227758638,2.244952753126013e-06,3.1776838481118925e-07,5.553743788956788e-05,1.9295562882144318e-05,5.80513300607812e-08,3.3217644146058e-08,1.4424846975772708e-05,1.145311145047798e-05,5.563618583928127e-05,9.861073179739966e-07,3.480155208369183e-06,9.900047511877756e-32,2.480206451806537e-16
6.79382010887273e-08,0.05595639656,0.054,0.0,0.0,0.023302317414021428,0.8766531353742057,0.00036791089577687774,7.061906275712913e-05,1.0301666315344273e-12,0.06569115131951468,0.0,0.0062585007527256745,2.2448037028738565e-06,3.170885566710298e-07,5.5507444439144045e-05,1.9270720003746664e-05,5.8047401405073975e-08,3.3226608750406365e-08,1.4424882494821232e-05,1.1472209779831132e-05,5.5754118265265726e-05,9.861860272807942e-07,3.482001600374788e-06,9.99591922942667e-32,2.4884720762384924e-16
6.808644608980842e-08,0.05595639656,0.054,0.0,0.0,0.02329182267736471,0.876647391143716,0.0003688700764318478,7.087659299237647e-05,1.0351291994357142e-12,0.06569055044211942,0.0,0.006268893115859929,2.244652730876873e-06,3.16411295127463e-07,5.54774534994425e-05,1.9245929074540662e-05,5.8043422804269914e-08,3.323551288597229e-08,1.4424898431862883e-05,1.149127397338631e-05,5.587196633174341e-05,9.862615542137046e-07,3.483836855255293e-06,1.0092456831050808e-31,2.496743356383932e-16
6.823469109088955e-08,0.05595639656,0.054,0.0,0.0,0.023281338220221708,0.8766416521223739,0.00036982910267853805,7.113413821743607e-05,1.040102216740477e-12,0.06568994964814005,0.0,0.006279275333429678,2.244499849113757e-06,3.1573658573553773e-07,5.5447465286774224e-05,1.9221189970459147e-05,5.803939458111794e-08,3.324435686142252e-08,1.4424894956511258e-05,1.1510304118613362e-05,5.5989730233988195e-05,9.863339269364216e-07,3.4856610578668023e-06,1.018966310097737e-31,2.505020264966013e-16
6.838293609197068e-08,0.05595639656,0.054,0.0,0.0,0.02327086402560159,0.8766359183026879,0.00037078797298902065,7.139169762480731e-05,1.0450856758873272e-12,0.0656893489384193,0.0,0.006289647421665123,2.244345069484129e-06,3.150644141598475e-07,5.541748001501307e-05,1.919650256715368e-05,5.803531705604984e-08,3.325314098341001e-08,1.4424872236956027e-05,1.1529300301421968e-05,5.610741016540148e-05,9.864031732757354e-07,3.4874742920560155e-06,1.028754082711562e-31,2.51330277480097e-16
6.853118109305181e-08,0.05595639656,0.054,0.0,0.0,0.023260400076562448,0.876630189677183,0.0003717466858457571,7.164927041428822e-05,1.0500795693321652e-12,0.06568874831379547,0.0,0.0063000093967560825,2.24418840380912e-06,3.143947661732353e-07,5.5387497895626316e-05,1.9171866740014968e-05,5.803119054707064e-08,3.326186555653499e-08,1.4424830437510293e-05,1.154826260829554e-05,5.622500631786271e-05,9.864693207338317e-07,3.489276640688172e-06,1.0386092801047792e-31,2.5215908588002567e-16
6.867942609413294e-08,0.05595639656,0.054,0.0,0.0,0.023249946356208702,0.8766244662383984,0.00037270523974152414,7.190685579288893e-05,1.0550838895479906e-12,0.06568814777510248,0.0,0.006310361274855064,2.2440298638317707e-06,3.137276276558627e-07,5.535751913770492e-05,1.914728236419302e-05,5.8027015369703295e-08,3.3270530883308e-08,1.4424769721600552e-05,1.1567191125614839e-05,5.6342518879489685e-05,9.8653239649208e-07,3.4910681856611846e-06,1.0485321818002154e-31,2.529884489969662e-16
6.882767109521407e-08,0.05595639656,0.054,0.0,0.0,0.023239502847693543,0.8766187479788897,0.0003736636331793409,7.216445297474633e-05,1.0600986290247508e-12,0.06568754732316988,0.0,0.006320703072077464,2.243869461217686e-06,3.130629845944535e-07,5.532754394799329e-05,1.9122749314616415e-05,5.802279183729772e-08,3.327913726428996e-08,1.4424690251911551e-05,1.1586085936944476e-05,5.645994803732501e-05,9.865924274047811e-07,3.4928490079072145e-06,1.0585230676854176e-31,2.5381836414054645e-16
6.89759160962952e-08,0.05595639656,0.054,0.0,0.0,0.0232290695342189,0.8766130348912277,0.0003746218646723959,7.242206118104019e-05,1.0651237802691092e-12,0.06568694695882275,0.0,0.006331034804498286,2.2437072075556454e-06,3.1240082308076553e-07,5.5297572530918416e-05,1.9098267466011154e-05,5.8018520260988484e-08,3.3287684998137436e-08,1.4424592186971895e-05,1.1604947126129062e-05,5.657729397768317e-05,9.866494400159854e-07,3.494619187414753e-06,1.0685822180135003e-31,2.5464882862975045e-16
6.912416109737633e-08,0.05595639656,0.054,0.0,0.0,0.023218646399030218,0.8766073269679974,0.0003755799327439757,7.267967963990914e-05,1.070159335804263e-12,0.06568634668288194,0.0,0.006341356488155328,2.243543114357992e-06,3.117411293108969e-07,5.526760508861864e-05,1.90738366929188e-05,5.801420094926439e-08,3.329617438140255e-08,1.4424475684242397e-05,1.1623774779247946e-05,5.669455688117487e-05,9.867034605676415e-07,3.496378803240311e-06,1.0787099133982813e-31,2.5547983979317466e-16
6.927240609845746e-08,0.05595639656,0.054,0.0,0.0,0.02320823342542144,0.8766016242018004,0.00037653783592739293,7.293730758636933e-05,1.0752052881697973e-12,0.06568574649616386,0.0,0.006351668139050311,2.243377193061322e-06,3.1108388958472715e-07,5.523764182097217e-05,1.9049456869714227e-05,5.800983420844681e-08,3.33046057086423e-08,1.4424340901206211e-05,1.1642568978334028e-05,5.6811736928013114e-05,9.867545149820697e-07,3.4981279335199453e-06,1.088906434813213e-31,2.5631139496822968e-16
6.942065109953859e-08,0.05595639656,0.054,0.0,0.0,0.023197830596737065,0.876595926585253,0.00037749557276590956,7.31949442622263e-05,1.0802616299214334e-12,0.06568514639948059,0.0,0.006361969773144428,2.243209455027021e-06,3.104290903038593e-07,5.520768292562731e-05,1.9025127870624284e-05,5.8005420343172246e-08,3.331297927277801e-08,1.4424187990755274e-05,1.1661329803643343e-05,5.692883430037682e-05,9.868026288851213e-07,3.499866655492295e-06,1.0991720635977563e-31,2.57143491501284e-16
6.956889610061972e-08,0.05595639656,0.054,0.0,0.0,0.023187437896361886,0.8765902341109862,0.00037845314181267765,7.345258891600716e-05,1.0853283536309087e-12,0.06568454639363991,0.0,0.006372261406362684,2.243039911541698e-06,3.0977671797167984e-07,5.5177728598025984e-05,1.9000849569741794e-05,5.8000959655121435e-08,3.3321295364563526e-08,1.4424017105457868e-05,1.1680057339440975e-05,5.704584917243067e-05,9.86847827614012e-07,3.5015950454971234e-06,1.1095070814462011e-31,2.579761267484544e-16
6.971714110170085e-08,0.05595639656,0.054,0.0,0.0,0.023177055307728133,0.8765845467716471,0.0003794105416306727,7.371024080288564e-05,1.0904054518858169e-12,0.06568394647944527,0.0,0.006382543054592512,2.242868573817713e-06,3.0912675919230677e-07,5.514777903142954e-05,1.897662184104099e-05,5.799645244383286e-08,3.332955427280453e-08,1.4423828396134943e-05,1.1698751668150027e-05,5.7162781717688084e-05,9.8689013620583e-07,3.5033131789900703e-06,1.119911770410476e-31,2.5880929807480265e-16
6.986538610278198e-08,0.05595639656,0.054,0.0,0.0,0.023166682814317358,0.8765788645598968,0.0003803677707926187,7.39678991845979e-05,1.0954929172893772e-12,0.06568334665769586,0.0,0.006392814733683832,2.242695452993818e-06,3.0847920066875716e-07,5.5117834416947885e-05,1.8952444558394712e-05,5.799189900728251e-08,3.3337756284672916e-08,1.4423622011750697e-05,1.1717412868240066e-05,5.7279632111258266e-05,9.869295794095015e-07,3.5050211305711244e-06,1.1303864129041656e-31,2.596430028540106e-16
7.00136311038631e-08,0.05595639656,0.054,0.0,0.0,0.02315632039965397,0.8765731874684121,0.00038132482788091806,7.422556332936313e-05,1.100590742460297e-12,0.06568274692918655,0.0,0.006403076459448923,2.24252056013565e-06,3.0783402920301154e-07,5.508789494356669e-05,1.8928317595590075e-05,5.798729964083371e-08,3.334590168537751e-08,1.4423398099231585e-05,1.1736041020698181e-05,5.739640052365042e-05,9.869661816928804e-07,3.5067189739805807e-06,1.1409312916945926e-31,2.6047723846918785e-16
7.016187610494424e-08,0.05595639656,0.054,0.0,0.0,0.023145968047306373,0.8765675154898845,0.000382281711487584,7.44832325118092e-05,1.1056989200325821e-12,0.06568214729470798,0.0,0.006413328247663383,2.2423439062363496e-06,3.0719123169485395e-07,5.505796079817319e-05,1.8904240826343118e-05,5.7982654637490495e-08,3.335399075815535e-08,1.4423156804304063e-05,1.1754636206834878e-05,5.7513087122178635e-05,9.86999967245074e-07,3.508406782119397e-06,1.1515466899023506e-31,2.613120023125588e-16
7.031012110602537e-08,0.05595639656,0.054,0.0,0.0,0.02313562574089114,0.8765618486170207,0.00038323842021417524,7.474090601290002e-05,1.1108174426553836e-12,0.06568154775504648,0.0,0.006423570114065562,2.2421655022169005e-06,3.065507951405953e-07,5.502803216558103e-05,1.888021412431267e-05,5.797796428866139e-08,3.33620237845611e-08,1.4422898270861916e-05,1.1773198504506639e-05,5.762969207544302e-05,9.870309599755835e-07,3.5100846270605526e-06,1.16223289100541e-31,2.621472917849326e-16
7.04583661071065e-08,0.05595639656,0.054,0.0,0.0,0.023125293464068667,0.8765561868425422,0.00038419495267173916,7.499858311987337e-05,1.1159463029928594e-12,0.06568094831098419,0.0,0.006433802074356713,2.241985358926646e-06,3.0591270663245905e-07,5.499810922855162e-05,1.8856237363111988e-05,5.797322888349151e-08,3.33700010443671e-08,1.442262264102979e-05,1.1791727992264418e-05,5.774621554916236e-05,9.870591835236126e-07,3.511752580056563e-06,1.1729901788340162e-31,2.6298310429619917e-16
7.060661110818762e-08,0.05595639656,0.054,0.0,0.0,0.02311497120054243,0.8765505301591848,0.0003851513074807239,7.525626312614354e-05,1.121085493723956e-12,0.06568034896329901,0.0,0.006444024144201526,2.241803487144087e-06,3.052769533577459e-07,5.496819216782752e-05,1.883231041632694e-05,5.796844870878502e-08,3.3377922815414065e-08,1.442233005555411e-05,1.18102247493631e-05,5.7862657705852463e-05,9.870846612624538e-07,3.513410711557148e-06,1.183818837568938e-31,2.6381943726530946e-16
7.075485610926875e-08,0.05595639656,0.054,0.0,0.0,0.023104658934061648,0.8765448785597003,0.0003861074832709241,7.551394533124409e-05,1.1262350075422736e-12,0.06567974971276465,0.0,0.006454236339227934,2.24161989757717e-06,3.046435225978294e-07,5.493828116215217e-05,1.8808433157526357e-05,5.796362404955309e-08,3.338578937384159e-08,1.4422020653550617e-05,1.1828688853233367e-05,5.7979018707656174e-05,9.871074163001464e-07,3.515059091219958e-06,1.1947191517433322e-31,2.6465628811990364e-16
7.090310111034988e-08,0.05595639656,0.054,0.0,0.0,0.023094356648419977,0.876539232036854,0.00038706347868142793,7.577162904076902e-05,1.1313948371559456e-12,0.06567915056015056,0.0,0.006464438675027179,2.2414346008637055e-06,3.0401240172729204e-07,5.490837638828983e-05,1.8784605460272408e-05,5.795875518881872e-08,3.339360099407434e-08,1.44216945724883e-05,1.1847120380598698e-05,5.809529871529095e-05,9.871274714838208e-07,3.516697787918938e-06,1.205691406240236e-31,2.6549365429641618e-16
7.105134611143101e-08,0.05595639656,0.054,0.0,0.0,0.023084064327453763,0.8765335905834266,0.0003880192923605477,7.602931356629844e-05,1.1365649752874705e-12,0.0656785515062221,0.0,0.00647463116715408,2.241247607572e-06,3.03383578213212e-07,5.487847802105116e-05,1.8760827198133758e-05,5.7953842407344656e-08,3.340135794870663e-08,1.4421351948354295e-05,1.1865519408843693e-05,5.8211497886578376e-05,9.871448494047953e-07,3.518326869754651e-06,1.2167358862906766e-31,2.663315332402284e-16
7.119959111251214e-08,0.05595639656,0.054,0.0,0.0,0.0230737819550435,0.8765279541922134,0.0003889749229657537,7.62869982253277e-05,1.141745414673552e-12,0.06567795255174037,0.0,0.0064848138311271765,2.2410589282014377e-06,3.0275703961413134e-07,5.484858623331743e-05,1.873709824469787e-05,5.794888598401706e-08,3.340906050861314e-08,1.4420992915702445e-05,1.1883886014312585e-05,5.8327616378152734e-05,9.871595724013163e-07,3.519946404068223e-06,1.227852877474344e-31,2.6716992240541245e-16
7.134783611359327e-08,0.05595639656,0.054,0.0,0.0,0.02306350951511379,0.8765223228560239,0.0003899303691636099,7.65446823411989e-05,1.1469361480649474e-12,0.06567735369746243,0.0,0.0064949866824286755,2.2408685731829378e-06,3.021327735791961e-07,5.481870119606395e-05,1.8713418473582675e-05,5.794388619587202e-08,3.3416708943013043e-08,1.4420617607503919e-05,1.1902220272271008e-05,5.844365434570529e-05,9.871716625619079e-07,3.5215564574526474e-06,1.2390426657180285e-31,2.680088192546858e-16
7.155130609014937e-08,0.05595639656,0.054,0.0,0.0,0.023049426476530424,0.8765146019234082,0.000391241440327827,7.689835813220806e-05,1.1540773068401279e-12,0.0656765319194951,0.0,0.006508933227122637,2.2406045968611216e-06,3.0127963051810887e-07,5.477769453415534e-05,1.8680997240891404e-05,5.793695375872802e-08,3.342711897424978e-08,1.4420076228660712e-05,1.1927331971387289e-05,5.8602788535175956e-05,9.871840098331714e-07,3.5237509798469137e-06,1.254519980705743e-31,2.6916104816123354e-16
7.175477606670548e-08,0.05595639656,0.054,0.0,0.0,0.02303536207748128,0.8765068904815488,0.00039255215821023295,7.725202991982042e-05,1.1612378254260353e-12,0.06567571033364585,0.0,0.006522861355380469,2.24033751001185e-06,3.0043071405651017e-07,5.473670133877108e-05,1.864866809459429e-05,5.7929940852244024e-08,3.343742823251873e-08,1.4419504772812872e-05,1.1952383069919222e-05,5.8761771711269806e-05,9.871914941582013e-07,3.5259279338409157e-06,1.270135713189411e-31,2.703142221826802e-16
7.195824604326158e-08,0.05595639656,0.054,0.0,0.0,0.02302131627679639,0.8764991885119893,0.00039386251944549365,7.760569600691813e-05,1.1684176852053804e-12,0.06567488894183404,0.0,0.006536771106902039,2.2400673389853503e-06,2.9958599307686503e-07,5.469572203490868e-05,1.8616430708420073e-05,5.7922848174915314e-08,3.344763739840835e-08,1.4418903570702158e-05,1.1977373758411103e-05,5.8920604261608806e-05,9.87194170431286e-07,3.5280874849486605e-06,1.2858906056301585e-31,2.7146833483824107e-16
7.216171601981768e-08,0.05595639656,0.054,0.0,0.0,0.02300728903345551,0.8764914959963233,0.0003951725206995112,7.795935471604684e-05,1.1756168676083676e-12,0.06567406774596472,0.0,0.006550662521260442,2.2397941098971737e-06,2.987454367695949e-07,5.465475704117099e-05,1.8584284756379707e-05,5.791567641832411e-08,3.345774714666699e-08,1.4418272948059487e-05,1.2002304226561946e-05,5.907928656777143e-05,9.871920927209455e-07,3.5302297962013763e-06,1.3017854017002943e-31,2.7262337967761504e-16
7.236518599637379e-08,0.05595639656,0.054,0.0,0.0,0.022993280306585283,0.876483812916196,0.0003964821586691776,7.831300438916046e-05,1.1828353541121226e-12,0.06567324674792838,0.0,0.00656453563790241,2.2395178486306904e-06,2.9790901463083866e-07,5.461380676985598e-05,1.8552229912806175e-05,5.7908426266694466e-08,3.346775814606519e-08,1.4417613225611826e-05,1.2027174665215055e-05,5.923781900349912e-05,9.87185314285009e-07,3.5323550281903365e-06,1.317820846279431e-31,2.7377935028118287e-16
7.256865597292989e-08,0.05595639656,0.054,0.0,0.0,0.022979290055462346,0.8764761392533043,0.000397791430082026,7.866664338726574e-05,1.1900731262399159e-12,0.06567242594960132,0.0,0.006578390496149382,2.2392385808390694e-06,2.9707669645721657e-07,5.4572871627074796e-05,1.8520265852406674e-05,5.790109839824209e-08,3.34776710597191e-08,1.4416924719616203e-05,1.205198526163496e-05,5.9396201939174304e-05,9.871738875875337e-07,3.5344633391260215e-06,1.3339976854546047e-31,2.749362402591871e-16
7.277212594948599e-08,0.05595639656,0.054,0.0,0.0,0.022965318239514133,0.8764684749893937,0.000399100331695999,7.902027009018562e-05,1.1973301655606254e-12,0.06567160535284555,0.0,0.006592227135197995,2.2389563319473565e-06,2.962484523403398e-07,5.4531952012835335e-05,1.8488392250297333e-05,5.7893693485745536e-08,3.348748654541897e-08,1.441620774197871e-05,1.2076736197874943e-05,5.955443574351732e-05,9.871578643125148e-07,3.53655488487963e-06,1.3503166665123227e-31,2.760940432511999e-16
7.29755959260421e-08,0.05595639656,0.054,0.0,0.0,0.022951364818309707,0.8764608201062618,0.000400408860299182,7.937388289628973e-05,1.2046064536881863e-12,0.06567078495950894,0.0,0.006606045594119465,2.2386711271552025e-06,2.954242526654364e-07,5.449104832113148e-05,1.8456608782040544e-05,5.788621219409614e-08,3.3497205255181184e-08,1.441546259921597e-05,1.2101427660078577e-05,5.9712520775557017e-05,9.871372953794347e-07,3.538629819017599e-06,1.3667785379237855e-31,2.772527529272746e-16
7.31790659025982e-08,0.05595639656,0.054,0.0,0.0,0.022937429751562464,0.8764531745857559,0.0004017170127093557,7.972748022205206e-05,1.2119019722806165e-12,0.06566996477142525,0.0,0.006619845911861523,2.2383829914392847e-06,2.9460406810994847e-07,5.445016094009283e-05,1.842491512370566e-05,5.7878655181673464e-08,3.350682783522961e-08,1.441468959366529e-05,1.2126059833249558e-05,5.9870457389000326e-05,9.87112230963823e-07,3.5406882928788506e-06,1.383384049355021e-31,2.7841236298739484e-16
7.33825358791543e-08,0.05595639656,0.054,0.0,0.0,0.022923512999136232,0.8764455384097735,0.0004030247857739959,8.008106050204712e-05,1.219216703039985e-12,0.06566914479041426,0.0,0.006633628127249415,2.2380919495551985e-06,2.937878696344579e-07,5.440929025198795e-05,1.839331095186833e-05,5.787102310265822e-08,3.3516354926702683e-08,1.4413889024472526e-05,1.215063289405303e-05,6.002824593843816e-05,9.870827205001533e-07,3.5427304555771103e-06,1.4001339516633282e-31,2.7957286715995687e-16
7.35860058557104e-08,0.05595639656,0.054,0.0,0.0,0.02290961452103383,0.8764379115602615,0.000404332176369908,8.043462218858823e-05,1.226550627711658e-12,0.06566832501828176,0.0,0.006647392278983598,2.23779802603941e-06,2.92975628482201e-07,5.436843663334781e-05,1.83617959436586e-05,5.786331660336791e-08,3.352578716541765e-08,1.441306118470107e-05,1.2175147024080957e-05,6.0185886769273857e-05,9.87048812700954e-07,3.544756454053063e-06,1.4170289968690229e-31,2.8073425920334924e-16
7.37691288346109e-08,0.05595639656,0.054,0.0,0.0,0.022897121482343574,0.8764310553549522,0.00040550849833744326,8.075281054387617e-05,1.2331675556579116e-12,0.065667587403435,0.0,0.0066597646030082235,2.2375310511853074e-06,2.922479714156352e-07,5.4331683277652325e-05,1.8333508404807723e-05,5.785631765333069e-08,3.353419560196367e-08,1.441229305172823e-05,1.2197159505687303e-05,6.032763749776413e-05,9.870145756547381e-07,3.546566152021437e-06,1.4323592572270746e-31,2.8178026603721894e-16
7.395225181351139e-08,0.05595639656,0.054,0.0,0.0,0.022884643184616266,0.876424206676411,0.0004066845057627253,8.107098149490612e-05,1.239800002673074e-12,0.06566684996052836,0.0,0.006672122354764102,2.2372617794926607e-06,2.9152347614253565e-07,5.429494431531748e-05,1.830529259295762e-05,5.7849259404915277e-08,3.354252817419316e-08,1.441150327296323e-05,1.2219124526549858e-05,6.046926909755573e-05,9.869768501843473e-07,3.5483629784643498e-06,1.4478082433055737e-31,2.82826982505116e-16
7.413537479241188e-08,0.05595639656,0.054,0.0,0.0,0.0228721795989882,0.8764173655115794,0.0004078601964286752,8.138913394910207e-05,1.2464479555369415e-12,0.06566611269084967,0.0,0.00668446556221073,2.2369902284028405e-06,2.908021222727609e-07,5.425822000930539e-05,1.8277148274032136e-05,5.7842142316757574e-08,3.355078533455662e-08,1.4410692053519605e-05,1.2241042215826438e-05,6.0610781811633516e-05,9.869356703600604e-07,3.5501470361806396e-06,1.4633765057604245e-31,2.838744041172974e-16
7.430018547342232e-08,0.05595639656,0.054,0.0,0.0,0.022860974926985737,0.8764112148766874,0.0004089180453813814,8.167545444895697e-05,1.2524443597103947e-12,0.06566544929730588,0.0,0.006695562036573507,2.236743897841391e-06,2.901555729802801e-07,5.4225180879521915e-05,1.8251879320338174e-05,5.7835687005614014e-08,3.355815267287978e-08,1.4409943792349508e-05,1.2260727773287087e-05,6.073804180531548e-05,9.86895682849332e-07,3.551741854757805e-06,1.4774903790031684e-31,2.848176827709866e-16
7.446499615443276e-08,0.05595639656,0.054,0.0,0.0,0.02284978212756624,0.8764050703078757,0.00040997563438808593,8.196175830922742e-05,1.2584533033352038e-12,0.06566478604603886,0.0,0.006706646772900522,2.2364957475049126e-06,2.8951153723578265e-07,5.4192154018212516e-05,1.8226667916656697e-05,5.782918473220647e-08,3.356545961639564e-08,1.44091784751289e-05,1.2280375187590034e-05,6.086520586976931e-05,9.868529487739059e-07,3.553326485953182e-06,1.4917017152593522e-31,2.8576152572340754e-16
7.46298068354432e-08,0.05595639656,0.054,0.0,0.0,0.02283860117987785,0.8763989317956925,0.0004110329618708264,8.224804475597818e-05,1.2644747768293512e-12,0.06566412293796897,0.0,0.006717719791409945,2.2362457898236233e-06,2.8887000053874e-07,5.4159139609805746e-05,1.820151389329623e-05,5.78226358229944e-08,3.357270648800152e-08,1.4408396246015024e-05,1.2299984550981926e-05,6.099227417660065e-05,9.868074920715282e-07,3.554901002009354e-06,1.506010917532925e-31,2.867059297405398e-16
7.479461751645365e-08,0.05595639656,0.054,0.0,0.0,0.022827432063127633,0.8763927993307062,0.0004120900262635408,8.253431302221716e-05,1.2705087706279751e-12,0.06566345997401074,0.0,0.006728781112269237,2.2359940371394027e-06,2.882309485013138e-07,5.412613783649455e-05,1.8176417080884946e-05,5.781604060221885e-08,3.35798936083145e-08,1.4407597248326044e-05,1.2319555954656205e-05,6.111924689540517e-05,9.867593364056357e-07,3.5564654743440564e-06,1.520418389323073e-31,2.8765089160050425e-16
7.495942819746409e-08,0.05595639656,0.054,0.0,0.0,0.0228162747565825,0.8763866729035064,0.0004131468260119901,8.282056234782313e-05,1.2765552751832099e-12,0.06566279715507295,0.0,0.006739830755594199,2.2357405017064957e-06,2.8759436684707896e-07,5.409314887826077e-05,1.8151377310377853e-05,5.780939939191569e-08,3.358702129594811e-08,1.4406781623445516e-05,1.2339089488701319e-05,6.124612419497203e-05,9.86708505168349e-07,3.5580199735624807e-06,1.5349245346216048e-31,2.885964080934948e-16
7.512423887847453e-08,0.05595639656,0.054,0.0,0.0,0.022805129239567425,0.8763805525047033,0.00041420335957367187,8.310679197946583e-05,1.2826142809640196e-12,0.06566213448205871,0.0,0.006750868741448843,2.2354851956921926e-06,2.869602414099257e-07,5.40601729129023e-05,1.8126394413065032e-05,5.780271251120871e-08,3.359408986743644e-08,1.4405949510528671e-05,1.2358585243871493e-05,6.137290624186753e-05,9.866550214847428e-07,3.559564569470881e-06,1.5495297579091133e-31,2.8954247602199944e-16
7.528904955948497e-08,0.05595639656,0.054,0.0,0.0,0.022793995491465165,0.8763744381249279,0.000415259625417731,8.339300117052377e-05,1.2886857784560269e-12,0.06566147195586534,0.0,0.006761895089847143,2.2352281311776223e-06,2.8632855813308863e-07,5.4027210116060926e-05,1.8101468220579904e-05,5.7795980277017954e-08,3.360109963700536e-08,1.4405101048113238e-05,1.2378043310005482e-05,6.149959320047209e-05,9.86598908217743e-07,3.561099331087778e-06,1.5642344641565497e-31,2.904890922005129e-16
7.545386024049541e-08,0.05595639656,0.054,0.0,0.0,0.02278287349171764,0.876368329754832,0.0004163156220248722,8.36791891810047e-05,1.2947697581613422e-12,0.06566080957738456,0.0,0.0067729098207520945,2.234969320158462e-06,2.856993030679789e-07,5.399426066124929e-05,1.807659856490701e-05,5.778920300433828e-08,3.360805091692928e-08,1.4404236373006871e-05,1.2397463775462871e-05,6.162618523471996e-05,9.865401879715324e-07,3.5626243266565826e-06,1.579039058822992e-31,2.9143625345538953e-16
7.561867092150585e-08,0.05595639656,0.054,0.0,0.0,0.022771763219823996,0.8763622273850877,0.0004173713478872783,8.396535527747035e-05,1.3008662105984084e-12,0.06566014734750239,0.0,0.006783912954075215,2.234708774545537e-06,2.850724623732309e-07,5.396132471987629e-05,1.8051785278389048e-05,5.778238100520858e-08,3.361494401756352e-08,1.4403355619643295e-05,1.2416846729460683e-05,6.175268250646046e-05,9.864788830955713e-07,3.56413962365938e-06,1.5939439478505182e-31,2.923839566251566e-16
7.578348160251629e-08,0.05595639656,0.054,0.0,0.0,0.02276066465533994,0.8763561310063882,0.00041842680150852845,8.425149873296357e-05,1.3069751263018488e-12,0.06565948526709932,0.0,0.0067949045096786015,2.234446506165538e-06,2.844480223136458e-07,5.392840246127182e-05,1.802702819373349e-05,5.7775514589411626e-08,3.362177924692681e-08,1.4402458921989808e-05,1.2436192260551625e-05,6.18790851751322e-05,9.86415015688686e-07,3.56564528882643e-06,1.608949537666584e-31,2.933321985602335e-16
7.594829228352673e-08,0.05595639656,0.054,0.0,0.0,0.022749577777879806,0.8763500406094464,0.0004194819814035159,8.453761882693519e-05,1.3130964958223168e-12,0.06565882333705014,0.0,0.006805884507374002,2.2341825267617847e-06,2.838259692589862e-07,5.389549405271156e-05,1.800232714401895e-05,5.776860406513031e-08,3.362855691108933e-08,1.440154641247957e-05,1.245550045540621e-05,6.200539340010842e-05,9.863486076022404e-07,3.5671413881464794e-06,1.624056235182591e-31,2.9428097612268046e-16
7.611310296453717e-08,0.05595639656,0.054,0.0,0.0,0.02273850256711433,0.8763439561849963,0.0004205368860983674,8.482371484517132e-05,1.3192303097263402e-12,0.06565816155822415,0.0,0.006816852966922038,2.2339168479948573e-06,2.832062896832584e-07,5.386259965944158e-05,1.7977681962701615e-05,5.776164973755076e-08,3.363527731440147e-08,1.4400618221063466e-05,1.2474771401700532e-05,6.213160733880629e-05,9.86279680444459e-07,3.568627986881131e-06,1.63926444778701e-31,2.9523028618660533e-16
7.627791364554761e-08,0.05595639656,0.054,0.0,0.0,0.022727439002769557,0.8763378777237921,0.00042159151413036146,8.510978607972128e-05,1.3253765585961758e-12,0.06565749993148512,0.0,0.006827809908034454,2.233649481443229e-06,2.825889701636631e-07,5.3829719444702796e-05,1.7953092483621295e-05,5.775465190944788e-08,3.3641940758863155e-08,1.439967447731239e-05,1.2494005186857238e-05,6.225772714590269e-05,9.862082555838367e-07,3.5701051495746224e-06,1.6545745833485508e-31,2.96180125637922e-16
7.644272432655805e-08,0.05595639656,0.054,0.0,0.0,0.02271638706462966,0.876331805216608,0.0004226458640478481,8.539583182882704e-05,1.3315352330296658e-12,0.06565683845769124,0.0,0.006838755350373288,2.2333804386039926e-06,2.8197399737918713e-07,5.379685356975486e-05,1.7928558541007145e-05,5.774761088240086e-08,3.3648547544462975e-08,1.4398715309455533e-05,1.2513201895939415e-05,6.238375297646173e-05,9.861343541521272e-07,3.5715729400625122e-06,1.669987050216119e-31,2.971304913739549e-16
7.660753500756849e-08,0.05595639656,0.054,0.0,0.0,0.02270534673253449,0.8763257386542391,0.00042369993441017,8.568185139685438e-05,1.3377063236400889e-12,0.06565617713769534,0.0,0.006849689313549861,2.2331097308935166e-06,2.813613581101345e-07,5.376400219389953e-05,1.7904079969483174e-05,5.7740526955000725e-08,3.365509796970496e-08,1.4397740843200939e-05,1.2532361615025153e-05,6.250968498378297e-05,9.860579970492812e-07,3.573031421485658e-06,1.68550225720963e-31,2.9808138030393366e-16
7.677234568857893e-08,0.05595639656,0.054,0.0,0.0,0.022694317986377825,0.8763196780274999,0.000424753723787584,8.596784409422461e-05,1.3438898210560284e-12,0.06565551597234463,0.0,0.006860611817127093,2.232837369648073e-06,2.80751039237248e-07,5.373116547450374e-05,1.7879656604073405e-05,5.7733400423122564e-08,3.366159233076777e-08,1.4396751203900522e-05,1.2551484430552415e-05,6.263552331794695e-05,9.859792049458069e-07,3.574480656300118e-06,1.7011206136237876e-31,2.990327893488431e-16
7.693715636958937e-08,0.05595639656,0.054,0.0,0.0,0.022683300806111174,0.8763136233272256,0.00042580723076118343,8.625380923734764e-05,1.3500857159212318e-12,0.06565485496248107,0.0,0.006871522880618818,2.2325633661245057e-06,2.801430277399467e-07,5.3698343567022454e-05,1.7855288280206958e-05,5.772623158192772e-08,3.366803092167242e-08,1.4395746515736343e-05,1.2570570426089781e-05,6.276126812991687e-05,9.858979982853219e-07,3.5759207062845386e-06,1.7168425292303058e-31,2.9998471544084115e-16
7.710196705059981e-08,0.05595639656,0.054,0.0,0.0,0.02267229517174116,0.876307574544271,0.00042686045392282016,8.65397461485554e-05,1.3562939988944723e-12,0.0656541941089411,0.0,0.00688242252348863,2.232287731500888e-06,2.795373106960528e-07,5.3665536625021e-05,1.7830974833722758e-05,5.7719020723702795e-08,3.367441403521481e-08,1.4394726900398353e-05,1.2589619686015093e-05,6.288691956922144e-05,9.858143972905602e-07,3.5773516325532304e-06,1.7326684142657918e-31,3.009371555238204e-16
7.726677773161025e-08,0.05595639656,0.054,0.0,0.0,0.022661301063326787,0.8763015316695112,0.0004279133918750295,8.68256541560367e-05,1.3625146606494232e-12,0.06565353341255586,0.0,0.0068933107651521375,2.232010476877148e-06,2.789338752812888e-07,5.363274480019742e-05,1.7806716100874164e-05,5.7711768137505555e-08,3.368074196196206e-08,1.4393692479187381e-05,1.2608632295919943e-05,6.301247778150011e-05,9.857284219647013e-07,3.578773495566478e-06,1.748598679435665e-31,3.018901065534196e-16
7.74315884126207e-08,0.05595639656,0.054,0.0,0.0,0.02265031846098437,0.8762954946938414,0.0004289660432309526,8.711153259377292e-05,1.368747691874523e-12,0.06565287287415111,0.0,0.0069041876249764655,2.2317316132757e-06,2.7833270876703435e-07,5.3599968242404154e-05,1.778251191833333e-05,5.770447411222364e-08,3.368701499007714e-08,1.4392643372393437e-05,1.2627608338044701e-05,6.313794291374696e-05,9.856400920931407e-07,3.58018635513749e-06,1.7646337359198715e-31,3.028435654962146e-16
7.759639909363113e-08,0.05595639656,0.054,0.0,0.0,0.022639347344885093,0.8762894636081761,0.00043001840661426196,8.739738080147467e-05,1.374993083272846e-12,0.06565221249454731,0.0,0.006915053122279026,2.2314511516420845e-06,2.777337985201319e-07,5.356720709966959e-05,1.775836212319528e-05,5.769713893417898e-08,3.3693233406758325e-08,1.4391579697895884e-05,1.2646547894917431e-05,6.32633151121073e-05,9.85549427250833e-07,3.5815902704437375e-06,1.780773995357181e-31,3.037975293303004e-16
7.776120977464158e-08,0.05595639656,0.054,0.0,0.0,0.022628387695250753,0.8762834384034499,0.00043107048065908727,8.768319812451939e-05,1.3812508255619839e-12,0.06565155227455961,0.0,0.0069259072763296035,2.2311691028455945e-06,2.771371320030083e-07,5.3534461518219176e-05,1.773426655298192e-05,5.768976288567846e-08,3.3699397497185596e-08,1.4390501573097466e-05,1.2665451051393116e-05,6.338859451795467e-05,9.854564468027803e-07,3.5829853000374184e-06,1.7970198698484015e-31,3.0475199504555687e-16
7.792602045565202e-08,0.05595639656,0.054,0.0,0.0,0.02261743949235996,0.8762774190706176,0.0004321222640099418,8.796898391388997e-05,1.3875209094739173e-12,0.0656508922149979,0.0,0.00693675010635011,2.230885477679886e-06,2.765426967708459e-07,5.3501731642496406e-05,1.771022504564574e-05,5.7682346249411695e-08,3.3705507543776884e-08,1.4389409114558244e-05,1.2684317888623371e-05,6.35137812743415e-05,9.853611699045897e-07,3.584371501852989e-06,1.8133717719672178e-31,3.0570695964257935e-16
7.809083113666246e-08,0.05595639656,0.054,0.0,0.0,0.02260650271654584,0.8762714056006531,0.0004331737553216397,8.825473752610818e-05,1.3938033257548777e-12,0.06565023231666686,0.0,0.006947581631513284,2.23060028686361e-06,2.75950480471432e-07,5.3469017615185256e-05,1.7686237439573777e-05,5.767488930575059e-08,3.3711563828356566e-08,1.4388302436506216e-05,1.2703148487583344e-05,6.36388755239988e-05,9.852636155119606e-07,3.5857489332172807e-06,1.8298301147385922e-31,3.066624201332912e-16
7.82556418176729e-08,0.05595639656,0.054,0.0,0.0,0.022595577348191835,0.8762653979845502,0.0004342249532592409,8.854045832318697e-05,1.4000980651652676e-12,0.06564957258036595,0.0,0.006958401870944781,2.230313541040985e-06,2.7536047084543175e-07,5.343631957722656e-05,1.766230357359025e-05,5.766739233143546e-08,3.371756663036507e-08,1.438718165282319e-05,1.2721942931080616e-05,6.376387740538364e-05,9.851638023779009e-07,3.5871176508582534e-06,1.8463953116495508e-31,3.0761837354115243e-16
7.842045249868334e-08,0.05595639656,0.054,0.0,0.0,0.02258466336773635,0.8762593962133219,0.00043527585649797345,8.882614567256869e-05,1.406405118479527e-12,0.06564891300688946,0.0,0.006969210843722186,2.230025250782379e-06,2.7477265572410344e-07,5.340363766783888e-05,1.7638423286959973e-05,5.765985560244379e-08,3.3723516227407855e-08,1.438604687590789e-05,1.2740701300037338e-05,6.388878705758327e-05,9.850617490569009e-07,3.5884777109114907e-06,1.8630677766456193e-31,3.0857481690052155e-16
7.858526317969378e-08,0.05595639656,0.054,0.0,0.0,0.022573760755670667,0.8762534002780012,0.00043632646372315786,8.91117989470628e-05,1.4127244764860102e-12,0.06564825359702649,0.0,0.006980008568875662,2.229735426584969e-06,2.7418702302877646e-07,5.3370972024539796e-05,1.761459641939163e-05,5.765227939271184e-08,3.372941289553492e-08,1.4384898217153516e-05,1.2759423674829175e-05,6.401360461853589e-05,9.84957473909854e-07,3.5898291689320563e-06,1.8798479241273492e-31,3.095317472568588e-16
7.875007386070422e-08,0.05595639656,0.054,0.0,0.0,0.02256286949253838,0.8762474101696407,0.00043737677363013484,8.939741752478787e-05,1.4190561299868746e-12,0.06564759435156103,0.0,0.006990795065387701,2.2294440788733352e-06,2.736035607704265e-07,5.3338322783165624e-05,1.7590822811040764e-05,5.764466397387491e-08,3.3735256908931143e-08,1.4383735786565171e-05,1.277811013602032e-05,6.413833022472663e-05,9.848509951047073e-07,3.5911720799023705e-06,1.8967361689500095e-31,3.1048916166675965e-16
7.891488454171466e-08,0.05595639656,0.054,0.0,0.0,0.02255198955893554,0.8762414258793115,0.0004384267849241964,8.968300078911617e-05,1.4254000697979686e-12,0.06564693527127197,0.0,0.007001570352193785,2.229151218000034e-06,2.730222570484113e-07,5.330569007789024e-05,1.75671023025124e-05,5.7637009615844775e-08,3.3741048540045343e-08,1.4382559693269359e-05,1.2796760763492156e-05,6.426296401158665e-05,9.84742330620574e-07,3.5925064982407454e-06,1.9137329264215792e-31,3.1144705719779153e-16
7.90796952227251e-08,0.05595639656,0.054,0.0,0.0,0.02254112093551054,0.8762354473981052,0.000439476496320517,8.996854812861925e-05,1.4317562867487308e-12,0.0656462763569331,0.0,0.007012334448182049,2.228856854246145e-06,2.72443100049878e-07,5.3273074041243686e-05,1.7543434734863632e-05,5.762931658656576e-08,3.3746788059632545e-08,1.438137004503861e-05,1.2815375636814292e-05,6.438750611364212e-05,9.846314982493713e-07,3.5938324778080235e-06,1.9308386123010668e-31,3.124054309285001e-16
7.924450590373554e-08,0.05595639656,0.054,0.0,0.0,0.022530263602963452,0.8762294747171316,0.0004405259065440856,9.025405893701341e-05,1.4381247716820789e-12,0.06564561760931321,0.0,0.007023087372193919,2.2285609978218693e-06,2.7186607804886525e-07,5.324047480413065e-05,1.7519819949605943e-05,5.7621585152029154e-08,3.375247573672244e-08,1.438016694878298e-05,1.2833954835183096e-05,6.451195666411893e-05,9.845185155994029e-07,3.595150071917179e-06,1.9480536427971047e-31,3.133642799483556e-16
7.940931658474598e-08,0.05595639656,0.054,0.0,0.0,0.022519417542046248,0.8762235078275208,0.0004415750143296361,9.053953261310548e-05,1.444505515454306e-12,0.06564495902917608,0.0,0.0070338291430237995,2.228263658867094e-06,2.7129117940552987e-07,5.320789249584901e-05,1.749625778870756e-05,5.7613815576372965e-08,3.3758111838643294e-08,1.437895051009751e-05,1.285249843746383e-05,6.463631579539675e-05,9.844034000970004e-07,3.596459333340127e-06,1.9653784345662434e-31,3.143236013577101e-16
7.957412726575642e-08,0.05595639656,0.054,0.0,0.0,0.0225085827335622,0.876217546720421,0.0004426238184215795,9.082496856073968e-05,1.4508985089349791e-12,0.06564430061728041,0.0,0.0070445597794196926,2.2279648474519808e-06,2.707183925652935e-07,5.3175327244107895e-05,1.7472748094595617e-05,5.7606008121855856e-08,3.376369663105123e-08,1.4377720833732349e-05,1.2871006522082536e-05,6.476058363868095e-05,9.84286168990185e-07,3.5977603143167098e-06,1.9828134047114058e-31,3.152833922677423e-16
7.973893794676686e-08,0.05595639656,0.054,0.0,0.0,0.02249775915836595,0.8762115913870004,0.00044367231757393676,9.11103661887449e-05,1.4573037430068356e-12,0.06564364237438,0.0,0.007055279300082907,2.2276645735775037e-06,2.701477060581387e-07,5.314277917504575e-05,1.744929071015815e-05,5.759816304886596e-08,3.3769230377925696e-08,1.4376478023155196e-05,1.2889479167193433e-05,6.48847603243155e-05,9.841668393500767e-07,3.5990530665611155e-06,2.0003589707802742e-31,3.1624364980043207e-16
7.99037486277773e-08,0.05595639656,0.054,0.0,0.0,0.02248694679736297,0.8762056418184455,0.000444720510550272,9.139572491088325e-05,1.4637212085656847e-12,0.06564298430122364,0.0,0.007065987723668665,2.2273628471760224e-06,2.6957910849773726e-07,5.311024841324782e-05,1.7425885478745998e-05,5.7590280615962834e-08,3.3774713341594704e-08,1.4375222181029875e-05,1.2907916450513966e-05,6.500884598150155e-05,9.840454280744776e-07,3.600337641270686e-06,2.0180155507637323e-31,3.17204371088495e-16
8.006855930878774e-08,0.05595639656,0.054,0.0,0.0,0.022476145631509667,0.8761996980059625,0.00044576839612362585,9.168104414579907e-05,1.470150896520312e-12,0.06564232639855533,0.0,0.007076685068785797,2.2270596781118133e-06,2.6901258858076853e-07,5.307773508176364e-05,1.740253224417458e-05,5.7582361079873604e-08,3.378014578274123e-08,1.437395340874863e-05,1.2926318449490428e-05,6.513284073864104e-05,9.839219518891696e-07,3.6016140891319687e-06,2.035783563094255e-31,3.181655532753593e-16
8.023336998979818e-08,0.05595639656,0.054,0.0,0.0,0.0224653556418128,0.8761937599407762,0.0004468159730764502,9.19663233169686e-05,1.47659279779238e-12,0.06564166866711403,0.0,0.007087371353997389,2.226755076181639e-06,2.684481350860698e-07,5.304523930212415e-05,1.737923085072555e-05,5.757440469551973e-08,3.3785527960423064e-08,1.437267180695122e-05,1.2944685241142623e-05,6.525674472300341e-05,9.837964273515194e-07,3.6028824603294325e-06,2.053663426644366e-31,3.1912719351510353e-16
8.039818067080862e-08,0.05595639656,0.054,0.0,0.0,0.022454576809329635,0.8761878276141302,0.0004478632402005428,9.225156185265053e-05,1.4830469033163388e-12,0.06564101110763393,0.0,0.0070980465978204045,2.2264490511152707e-06,2.6788573687397245e-07,5.3012761194358616e-05,1.7355981143148303e-05,5.756641171602562e-08,3.3790860132077804e-08,1.437137747500344e-05,1.2963016902236495e-05,6.538055806111528e-05,9.836688708515374e-07,3.6041428045510858e-06,2.071655560725032e-31,3.200892889724313e-16
8.056299135181906e-08,0.05595639656,0.054,0.0,0.0,0.022443809115167315,0.8761819010172869,0.0004489101962969827,9.25367591858371e-05,1.4895132040393285e-12,0.06564035372084431,0.0,0.007108710818726428,2.226141612576041e-06,2.67325382885459e-07,5.2980300877011434e-05,1.733278296666141e-05,5.755838239274279e-08,3.379614255354545e-08,1.4370070511585685e-05,1.298131350910547e-05,6.550428087837892e-05,9.835392986155992e-07,3.605395170997182e-06,2.089760385084129e-31,3.2105183682260906e-16
8.07278020328295e-08,0.05595639656,0.054,0.0,0.0,0.022433052540483073,0.8761759801415282,0.0004499568401760662,9.282191475420596e-05,1.4959916909210937e-12,0.06563969650746973,0.0,0.007119364035141168,2.2258327701613585e-06,2.667670621415334e-07,5.2947858467158484e-05,1.7309636166953958e-05,5.7550316975254105e-08,3.3801375479070655e-08,1.4368751014081451e-05,1.2999575137854277e-05,6.562791329952082e-05,9.834077267071796e-07,3.6066396083852835e-06,2.1079783199048344e-31,3.2201483425144407e-16
8.089261271383995e-08,0.05595639656,0.054,0.0,0.0,0.022422307066483543,0.8761700649781536,0.0004510031706572432,9.310702800007272e-05,1.5024823549338898e-12,0.06563903946822988,0.0,0.007130006265445333,2.2255225334032567e-06,2.662107637423721e-07,5.291543408042351e-05,1.728654059018673e-05,5.754221571140241e-08,3.380655916132693e-08,1.4367419079277852e-05,1.3017801864143877e-05,6.575145544813185e-05,9.832741710307996e-07,3.6078761649591176e-06,2.126309785804124e-31,3.229782784552193e-16
8.105742339485039e-08,0.05595639656,0.054,0.0,0.0,0.02241157267442506,0.8761641555184821,0.00045204918656905436,9.339209837034392e-05,1.508985187062401e-12,0.0656383826038397,0.0,0.007140637527973982,2.22521091176889e-06,2.656564768667365e-07,5.2883027830994076e-05,1.7263496082993336e-05,5.753407884729072e-08,3.3811693851416485e-08,1.4366074802613833e-05,1.303599376343808e-05,6.587490744721375e-05,9.831386473323102e-07,3.60910488849293e-06,2.1447552038311495e-31,3.2394216664067533e-16
8.122223407586083e-08,0.05595639656,0.054,0.0,0.0,0.02240084934561284,0.8761582517538508,0.00045309488674906813,9.367712531647106e-05,1.5155001783036465e-12,0.06563772591500944,0.0,0.007151257841017575,2.224897914661081e-06,2.6510419077110837e-07,5.285063983163748e-05,1.724050249248121e-05,5.752590662731359e-08,3.3816779798896995e-08,1.4364718279053323e-05,1.305415091073538e-05,6.599826941859662e-05,9.830011712032242e-07,3.610325826300699e-06,2.1633149954657525e-31,3.2490649602494023e-16
8.138704475687127e-08,0.05595639656,0.054,0.0,0.0,0.02239013706140148,0.8761523536756158,0.0004541402700438191,9.39621082944049e-05,1.522027319666905e-12,0.06563706940244456,0.0,0.007161867222821116,2.224583551418802e-06,2.6455389478915763e-07,5.281827019371627e-05,1.721755966623255e-05,5.751769929415354e-08,3.382181725177761e-08,1.4363349602119135e-05,1.307227338088148e-05,6.612154148363531e-05,9.82861758080357e-07,3.6115390252395406e-06,2.181989582616842e-31,3.258712638355203e-16
8.155185543788171e-08,0.05595639656,0.054,0.0,0.0,0.02237943580319393,0.8761464612751514,0.0004551853353087461,9.424704676455057e-05,1.528566602173624e-12,0.06563641306684591,0.0,0.007172465691585452,2.2242678313177186e-06,2.6400557833084365e-07,5.27859190272038e-05,1.7194667452305117e-05,5.750945708881661e-08,3.382680645654987e-08,1.4361968865030346e-05,1.3090361248218923e-05,6.624472376244039e-05,9.827204232507963e-07,3.612744531719597e-06,2.2007793876209378e-31,3.268364673102197e-16
8.171666611889215e-08,0.05595639656,0.054,0.0,0.0,0.022368745552442202,0.8761405745438503,0.0004562300814081318,9.45319401917232e-05,1.535118016857346e-12,0.06563575690890963,0.0,0.007183053265466099,2.2239507635706537e-06,2.634592308819606e-07,5.275358644069935e-05,1.7171825699233032e-05,5.750118025062249e-08,3.383174765817801e-08,1.4360576159407383e-05,1.3108414587001211e-05,6.636781637480467e-05,9.825771818505854e-07,3.6139423917061087e-06,2.2196848332405236e-31,3.2780210369714374e-16
8.188147679990259e-08,0.05595639656,0.054,0.0,0.0,0.02235806629064609,0.8761346934731239,0.0004572745072150414,9.481678804510441e-05,1.5416815547636173e-12,0.06563510092932727,0.0,0.007193629962574938,2.2236323573281344e-06,2.62914842003176e-07,5.2721272541443155e-05,1.7149034256027388e-05,5.749286901724738e-08,3.3836641100136376e-08,1.4359171576817977e-05,1.3126433470915867e-05,6.649081943914608e-05,9.824320488707273e-07,3.6151326507304897e-06,2.2387063426626293e-31,3.287681702546041e-16
8.204628748091303e-08,0.05595639656,0.054,0.0,0.0,0.022347397999354233,0.8761288180544017,0.00045831861161126303,9.510158979819877e-05,1.5482572069499272e-12,0.06563444512878569,0.0,0.00720419580097854,2.2233126216788307e-06,2.6237240132968784e-07,5.2688977435331276e-05,1.712629297217683e-05,5.748452362470422e-08,3.384148702439096e-08,1.4357755206970277e-05,1.3144417973656411e-05,6.661373307379368e-05,9.82285039154419e-07,3.6163153538904282e-06,2.2578443394971614e-31,3.297346642511415e-16
8.221109816192347e-08,0.05595639656,0.054,0.0,0.0,0.022336740660162384,0.8761229482791314,0.00045936239348724826,9.538634492879173e-05,1.5548449644856068e-12,0.06563378950796724,0.0,0.007214750798700506,2.2229915656501134e-06,2.61831898570156e-07,5.26567012269302e-05,1.7103601697648085e-05,5.7476144307397254e-08,3.384628567144739e-08,1.4356327139901539e-05,1.3162368168246834e-05,6.67365573954772e-05,9.821361674047288e-07,3.6174905458629855e-06,2.2770992477755325e-31,3.3070158296540845e-16
8.237590884293391e-08,0.05595639656,0.054,0.0,0.0,0.022326094254715056,0.8761170841387796,0.0004604058517420524,9.567105291890725e-05,1.561444818451781e-12,0.06563313406754961,0.0,0.007225294973718949,2.2226691982084563e-06,2.612933235065297e-07,5.262444401949126e-05,1.7080960282886343e-05,5.746773129808675e-08,3.385103728031854e-08,1.4354887463357771e-05,1.3180284127864076e-05,6.685929252118518e-05,9.819854481795556e-07,3.618658270901661e-06,2.2964714919489384e-31,3.316689236862191e-16
8.254071952394435e-08,0.05595639656,0.054,0.0,0.0,0.022315458764703058,0.8761112256248302,0.00046144898528327656,9.595571325476684e-05,1.5680567599412636e-12,0.06563247880820612,0.0,0.007235828343969911,2.2223455282600246e-06,2.6075666599279386e-07,5.259220591496495e-05,1.7058368578815643e-05,5.7459284827962784e-08,3.3855742088589706e-08,1.435343626601614e-05,1.319816592484407e-05,6.698193856592515e-05,9.818328959020643e-07,3.6198185728529225e-06,2.315961496887086e-31,3.3263668371239956e-16
8.270553020495479e-08,0.05595639656,0.054,0.0,0.0,0.02230483417186607,0.8761053727287857,0.00046249179302700923,9.624032542674816e-05,1.574680780058519e-12,0.0656318237306054,0.0,0.007246350927343484,2.222020564651021e-06,2.602219159550666e-07,5.2559987014014935e-05,1.703582643683914e-05,5.7450805126584544e-08,3.386040033236359e-08,1.435197363354096e-05,1.3216013631910876e-05,6.710449564551473e-05,9.816785248519492e-07,3.6209714951483927e-06,2.335569687876357e-31,3.3360486035288006e-16
8.287034088596523e-08,0.05595639656,0.054,0.0,0.0,0.022294220457989008,0.8760995254421664,0.00046353427389776844,9.652488892934532e-05,1.5813168699195467e-12,0.06563116883541169,0.0,0.007256862741688946,2.2216943161683202e-06,2.596890633900285e-07,5.2527787416031996e-05,1.7013333708839304e-05,5.7442292421986063e-08,3.386501224635415e-08,1.4350499653509842e-05,1.3233827320659436e-05,6.722696387313836e-05,9.815223491805094e-07,3.6221170808272727e-06,2.355296490618693e-31,3.345734509264909e-16
8.303515156697567e-08,0.05595639656,0.054,0.0,0.0,0.022283617604906106,0.8760936837565111,0.0004645764268284445,9.680940326112848e-05,1.5879650206518693e-12,0.06563051412328472,0.0,0.007267363804808666,2.221366791539736e-06,2.591580983654657e-07,5.24956072191477e-05,1.699089024717809e-05,5.7433746940573504e-08,3.3869578063793713e-08,1.4349014409260434e-05,1.3251607063461846e-05,6.734934336369825e-05,9.813643828957306e-07,3.6232553725204005e-06,2.375142331229588e-31,3.3554245276212736e-16
8.319996224798611e-08,0.05595639656,0.054,0.0,0.0,0.02227302559449532,0.8760878476633761,0.00046561825076024395,9.709386792470543e-05,1.5946252233943834e-12,0.0656298595948798,0.0,0.007277854134466138,2.2210379994347395e-06,2.586290110181456e-07,5.246344652024799e-05,1.696849590469696e-05,5.742516890728521e-08,3.387409801657604e-08,1.434751798769844e-05,1.3269352931067519e-05,6.747163422833327e-05,9.812046398853155e-07,3.624386412482917e-06,2.3951076362372036e-31,3.365118631984507e-16
8.336477292899655e-08,0.05595639656,0.054,0.0,0.0,0.02226244440868505,0.8760820171543356,0.00046665974464263165,9.737828242668176e-05,1.601297469297396e-12,0.06562920525084785,0.0,0.007288333748376061,2.2207079484645986e-06,2.5810179155512517e-07,5.243130541498656e-05,1.694615053471701e-05,5.741655854541681e-08,3.387857233509802e-08,1.4346010469358017e-05,1.3287064995666914e-05,6.759383658144737e-05,9.810431338911363e-07,3.6255102425643543e-06,2.415192832580065e-31,3.3748167958417855e-16
8.351310254190595e-08,0.05595639656,0.054,0.0,0.0,0.02225293058159026,0.8760767744636524,0.00046759680608353616,9.763421218600911e-05,1.607312780208015e-12,0.06562861649939201,0.0,0.007297756253539553,2.220409833329625e-06,2.576288830407088e-07,5.240239525079088e-05,1.6926081452416623e-05,5.740878176236046e-08,3.388256039399307e-08,1.4344644286535783e-05,1.330297700993384e-05,6.770374311198609e-05,9.808962824037587e-07,3.6265155594525538e-06,2.4333723695779984e-31,3.383548592342209e-16
8.366143215481535e-08,0.05595639656,0.054,0.0,0.0,0.022243425494711064,0.8760715362831595,0.0004685335985862661,9.789010056408551e-05,1.6133378324845158e-12,0.06562802789827002,0.0,0.007307170106118309,2.220110711637726e-06,2.571574725952914e-07,5.2373501101892004e-05,1.690605181319142e-05,5.740097913327945e-08,3.388651184051685e-08,1.4343269243010235e-05,1.3318861752635739e-05,6.781357811879872e-05,9.807480237728983e-07,3.6275150999034566e-06,2.451649676521679e-31,3.3922836364459984e-16
8.380976176772475e-08,0.05595639656,0.054,0.0,0.0,0.022233929134964935,0.8760663026067511,0.0004694701214016453,9.81459472092478e-05,1.6193726196983606e-12,0.06562743944794741,0.0,0.007316575318942774,2.2198105895510048e-06,2.5668755321334025e-07,5.234462303555704e-05,1.6886061511091682e-05,5.7393150818439456e-08,3.389042684030399e-08,1.434188539991956e-05,1.3334719274532346e-05,6.792334168121808e-05,9.805983677689931e-07,3.6285088936729194e-06,2.470025065503182e-31,3.401021909023785e-16
8.395809138063415e-08,0.05595639656,0.054,0.0,0.0,0.022224441489302627,0.876061073428333,0.0004704063737858986,9.84017517724236e-05,1.6254171354285133e-12,0.06562685114888689,0.0,0.007325971904810991,2.219509473191468e-06,2.5621911794542215e-07,5.231576111825769e-05,1.6866110440490196e-05,5.738529697596237e-08,3.389430555708003e-08,1.434049281414706e-05,1.3350549627458503e-05,6.803303388070295e-05,9.80447324066394e-07,3.6294969702568805e-06,2.488498848870148e-31,3.409763391018134e-16
8.410642099354355e-08,0.05595639656,0.054,0.0,0.0,0.022214962544702493,0.8760558487418236,0.00047134235500060945,9.865751390710142e-05,1.6314713732612976e-12,0.06562626300154818,0.0,0.007335359876496894,2.21920736864432e-06,2.557521598780782e-07,5.228691541568032e-05,1.6846198496080552e-05,5.7377417764060216e-08,3.389814815460304e-08,1.4339091546343954e-05,1.3366352861737604e-05,6.81426547953214e-05,9.802949022683376e-07,3.630479358920115e-06,2.507071339239462e-31,3.418508063430668e-16
8.425475060645295e-08,0.05595639656,0.054,0.0,0.0,0.022205492288176087,0.8760506285411521,0.00047227806431262095,9.891323326927825e-05,1.6375353267903499e-12,0.06562567500638827,0.0,0.00734473924674187,2.218904281957136e-06,2.5528667214715165e-07,5.225808599274238e-05,1.6826325572872875e-05,5.7369513339132924e-08,3.390195479501031e-08,1.4337681652191823e-05,1.3382129028938789e-05,6.825220450585342e-05,9.801411118871077e-07,3.6314560886770998e-06,2.525742849491372e-31,3.427255907327916e-16
8.440308021936235e-08,0.05595639656,0.054,0.0,0.0,0.02219603070676145,0.8760454128202596,0.00047321350099397314,9.916890951742201e-05,1.643608989616449e-12,0.06562508716386126,0.0,0.007354110028264374,2.2186002191426453e-06,2.548226479254525e-07,5.2229272913605585e-05,1.6806491566191355e-05,5.736158385731177e-08,3.390572564017614e-08,1.433626319165988e-05,1.3397878178952348e-05,6.836168308937409e-05,9.799859623685451e-07,3.6324271883254064e-06,2.5445136927700724e-31,3.436006903837646e-16
8.455140983227175e-08,0.05595639656,0.054,0.0,0.0,0.022186577787529794,0.876040201573099,0.0004741486643218558,9.942454231244423e-05,1.649692355347559e-12,0.06562449947441859,0.0,0.007363472233750029,2.2182951861773116e-06,2.543600804330309e-07,5.220047624168499e-05,1.678669637167358e-05,5.73536294731999e-08,3.3909460850583435e-08,1.4334836219072878e-05,1.341360036313459e-05,6.847109062617223e-05,9.79829463067605e-07,3.633392686417491e-06,2.56338418248162e-31,3.4447610341523375e-16
8.469973944518114e-08,0.05595639656,0.054,0.0,0.0,0.022177133517577958,0.8760349947936341,0.0004750835535785802,9.968013131768044e-05,1.6557854175986907e-12,0.06562391193850878,0.0,0.007372825875862623,2.2179891890026955e-06,2.538989629279918e-07,5.217169603965641e-05,1.6766939885270237e-05,5.734565034095936e-08,3.391316058630282e-08,1.4333400793910585e-05,1.3429295630906504e-05,6.858042719224071e-05,9.796716232769126e-07,3.6343526112970896e-06,2.5823546322939806e-31,3.4535182795251827e-16
8.484806905809054e-08,0.05595639656,0.054,0.0,0.0,0.022167697884036414,0.8760297924758405,0.0004760181680515467,9.993567619886949e-05,1.6618881699919845e-12,0.06562332455657768,0.0,0.0073821709672323,2.2176822335242907e-06,2.5343928871409026e-07,5.214293236946326e-05,1.6747222003245137e-05,5.733764661337567e-08,3.391682500614925e-08,1.4331956969058488e-05,1.3444964033455346e-05,6.868969286747423e-05,9.795124521972466e-07,3.6353069910644937e-06,2.6014253561352168e-31,3.462278621273914e-16
8.499639867099994e-08,0.05595639656,0.054,0.0,0.0,0.022158270874060235,0.8760245946137051,0.00047695250703321825,0.00010019117662413543,1.6680006061565527e-12,0.06562273732906838,0.0,0.007391507520468666,2.2173743256129157e-06,2.5298105113318416e-07,5.2114185292323215e-05,1.672754262217483e-05,5.732961844270562e-08,3.39204542684457e-08,1.4330504803705427e-05,1.346060561968491e-05,6.879888772668168e-05,9.793519589718709e-07,3.6362558536204437e-06,2.6205966681936186e-31,3.4710420407761684e-16
8.514472828390934e-08,0.05595639656,0.054,0.0,0.0,0.022148852474838894,0.8760194012012263,0.0004778865698210873,0.00010044663226396646,1.674122719728584e-12,0.06562215025642132,0.0,0.007400835548146482,2.21706547110394e-06,2.5252424357156807e-07,5.208545486873512e-05,1.6707901638948457e-05,5.7321565979917586e-08,3.392404853033765e-08,1.4329044349113765e-05,1.3476220440681664e-05,6.890801184953078e-05,9.79190152650257e-07,3.637199226622739e-06,2.639868882915752e-31,3.4798085194741076e-16
8.527822493552781e-08,0.05595639656,0.054,0.0,0.0,0.022140383267164904,0.8760147309295002,0.0004787269896076755,0.00010067650377772156,1.6796408908723944e-12,0.06562162202380802,0.0,0.007409223494082793,2.216786697502259e-06,2.5211433399342353e-07,5.2059611775750295e-05,1.6690257499219024e-05,5.731429811810243e-08,3.392725357027374e-08,1.4327722901273626e-05,1.3490250935313877e-05,6.900616314154993e-05,9.790434117027274e-07,3.6380435914632533e-06,2.657300408045178e-31,3.4877009506219343e-16
8.541172158714628e-08,0.05595639656,0.054,0.0,0.0,0.022131921014547078,0.8760100642527848,0.0004795671846073091,0.0001009063385133986,1.685166890937881e-12,0.06562109391730474,0.0,0.007417604553615457,2.216507166059445e-06,2.517055726443104e-07,5.203378226365887e-05,1.6672644303754872e-05,5.7307010810047037e-08,3.393043049992524e-08,1.4326394824094325e-05,1.3504259826214327e-05,6.910425725396234e-05,9.788956209275352e-07,3.6388835518717275e-06,2.674814148822211e-31,3.49559583129361e-16
8.554521823876474e-08,0.05595639656,0.054,0.0,0.0,0.0221234657077037,0.8760054011667284,0.0004804071543181512,0.00010113613623559942,1.69070071530013e-12,0.06562056593722691,0.0,0.007425978735859405,2.2162268809593755e-06,2.5129795478033643e-07,5.2007966375104286e-05,1.6655061978033307e-05,5.729970416450717e-08,3.393357943264104e-08,1.4325060158034345e-05,1.3518247149050396e-05,6.92022942412974e-05,9.787467867855933e-07,3.639719127587583e-06,2.6924103350391607e-31,3.50349314808687e-16
8.567871489038321e-08,0.05595639656,0.054,0.0,0.0,0.022115017337373585,0.8760007416669867,0.00048124689824159943,0.00010136589671043484,1.696242359338816e-12,0.06562003808388824,0.0,0.007434346049909734,2.215945846361727e-06,2.5089147569170955e-07,5.198216415227273e-05,1.6637510447736278e-05,5.7292378288990756e-08,3.3936700480627384e-08,1.4323718941256334e-05,1.353221293989248e-05,6.930027415942757e-05,9.785969156802324e-07,3.6405503381928673e-06,2.710089196625097e-31,3.5113928876386813e-16
8.581221154200168e-08,0.05595639656,0.054,0.0,0.0,0.022106575894313044,0.8759960857492228,0.00048208641588227,0.00010159561970551231,1.7017918184380865e-12,0.06561951035760061,0.0,0.007442706504845525,2.2156640664057043e-06,2.5048613069090096e-07,5.195637563689864e-05,1.661998963875035e-05,5.7285033290645843e-08,3.393979375579293e-08,1.4322371213281694e-05,1.3546157234398889e-05,6.93981970626333e-05,9.784460139749863e-07,3.6413772031472253e-06,2.7278509636705357e-31,3.5192950366273805e-16
8.594570819362014e-08,0.05595639656,0.054,0.0,0.0,0.022098141369298226,0.8759914334091069,0.0004829257067479838,0.00010182530498992742,1.7073490879866147e-12,0.0656189827586742,0.0,0.007451060109726883,2.215381545207149e-06,2.500819151190309e-07,5.193060087026685e-05,1.6602499477166646e-05,5.72776692760158e-08,3.394285936944119e-08,1.4321017012093114e-05,1.3560080068442918e-05,6.949606300594859e-05,9.782940879824367e-07,3.6421997417664067e-06,2.7456958664482194e-31,3.5271995817718423e-16
8.607920484523861e-08,0.05595639656,0.054,0.0,0.0,0.022089713753120473,0.8759867846423159,0.0004837647703492396,0.00010205495233401732,1.712914163376826e-12,0.06561845528741775,0.0,0.00745940687359997,2.215098286863262e-06,2.496788243392933e-07,5.190483989328763e-05,1.658503988924891e-05,5.7270286351077125e-08,3.3945897432372007e-08,1.43196563762943e-05,1.357398147751844e-05,6.959387204365068e-05,9.781411439800741e-07,3.643017973258943e-06,2.763624135403694e-31,3.535106509833103e-16
8.621270149685708e-08,0.05595639656,0.054,0.0,0.0,0.02208129303659399,0.8759821394445354,0.0004846036062003491,0.000102284561509884,1.7184870400065188e-12,0.06561792794413784,0.0,0.007467746805489311,2.214814295444078e-06,2.4927685374599953e-07,5.187909274633869e-05,1.6567610801506225e-05,5.726288462117475e-08,3.3948908054805764e-08,1.4318289343666249e-05,1.3587861497174365e-05,6.969162423008272e-05,9.779871881894704e-07,3.6438319166740124e-06,2.781636001114501e-31,3.5430158076071526e-16
8.634619814847555e-08,0.05595639656,0.054,0.0,0.0,0.022072879210551174,0.8759774978114581,0.0004854422138187217,0.0001025141322910593,1.7240677132778445e-12,0.06561740072913944,0.0,0.007476079914402311,2.214529574999068e-06,2.488759987554338e-07,5.185335946936737e-05,1.6550212140647702e-05,5.725546419126563e-08,3.3951891346590245e-08,1.4316915951812337e-05,1.360172016289419e-05,6.978931961924941e-05,9.77832226791177e-07,3.6446415909354214e-06,2.7997316943407955e-31,3.5509274619282708e-16
8.647969480009401e-08,0.05595639656,0.054,0.0,0.0,0.022064472265843633,0.8759728597387842,0.0004862805927250151,0.00010274366445257041,1.7296561785975556e-12,0.06561687364272564,0.0,0.0074844062093284685,2.214244129556368e-06,2.48476254808559e-07,5.1827640101871325e-05,1.6532843833591273e-05,5.7248025165657134e-08,3.395484741699364e-08,1.4315536238285885e-05,1.3615557509905521e-05,6.988695826488646e-05,9.776762659194775e-07,3.6454470148259333e-06,2.8179114460405417e-31,3.5588414596748235e-16
8.674668810333093e-08,0.05595639656,0.054,0.0,0.0,0.02204767898392787,0.8759635942574826,0.0004879566624985616,0.00010320261202339767,1.740856467029744e-12,0.0656158198568566,0.0,0.00750103839309606,2.2136710796933285e-06,2.476800819373366e-07,5.177624325129514e-05,1.649819798950946e-05,5.7233091741181867e-08,3.396067832763937e-08,1.4312757994613383e-05,1.3643168388506777e-05,7.008206553987551e-05,9.773613700869346e-07,3.6470451860463918e-06,2.854524049370036e-31,3.574676433146396e-16
8.698698207624416e-08,0.05595639656,0.054,0.0,0.0,0.022032588472958782,0.8759552674579003,0.0004894643383517948,0.00010361553052901723,1.75096332943127e-12,0.06561487189234161,0.0,0.007515984144489788,2.213152895318811e-06,2.469672809041072e-07,5.1730034044026015e-05,1.646711981067767e-05,5.721958909596969e-08,3.3965834134851365e-08,1.431023632464458e-05,1.366794562187006e-05,7.025746856057593e-05,9.77074606315852e-07,3.648469189837092e-06,2.887765192298481e-31,3.58893579292222e-16
8.722727604915738e-08,0.05595639656,0.054,0.0,0.0,0.02201752011606135,0.875946952127481,0.0004909712658607291,0.00010402832047124663,1.7610953668303563e-12,0.06561392434907988,0.0,0.0075309079575969495,2.2126324236546715e-06,2.4625800989237665e-07,5.1683870498841724e-05,1.643613885060355e-05,5.720602779673896e-08,3.3970903419891695e-08,1.4307694743201579e-05,1.3692654327154737e-05,7.043268855971502e-05,9.767846977259792e-07,3.6498797089646063e-06,2.9212822835847547e-31,3.6032025430859966e-16
8.746757002207061e-08,0.05595639656,0.054,0.0,0.0,0.022002473860536886,0.8759386482414072,0.000492477442339084,0.00010444098058802556,1.7712525525944098e-12,0.06561297722877935,0.0,0.007545809884226244,2.2121096874405305e-06,2.455522432100157e-07,5.16377528311537e-05,1.6405254690266635e-05,5.719240843128166e-08,3.3975886800911146e-08,1.4305133457620283e-05,1.3717294707770528e-05,7.06077258448356e-05,9.76491678574926e-07,3.651276848565845e-06,2.95507667579661e-31,3.6174766084936534e-16
8.770786399498383e-08,0.05595639656,0.054,0.0,0.0,0.02198744965387617,0.875930355774937,0.0004939828651320749,0.00010485350963160755,1.7814348601359126e-12,0.06561203053313056,0.0,0.0075606899760087614,2.2115847092004512e-06,2.448499554099415e-07,5.159168125211002e-05,1.6374466912749552e-05,5.717873158209304e-08,3.398078489126281e-08,1.430255267433279e-05,1.3741866965029336e-05,7.078258072097441e-05,9.76195582695489e-07,3.6526607125149943e-06,2.989149723330199e-31,3.6317579144254407e-16
8.794815796789706e-08,0.05595639656,0.054,0.0,0.0,0.021972447443757665,0.8759220747034039,0.0004954875316162305,0.0001052659063684424,1.7916422629122606e-12,0.06561108426380675,0.0,0.00757554828439879,2.21105751124656e-06,2.441511212906265e-07,5.154565596863738e-05,1.634377510323414e-05,5.7164997826446035e-08,3.398559829937932e-08,1.4299952599287949e-05,1.3766371298976216e-05,7.09572534894725e-05,9.758964435008385e-07,3.6540314034438586e-06,3.023502782243942e-31,3.6460463865543643e-16
8.818845194081028e-08,0.05595639656,0.054,0.0,0.0,0.02195746717805018,0.8759138050022154,0.0004969914391989177,0.00010567816957889697,1.8018747344253e-12,0.06561013842246412,0.0,0.007590384860669687,2.2105281156813913e-06,2.4345571590064426e-07,5.149967718354093e-05,1.6313178848990306e-05,5.7151207735371165e-08,3.399032762799763e-08,1.4297333432459683e-05,1.3790807909564666e-05,7.113174445244491e-05,9.75594293987581e-07,3.655389022787218e-06,3.058137210279385e-31,3.660341950961082e-16
8.842874591372351e-08,0.05595639656,0.054,0.0,0.0,0.02194250880480878,0.8759055466468545,0.0004984945853180603,0.00010609029805709583,1.8121322482210642e-12,0.06560919301074195,0.0,0.007605199755918315,2.20999654439796e-06,2.427637145295331e-07,5.145374509555902e-05,1.6282677739367948e-05,5.71373618748018e-08,3.399497347495407e-08,1.4294695371386937e-05,1.3815176996165284e-05,7.130605390983986e-05,9.752891667451854e-07,3.6567336707865785e-06,3.0930543667508898e-31,3.6746445341035963e-16
8.866903988663673e-08,0.05595639656,0.054,0.0,0.0,0.021927572272271934,0.8758972996128773,0.0004999969674418705,0.00010650229061076145,1.8224147778895305e-12,0.06560824803026259,0.0,0.007619993021069324,2.209462819083465e-06,2.4207509270158976e-07,5.140785989941785e-05,1.62522713657895e-05,5.712346080561539e-08,3.39995364334453e-08,1.4292038614699252e-05,1.3839478755944112e-05,7.148018215761244e-05,9.749810939688104e-07,3.6580654465094323e-06,3.1282556126914976e-31,3.6889540628434767e-16
8.890933385954996e-08,0.05595639656,0.054,0.0,0.0,0.021912657528864055,0.8758890638759138,0.0005014985830685729,0.0001069141460610517,1.8327222970643574e-12,0.06560730348263188,0.0,0.007634764706870509,2.208926961222519e-06,2.413898261787538e-07,5.136202178588899e-05,1.6221959321743703e-05,5.7109505082845696e-08,3.400401709131743e-08,1.428936335674503e-05,1.3863713385771664e-05,7.165412949126126e-05,9.746701074607508e-07,3.6593844478837244e-06,3.1637423108008916e-31,3.703270464441763e-16
8.914962783246318e-08,0.05595639656,0.054,0.0,0.0,0.021897764523195393,0.8758808394116685,0.0005029994297260839,0.0001073258632423715,1.8430547794226333e-12,0.06560635936943904,0.0,0.007649514863892382,2.2083889920984606e-06,2.4070789095864464e-07,5.131623094185701e-05,1.6191741202778016e-05,5.709549525629249e-08,3.4008416031401096e-08,1.4286669786333926e-05,1.3887881082615126e-05,7.18278962068275e-05,9.74356238631564e-07,3.6606907717127105e-06,3.199515825354338e-31,3.7175936665382866e-16
8.938992180537641e-08,0.05595639656,0.054,0.0,0.0,0.021882893204055228,0.8758726261959172,0.0005044995049717215,0.00010773744100220442,1.853412198684638e-12,0.06560541569225689,0.0,0.007664243542537468,2.207848932794914e-06,2.400292632649444e-07,5.127048755037821e-05,1.6161616606490442e-05,5.708143187100867e-08,3.40127338321541e-08,1.4283958095228458e-05,1.391198204081026e-05,7.200148259522946e-05,9.74039518519032e-07,3.6619845136805663e-06,3.235577522292202e-31,3.7319235971645906e-16
8.963021577828963e-08,0.05595639656,0.054,0.0,0.0,0.021868043520415218,0.8758644242045105,0.0005059988063919491,0.00010814887820096591,1.86379452861359e-12,0.06560447245264199,0.0,0.007678950793034146,2.207306804199217e-06,2.393539195490723e-07,5.1224791790731155e-05,1.6131585132521885e-05,5.7067315466409364e-08,3.4016971066829715e-08,1.4281228471205016e-05,1.3936016454743062e-05,7.217488894656537e-05,9.737199777893898e-07,3.6632657683910485e-06,3.2719287691690257e-31,3.746260184739655e-16
8.984648035391154e-08,0.05595639656,0.054,0.0,0.0,0.021854697261464013,0.8758570519891573,0.0005073475140779169,0.00010851905056857156,1.8731599025196095e-12,0.06560362391238204,0.0,0.007692169038788016,2.206817136324927e-06,2.387488987257366e-07,5.1183706477436455e-05,1.610463609627649e-05,5.705456581264907e-08,3.4020716164051944e-08,1.4278756628665703e-05,1.3957590692071565e-05,7.233080097107536e-05,9.734300045520568e-07,3.664408298360102e-06,3.3048935881199547e-31,3.75916874639176e-16
9.006274492953346e-08,0.05595639656,0.054,0.0,0.0,0.02184136844913646,0.8758496888285167,0.0005086955913147642,0.0001088891073561459,1.8825454137820702e-12,0.06560277572891139,0.0,0.007705370004662082,2.2063258240390097e-06,2.3814650218127428e-07,5.114266001360857e-05,1.6077761877467777e-05,5.704177403249819e-08,3.402439687469342e-08,1.4276270543759884e-05,1.3979111325596844e-05,7.24865676095169e-05,9.731377930001394e-07,3.6655408568969286e-06,3.338095050733486e-31,3.772082590853119e-16
9.027900950515537e-08,0.05595639656,0.054,0.0,0.0,0.021828057046608233,0.8758423347051333,0.0005100430364024855,0.0001092590477591822,1.8919510433626895e-12,0.06560192790333147,0.0,0.007718553726915371,2.2058328821673222e-06,2.3754671321227593e-07,5.1101652522312514e-05,1.6050962188447184e-05,5.702894050877293e-08,3.4028013606811266e-08,1.4273770346430014e-05,1.400057849572508e-05,7.264218907212142e-05,9.72843364733647e-07,3.6666635107773204e-06,3.3715341572653584e-31,3.78500166672945e-16
9.049527408077728e-08,0.05595639656,0.054,0.0,0.0,0.021814763017170058,0.8758349896015994,0.0005113898476595119,0.0001096288709812698,1.9013767722508352e-12,0.06560108043673338,0.0,0.007731720241698139,2.205338325411919e-06,2.369495152559519e-07,5.1060684124271484e-05,1.6024236742886086e-05,5.701606562118569e-08,3.403156676562861e-08,1.4271256167592702e-05,1.4021992341634705e-05,7.279766556650305e-05,9.725467411226398e-07,3.6677763260948755e-06,3.405211909026017e-31,3.797925922877075e-16
9.071153865639919e-08,0.05595639656,0.054,0.0,0.0,0.021801486324227015,0.8758276535005537,0.0005127360234225615,0.000109998576234009,1.9108225814633357e-12,0.06560023333019789,0.0,0.007744869585052118,2.2048421683530807e-06,2.3635489188899205e-07,5.1019754937896885e-05,1.5997585255771068e-05,5.700314974622871e-08,3.4035056753352034e-08,1.4268728138878759e-05,1.404335300157813e-05,7.295299729759127e-05,9.722479433207664e-07,3.6688793682960777e-06,3.4391293083516527e-31,3.8108553083959434e-16
9.09278032320211e-08,0.05595639656,0.054,0.0,0.0,0.021788226931303372,0.8758203263846814,0.0005140815620464815,0.00011036816273692624,1.920288452044364e-12,0.06559938658479561,0.0,0.007758001792904091,2.204344425449523e-06,2.3576282683047107e-07,5.0978865079319206e-05,1.5971007443399416e-05,5.699019325706459e-08,3.403848396901188e-08,1.4266186385769862e-05,1.4064660614511316e-05,7.310818447292383e-05,9.719469922531783e-07,3.669972702196792e-06,3.473287358603216e-31,3.823789772631631e-16
9.114406780764301e-08,0.05595639656,0.054,0.0,0.0,0.021774984802037378,0.875813008236715,0.0005154264619040918,0.00011073762971738848,1.92977436506537e-12,0.06559854020158705,0.0,0.007771116901072885,2.2038451110385652e-06,2.3517330393683496e-07,5.093801466241872e-05,1.594450302337385e-05,5.6977196523923505e-08,3.404184880889879e-08,1.4263631034203768e-05,1.408591531808784e-05,7.326322729815712e-05,9.716439086225779e-07,3.671056391956337e-06,3.507687064169783e-31,3.836729265173593e-16
9.133870592570273e-08,0.05595639656,0.054,0.0,0.0,0.02176308161616196,0.8758064295568704,0.0005166363243002461,0.00011107004717577428,1.9383288074478805e-12,0.0655977787672433,0.0,0.007782905907715006,2.2033943961839166e-06,2.346448936486674e-07,5.090128310217399e-05,1.5920711563452935e-05,5.696546535896e-08,3.404482415869484e-08,1.4261319697245471e-05,1.4104999426639632e-05,7.340264258820625e-05,9.713693269572993e-07,3.6720235195124643e-06,3.5388542454198905e-31,3.8483790661930226e-16
9.153334404376245e-08,0.05595639656,0.054,0.0,0.0,0.02175119235814058,0.875799858114557,0.0005178456668309009,0.0001114023666490408,1.9468994551358435e-12,0.0655970176278863,0.0,0.007794681118498151,2.2029424302111535e-06,2.3411851796879722e-07,5.0864583660040315e-05,1.5896979119603715e-05,5.6953702159065845e-08,3.404774958735846e-08,1.4258997537741281e-05,1.4124040889554376e-05,7.354194126766836e-05,9.710930493072063e-07,3.67298293266748e-06,3.5702187154810088e-31,3.8600328630949684e-16
9.172798216182218e-08,0.05595639656,0.054,0.0,0.0,0.021739317001702403,0.8757932938972826,0.0005190544883465803,0.00011173458758989369,1.955486294386501e-12,0.0655962567842683,0.0,0.007806442559308165,2.2024892233272733e-06,2.3359416540951336e-07,5.08279164144773e-05,1.5873305488649926e-05,5.6941907187755515e-08,3.4050625377770535e-08,1.4256664644823533e-05,1.4143039805985541e-05,7.368112348477011e-05,9.708150903196713e-07,3.673934676901216e-06,3.6017812086560643e-31,3.871690619630797e-16
9.19226202798819e-08,0.05595639656,0.054,0.0,0.0,0.021727455520648555,0.8757867368925853,0.0005202627877092182,0.00011206670945597274,1.9640893114746753e-12,0.06559549623713519,0.0,0.007818190255962296,2.202034785662972e-06,2.330718245680964e-07,5.079128144254175e-05,1.584969046825864e-05,5.693008070648766e-08,3.405345181091299e-08,1.4254321108995001e-05,1.4161996274649794e-05,7.382018938508499e-05,9.70535464514086e-07,3.674878797295269e-06,3.633542459906753e-31,3.8833522997085315e-16
9.211725839794162e-08,0.05595639656,0.054,0.0,0.0,0.02171560788885722,0.8757801870880333,0.0005214705637920905,0.000112398731709816,1.9727084926927433e-12,0.06559473598722645,0.0,0.007829924234203058,2.201579127273797e-06,2.3255148412937723e-07,5.075467881990016e-05,1.582613385693772e-05,5.6918222974677046e-08,3.4056229165801016e-08,1.4251967015845132e-05,1.4180910394825444e-05,7.395913911687151e-05,9.70254186264086e-07,3.6758153385387777e-06,3.6655032048490807e-31,3.895017867393074e-16
9.231189651600135e-08,0.05595639656,0.054,0.0,0.0,0.02170377408027625,0.8757736444712247,0.000522677815479712,0.00011273065381880317,1.9813438243505076e-12,0.0655939760352751,0.0,0.007841644519707978,2.2011222581409883e-06,2.3203313286225063e-07,5.071810862084879e-05,1.58026354540322e-05,5.690633424994625e-08,3.4058957719777745e-08,1.4249602455378999e-05,1.4199782263979014e-05,7.409797282407773e-05,9.699712698230442e-07,3.6767443449452598e-06,3.6976641797527947e-31,3.9066872869034937e-16
9.250653463406107e-08,0.05595639656,0.054,0.0,0.0,0.02169195406892945,0.8757671090297873,0.0005238845416677559,0.00011306247525511453,1.989995292775154e-12,0.06559321638200791,0.0,0.007853351138080418,2.2006641881714806e-06,2.315167596209369e-07,5.0681570918328785e-05,1.5779195059721473e-05,5.689441478783586e-08,3.40616377482211e-08,1.4247227512673846e-05,1.4218611980591974e-05,7.423669065291072e-05,9.696867293100647e-07,3.6776658604561232e-06,3.7300261215356032e-31,3.9183605226143657e-16
9.27011727521208e-08,0.05595639656,0.054,0.0,0.0,0.021680147828913757,0.8757605807513783,0.0005250907412629757,0.00011339419549568932,1.9986628843112276e-12,0.06559245702814526,0.0,0.007865044114854001,2.2002049271984174e-06,2.3100235334325727e-07,5.064506578394086e-05,1.5755812475016326e-05,5.688246484205659e-08,3.406426952476085e-08,1.424484227207887e-05,1.4237399642486277e-05,7.437529274936508e-05,9.694005787091753e-07,3.678579928630386e-06,3.7625897677617194e-31,3.9300375390541185e-16
9.289581087018052e-08,0.05595639656,0.054,0.0,0.0,0.021668355334397704,0.8757540596236855,0.0005262964131831092,0.00011372581402217321,2.0073465853206012e-12,0.06559169797440133,0.0,0.007876723475493683,2.1997444849820706e-06,2.3048990304983866e-07,5.060859328796331e-05,1.5732487501755257e-05,5.687048466434534e-08,3.4066853321181784e-08,1.424244681804777e-05,1.4256145347259246e-05,7.451377925801404e-05,9.691128318763943e-07,3.6794865926298335e-06,3.7953558566399177e-31,3.9417183009043774e-16
9.309044898824024e-08,0.05595639656,0.054,0.0,0.0,0.021656576559621027,0.8757475456344257,0.0005275015563567932,0.00011405733032087269,2.0160463821823604e-12,0.06559093922148411,0.0,0.00788838924539707,2.1992828712108782e-06,2.299793978425045e-07,5.057215349936748e-05,1.5709219942601246e-05,5.685847450471685e-08,3.406938940761886e-08,1.4240041236109031e-05,1.4274849191321551e-05,7.465215032195795e-05,9.688235025417687e-07,3.6803858952569205e-06,3.8283251270186468e-31,3.9534027729986607e-16
9.328508710629996e-08,0.05595639656,0.054,0.0,0.0,0.021644811478896454,0.875741038771345,0.0005287061697234834,0.00011438874388271304,2.0247622612927194e-12,0.06559018077009536,0.0,0.00790004144989062,2.1988200955017893e-06,2.2947082690529207e-07,5.0535746485833125e-05,1.5686009601038743e-05,5.68464346110992e-08,3.40718780522589e-08,1.4237625608817866e-05,1.4293511271892805e-05,7.479040608487187e-05,9.685326043145802e-07,3.6812778789675943e-06,3.8614983183842873e-31,3.9650909203232556e-16
9.347972522435969e-08,0.05595639656,0.054,0.0,0.0,0.021633060066608263,0.8757345390222194,0.0005299102522333909,0.00011472005420320724,2.0334942090649868e-12,0.06558942262093073,0.0,0.00791168011423294,2.198356167400752e-06,2.2896417950167766e-07,5.0499372313759946e-05,1.5662856281371255e-05,5.683436522982106e-08,3.407431952173204e-08,1.4235200018872535e-05,1.4312131685066981e-05,7.492854668985621e-05,9.682401506815757e-07,3.682162585867974e-06,3.8948761708566223e-31,3.976782708014587e-16
9.367436334241941e-08,0.05595639656,0.054,0.0,0.0,0.021621322297213075,0.875728046374854,0.0005311138028473883,0.00011505126078240657,2.042242211929575e-12,0.06558866477467977,0.0,0.007923305263612023,2.1978910963829483e-06,2.2845944497706242e-07,5.0463031048284957e-05,1.563975978871759e-05,5.6822266605017327e-08,3.407671408063579e-08,1.4232764546138438e-05,1.4330710527775786e-05,7.506657228054766e-05,9.679461550014822e-07,3.683040057689726e-06,3.928459425189259e-31,3.9884781013612023e-16
9.386900146047913e-08,0.05595639656,0.054,0.0,0.0,0.021609598145235862,0.8757215608170825,0.0005323168205369149,0.00011538236312484972,2.05100625633387e-12,0.06558790723202601,0.0,0.007934916923152324,2.1974248918542057e-06,2.2795661275268195e-07,5.042672275329991e-05,1.561671992900802e-05,5.6810138979563807e-08,3.407906199230864e-08,1.4230319274346643e-05,1.4349247894636526e-05,7.520448299752177e-05,9.67650630518649e-07,3.6839103358216557e-06,3.962248822762356e-31,4.0001770657990376e-16
9.406363957853886e-08,0.05595639656,0.054,0.0,0.0,0.021597887585273905,0.8757150823367686,0.0005335193042839143,0.00011571336073953153,2.0597863287421703e-12,0.0655871499936469,0.0,0.007946515117907046,2.1969575631515954e-06,2.2745567232960815e-07,5.039044749146265e-05,1.559373650898188e-05,5.679798259400822e-08,3.408136351796631e-08,1.4227864283189648e-05,1.4367743881701297e-05,7.534227898244715e-05,9.673535903608841e-07,3.6847734613237496e-06,3.996245105583316e-31,4.0118795669149315e-16
9.425827769659858e-08,0.05595639656,0.054,0.0,0.0,0.021586190591996304,0.8757086109218047,0.0005347212530807603,0.00011604425313986624,2.0685824156356703e-12,0.065586393060214,0.0,0.007958099872860627,2.1964891195431506e-06,2.2695661328763887e-07,5.035420532421064e-05,1.5570809336184657e-05,5.678579768734705e-08,3.408361891725244e-08,1.422539965060237e-05,1.4386198584398143e-05,7.54799603779252e-05,9.670550475326106e-07,3.6856294749162456e-06,4.030449016281187e-31,4.023585570443957e-16
9.44529158146583e-08,0.05595639656,0.054,0.0,0.0,0.02157450714013999,0.875702146560112,0.0005359226659301648,0.00011637503984363896,2.07739450351243e-12,0.06558563643239282,0.0,0.007969671212932648,2.1960195702287945e-06,2.2645942528141024e-07,5.031799631177781e-05,1.554793821896409e-05,5.677358449675703e-08,3.408582844816224e-08,1.4222925456422358e-05,1.440461209758857e-05,7.561752732380916e-05,9.667550149274611e-07,3.6864784169670993e-06,4.064861298107524e-31,4.0352950422686737e-16
9.464755393271803e-08,0.05595639656,0.054,0.0,0.0,0.02156283720451347,0.8756956892396403,0.0005371235418450967,0.0001167057203729637,2.086222578887304e-12,0.06558488011084307,0.0,0.007981229162973757,2.195548924341076e-06,2.2596409804354851e-07,5.028182051320859e-05,1.5525122966466715e-05,5.6761343257689486e-08,3.408799236698126e-08,1.422044177802764e-05,1.4422984515828893e-05,7.575497996131971e-05,9.66453505317046e-07,3.6873203275117515e-06,4.099482694928056e-31,4.047007948418834e-16
9.484219205077775e-08,0.05595639656,0.054,0.0,0.0,0.02155118075999372,0.8756892389483687,0.0005383238798487095,0.00011703629425424625,2.095066628291889e-12,0.06558412409621857,0.0,0.007992773747768727,2.1950771909457652e-06,2.2547062138070994e-07,5.0245677986371056e-05,1.5502363388634852e-05,5.674907420392062e-08,3.409011092844072e-08,1.4217948693181126e-05,1.4441315933409386e-05,7.589231843016032e-05,9.661505313619778e-07,3.6881552462567698e-06,4.134313951224714e-31,4.058724255070237e-16
9.503683016883747e-08,0.05595639656,0.054,0.0,0.0,0.021539537781526834,0.8756827956743045,0.0005395236789742703,0.00011736676101814771,2.103926638274453e-12,0.06558336838916733,0.0,0.008004304992035832,2.194604379042749e-06,2.249789851738477e-07,5.0209568787969896e-05,1.547965929620354e-05,5.67367775673669e-08,3.4092184385497675e-08,1.4215446279120416e-05,1.4459606444331478e-05,7.602954286944396e-05,9.658461056165506e-07,3.688983212591239e-06,4.1693558120907e-31,4.070443928544893e-16
9.52314682868972e-08,0.05595639656,0.054,0.0,0.0,0.02152790824412769,0.8756763594054835,0.0005407229382650837,0.00011769712019954802,2.1128025953998547e-12,0.06558261299033151,0.0,0.00801582292042727,2.1941304975668695e-06,2.2448917937772606e-07,5.017349297356036e-05,1.545701050069762e-05,5.6724453578386424e-08,3.4094212989618876e-08,1.4212934612750558e-05,1.4477856142113606e-05,7.616665341767587e-05,9.655402405277225e-07,3.6898042656093046e-06,4.204609023227674e-31,4.082166935309512e-16
9.542610640495692e-08,0.05595639656,0.054,0.0,0.0,0.0215162921228825,0.8756699301299704,0.000541921656774411,0.00011802737133750655,2.121694486249572e-12,0.06558185790034766,0.0,0.008027327557525592,2.1936555553868557e-06,2.2400119402335655e-07,5.013745059756231e-05,1.5434416814428497e-05,5.671210246540043e-08,3.4096196990387364e-08,1.42104137668767e-05,1.4496065120872738e-05,7.630365021555772e-05,9.652329484247338e-07,3.6906184440753955e-06,4.240074330941937e-31,4.093893241976631e-16
9.562074452301664e-08,0.05595639656,0.054,0.0,0.0,0.021504689392942335,0.8756635078358579,0.0005431198335653963,0.00011835751397522317,2.1306022974216537e-12,0.06558110311984651,0.0,0.00803881892785235,2.193179561306251e-06,2.2351501921133087e-07,5.010144171327298e-05,1.5411878050490303e-05,5.6699724455532495e-08,3.4098136636194266e-08,1.4207883818613523e-05,1.4514233472983895e-05,7.644053339991631e-05,9.649242415339596e-07,3.69142578642529e-06,4.275752482144774e-31,4.1056228153003778e-16
9.581538264107637e-08,0.05595639656,0.054,0.0,0.0,0.02149310002952763,0.8756570925112674,0.0005443174677109879,0.0001186875476599979,2.139526015530602e-12,0.06558034864945315,0.0,0.008050297055861159,2.1927025240658077e-06,2.2303064511446106e-07,5.0065466372880685e-05,1.5389394022756234e-05,5.6687319773877023e-08,3.4100032173494845e-08,1.4205344842138084e-05,1.4532361291609225e-05,7.65773031083702e-05,9.646141319779232e-07,3.692226330807371e-06,4.31164422434626e-31,4.1173556221798106e-16
9.601002075913609e-08,0.05595639656,0.054,0.0,0.0,0.02148152400792899,0.8756506841443477,0.0005455145582938797,0.00011901747194320476,2.148465627207387e-12,0.06557959448978704,0.0,0.008061761965937763,2.192224452342508e-06,2.2254806197928372e-07,5.002952462747506e-05,1.5366964545876673e-05,5.66748886440216e-08,3.410188384724312e-08,1.4202796908610052e-05,1.4550448669738418e-05,7.671395948044606e-05,9.643026317642767e-07,3.693020115063981e-06,4.3477503056531805e-31,4.1290916296562913e-16
9.620465887719581e-08,0.05595639656,0.054,0.0,0.0,0.021469961303501595,0.8756442827232765,0.0005467111044064265,0.0001193472863802463,2.157421119099422e-12,0.06557884064146205,0.0,0.008073213682406365,2.1917453547499957e-06,2.2206726012040247e-07,4.9993616527062774e-05,1.5344589435275187e-05,5.666243128798126e-08,3.410369190092927e-08,1.4200240092255558e-05,1.456849569939445e-05,7.685050265231613e-05,9.639897528034062e-07,3.6938071767166702e-06,4.3840714747688195e-31,4.140830804912789e-16
9.639929699525554e-08,0.05595639656,0.054,0.0,0.0,0.02145841189166818,0.8756378882362593,0.0005479071051505739,0.00011967699053052072,2.1663924778704494e-12,0.06557808710508649,0.0,0.008084652229525964,2.191265239839908e-06,2.2158822992279784e-07,4.995774212057893e-05,1.532226850714527e-05,5.66499479260933e-08,3.410545657645083e-08,1.4197674466395714e-05,1.4586502472335511e-05,7.698693276002022e-05,9.636755069045646e-07,3.694587553005468e-06,4.420608480986665e-31,4.152573115272869e-16
9.659393511331526e-08,0.05595639656,0.054,0.0,0.0,0.021446875747921347,0.8756315006715291,0.0005491025596377923,0.00012000658395738936,2.175379690200548e-12,0.06557733388126312,0.0,0.008096077631487017,2.190784116101791e-06,2.2111096184273578e-07,4.9921901455898655e-05,1.530000157844747e-05,5.6637438777004386e-08,3.410717811405438e-08,1.4195100099964562e-05,1.4604469081051733e-05,7.712324994201828e-05,9.63359905766628e-07,3.6953612808756685e-06,4.457362074189092e-31,4.16431852820227e-16
9.678857323137498e-08,0.05595639656,0.054,0.0,0.0,0.021435352847816763,0.8756251200173474,0.0005502974669889898,0.00012033606622813382,2.18438274278606e-12,0.06557658097058928,0.0,0.0081074899124207,2.1903019919637047e-06,2.2063544640327137e-07,4.988609457985217e-05,1.527778846690529e-05,5.662490405794721e-08,3.410885675263845e-08,1.4192517066446411e-05,1.4622395616211633e-05,7.72594543327868e-05,9.630429609985393e-07,3.696128396981975e-06,4.494333004845523e-31,4.1760670113050557e-16
9.698321134943471e-08,0.05595639656,0.054,0.0,0.0,0.02142384316697796,0.8756187462620026,0.0005514918263344544,0.00012066543691392818,2.193401622339531e-12,0.06557582837365679,0.0,0.00811888909639164,2.189818875793194e-06,2.2016167419557476e-07,4.985032153823469e-05,1.5255628991002565e-05,5.6612343984440814e-08,3.411049272947159e-08,1.4189925436393351e-05,1.4640282169208618e-05,7.73955460677535e-05,9.62724684111584e-07,3.6968889377060872e-06,4.531522024008251e-31,4.1878185323256585e-16
9.717784946749443e-08,0.05595639656,0.054,0.0,0.0,0.02141234668109732,0.8756123793938118,0.0005526856368137893,0.00012099469558980845,2.2024363155897316e-12,0.06557507609105206,0.0,0.008130275207397347,2.189334775897184e-06,2.1968963588021928e-07,4.981458237581744e-05,1.5233522969980577e-05,5.659975877040042e-08,3.411208628025866e-08,1.4187325276724755e-05,1.4658128831622075e-05,7.75315252846188e-05,9.624050865061525e-07,3.6976429391391726e-06,4.568929883309196e-31,4.1995730591477693e-16
9.737248758555415e-08,0.05595639656,0.054,0.0,0.0,0.021400863365929588,0.8756060194011188,0.0005538788975758273,0.000121323841834629,2.2114868092816116e-12,0.06557432412335615,0.0,0.008141648269376286,2.188849700522692e-06,2.1921932218274268e-07,4.977887713636246e-05,1.5211470223834016e-05,5.658714862835008e-08,3.411363763937313e-08,1.4184716658498865e-05,1.4675935693617952e-05,7.766739211718879e-05,9.620841794940739e-07,3.698390437072524e-06,4.606557334960455e-31,4.211330559792166e-16
9.756712570361388e-08,0.05595639656,0.054,0.0,0.0,0.021389393197295558,0.8755996662722954,0.0005550716077785726,0.0001216528752310347,2.220553090176195e-12,0.06557357247114479,0.0,0.008153008306202813,2.1883636578577025e-06,2.1875072389514468e-07,4.974320586263239e-05,1.5189470573308122e-05,5.657451376915314e-08,3.4115147039611974e-08,1.4182099651585026e-05,1.4693702845354065e-05,7.780314669923936e-05,9.617619742940784e-07,3.699131467040731e-06,4.64440513174744e-31,4.2230910024170725e-16
9.77617638216736e-08,0.05595639656,0.054,0.0,0.0,0.02137793615108425,0.8755933199957407,0.0005562637665891323,0.00012198179536542936,2.2296351450505824e-12,0.06557282113498836,0.0,0.008164355341684268,2.1878766560311457e-06,2.182838318765597e-07,4.970756859640184e-05,1.5167523839895644e-05,5.6561854402117067e-08,3.411661471224701e-08,1.4179474321589791e-05,1.4711430377614901e-05,7.793878916701847e-05,9.614384820222931e-07,3.6998660643095576e-06,4.682474027027965e-31,4.234854355318892e-16
9.795640193973332e-08,0.05595639656,0.054,0.0,0.0,0.021366492203248,0.875586980559881,0.0005574553731836539,0.00012231060182794453,2.238732960697939e-12,0.06557207011545195,0.0,0.008175689399567709,2.1873887031132646e-06,2.1781863705038047e-07,4.9671965378468204e-05,1.5145629845833705e-05,5.6549170735147856e-08,3.4118040887206206e-08,1.4176840736393403e-05,1.4729118380016023e-05,7.80743196545429e-05,9.611137137028263e-07,3.7005942638572933e-06,4.720764774730271e-31,4.24662058692921e-16
9.815104005779305e-08,0.05595639656,0.054,0.0,0.0,0.021355061329802593,0.8755806479531699,0.0005586464267472388,0.000122639294212398,2.2478465239273967e-12,0.06557131941309549,0.0,0.008187010503538846,2.1868998071168855e-06,2.1735513040357568e-07,4.9636396248666105e-05,1.5123788414099562e-05,5.653646297458276e-08,3.4119425792924035e-08,1.4174198964732077e-05,1.4746766941863098e-05,7.820973829410964e-05,9.60787680275534e-07,3.701316100404442e-06,4.75927812934979e-31,4.258389665815305e-16
9.834567817585277e-08,0.05595639656,0.054,0.0,0.0,0.021343643506831163,0.8755743221640878,0.0005598369264738895,0.00012296787211627002,2.2569758215640335e-12,0.0655705690284736,0.0,0.00819831867721743,2.186409975997492e-06,2.1689330298828894e-07,4.960086124587603e-05,1.5101999368408311e-05,5.652373132524677e-08,3.412076965635452e-08,1.4171549071448763e-05,1.4764376152906711e-05,7.834504522032733e-05,9.604603925810683e-07,3.7020316084175667e-06,4.798014845945089e-31,4.2701615606803744e-16
9.85403162939125e-08,0.05595639656,0.054,0.0,0.0,0.0213322387104808,0.8755680031811431,0.0005610268715664472,0.00012329633514067244,2.266120840448882e-12,0.06556981896213579,0.0,0.008209613944161562,2.185919217653227e-06,2.1643314592026968e-07,4.956536040803515e-05,1.5080262533209783e-05,5.651097599052199e-08,3.412207270306433e-08,1.416889112161636e-05,1.4781946102313517e-05,7.848024056707191e-05,9.601318613673537e-07,3.7027408220880857e-06,4.836975680136863e-31,4.2819362403616807e-16
9.873495441197222e-08,0.05595639656,0.054,0.0,0.0,0.021320846916960325,0.87556169099287,0.000562216261236527,0.00012362468289031813,2.275281567438846e-12,0.06556906921462642,0.0,0.00822089632787026,2.185427539925993e-06,2.1597465037628335e-07,4.952989377214777e-05,1.5058577733685198e-05,5.649819717239629e-08,3.412333515727669e-08,1.416622518283168e-05,1.4799476878359348e-05,7.861532446545512e-05,9.59802097302444e-07,3.7034437753517885e-06,4.876161388105186e-31,4.293713673829551e-16
9.892959253003194e-08,0.05595639656,0.054,0.0,0.0,0.021309468102545623,0.8755553855878305,0.000563405094704435,0.00012395291497348243,2.284457989406665e-12,0.06556831978648478,0.0,0.008232165851776269,2.1849349506016513e-06,2.1551780759786852e-07,4.949446137429889e-05,1.503694479574328e-05,5.648539507118592e-08,3.4124557241611824e-08,1.4163551317781964e-05,1.4816968570243812e-05,7.87502970494853e-05,9.594711109568149e-07,3.704140501897959e-06,4.915572726585745e-31,4.305493830189463e-16
9.912423064809166e-08,0.05595639656,0.054,0.0,0.0,0.021298102243575413,0.875549086954613,0.0005645933711991176,0.0001242810310019787,2.2936500932409276e-12,0.06556757067824501,0.0,0.008243422539252022,2.1844414574102538e-06,2.1506260888696203e-07,4.945906324966273e-05,1.5015363546017637e-05,5.647256988600791e-08,3.412573917748857e-08,1.4160869590043473e-05,1.4834421266320686e-05,7.888515845208006e-05,9.591389128117813e-07,3.7048310351480505e-06,4.955210452867401e-31,4.317276678678241e-16
9.931886876615139e-08,0.05595639656,0.054,0.0,0.0,0.021286749316448937,0.8755427950818325,0.0005657810899581051,0.00012460903059113092,2.302857865845975e-12,0.06556682189043625,0.0,0.008254666413612138,2.183947068027296e-06,2.1460904560503449e-07,4.942369943251213e-05,1.4993833811863749e-05,5.645972181448841e-08,3.4126881184933944e-08,1.4158180066338802e-05,1.4851835053918985e-05,7.901990880292404e-05,9.588055132746668e-07,3.7055154082814177e-06,4.995075324791292e-31,4.329062188664291e-16
9.951350688421111e-08,0.05595639656,0.054,0.0,0.0,0.021275409297632587,0.8755365099581314,0.000566968250227429,0.00012493691335973723,2.3120812941418745e-12,0.06556607342358264,0.0,0.008265897498104488,2.1834517900737463e-06,2.1415710917685516e-07,4.938836995623183e-05,1.4972355421355299e-05,5.644685105271484e-08,3.4127983482458814e-08,1.4155482807322146e-05,1.4869210021609808e-05,7.915454823546364e-05,9.58470922656271e-07,3.7061936542454496e-06,5.0351681007451155e-31,4.340850329649456e-16
9.970814500227083e-08,0.05595639656,0.054,0.0,0.0,0.021264082163654958,0.8755302315721772,0.000568154851261571,0.00012526467893004495,2.3213203650644443e-12,0.06556532527820338,0.0,0.008277115815917216,2.1829556311156596e-06,2.1370679108693642e-07,4.9353074853327014e-05,1.4950928203281429e-05,5.643395779547232e-08,3.4129046287299496e-08,1.4152777874509261e-05,1.4886546257099473e-05,7.928907688215194e-05,9.58135151179553e-07,3.7068658057211134e-06,5.075489539662704e-31,4.35264107126549e-16
9.990278312033056e-08,0.05595639656,0.054,0.0,0.0,0.021252767891103957,0.8755239599126656,0.0005693408923234015,0.00012559232692772095,2.3305750655651706e-12,0.06556457745481263,0.0,0.008288321390181933,2.182458598665632e-06,2.1325808287719325e-07,4.9317814155433055e-05,1.4929551987143284e-05,5.642104223621696e-08,3.413006981542739e-08,1.4150065333167628e-05,1.4903843846917599e-05,7.942349487180349e-05,9.577982089959176e-07,3.707531895149766e-06,5.116040401021933e-31,4.364434383273623e-16
9.999999999999998e-08,0.05595639656,0.054,0.0,0.0,0.0212471215034912,0.8755208298907147,0.0005699330802937624,0.00012575593477697777,2.3352034061885404e-12,0.06556420405643863,0.0,0.008293913529770268,2.182210018596684e-06,2.1303456456882406e-07,4.930021521078639e-05,1.4918894146923749e-05,5.641458294527225e-08,3.413056640099124e-08,1.4148707656417508e-05,1.4912469116507524e-05,7.949059190365719e-05,9.576294795318425e-07,3.7078623301630827e-06,5.136380693785906e-31,4.3703258012807413e-16
1.0009742123839028e-07,0.05595639656,0.054,0.0,0.0,0.021241466456632715,0.8755176949683177,0.000570526372684115,0.0001259198569818233,2.339845382611143e-12,0.06556382995391974,0.0,0.008299514243965656,2.181960700183477e-06,2.128109761498863e-07,4.928258789332595e-05,1.4908226603150935e-05,5.6408104566872066e-08,3.413105428132496e-08,1.414734524401112e-05,1.4921102878548411e-05,7.955780233576813e-05,9.57460106170085e-07,3.70819195475682e-06,5.156821444839665e-31,4.376230235566325e-16
1.0029205935645e-07,0.05595639656,0.054,0.0,0.0,0.021230177836957492,0.8755114367278807,0.0005717112916231718,0.00012624726872477492,2.3491313031850655e-12,0.06556308277602912,0.0,0.008310694400274262,2.181461943075751e-06,2.1236546256686422e-07,4.9247396096931944e-05,1.488695188222053e-05,5.6395144978059014e-08,3.413199989818986e-08,1.4144617666525667e-05,1.4938323439063083e-05,7.969199940603446e-05,9.571208526791582e-07,3.708846016529374e-06,5.197833431670011e-31,4.38802859816494e-16
1.0048669747450973e-07,0.05595639656,0.054,0.0,0.0,0.021218902008854474,0.8755051851801289,0.0005728956484282293,0.0001265745617923307,2.3584328142852594e-12,0.06556233592164037,0.0,0.008321861882055753,2.1809623346964414e-06,2.1192153384597912e-07,4.9212238795338574e-05,1.4865727655970654e-05,5.6382163659104484e-08,3.413290687797008e-08,1.4141882662006523e-05,1.4955505614976047e-05,7.98260862123754e-05,9.567804584234592e-07,3.7094941121967683e-06,5.239077122604215e-31,4.3998294412194024e-16
1.0068133559256945e-07,0.05595639656,0.054,0.0,0.0,0.021207638949162267,0.8754989403138619,0.0005740794423950821,0.00012690173582354943,2.3677499029256068e-12,0.06556158939124827,0.0,0.008333016712197456,2.1804618823474475e-06,2.114791817646049e-07,4.917711601680378e-05,1.484455375671914e-05,5.6369160797811814e-08,3.413377543115631e-08,1.413914029051777e-05,1.497264949257861e-05,7.996006288503838e-05,9.564389332174746e-07,3.710136273257304e-06,5.28055327926443e-31,4.4116327350074767e-16
1.0087597371062917e-07,0.05595639656,0.054,0.0,0.0,0.021196388634780832,0.8754927021179061,0.0005752626728276056,0.00012722879046076733,2.3770825561354963e-12,0.0655608431853428,0.0,0.008344158913526972,2.179960593278988e-06,2.1103839815597426e-07,4.914202778876483e-05,1.4823430017480002e-05,5.635613658088378e-08,3.4134605767113824e-08,1.4136390611630372e-05,1.4989755158023517e-05,8.009392955390811e-05,9.560962867971784e-07,3.7107725309864527e-06,5.322262663802899e-31,4.423438449934583e-16
1.010706118286889e-07,0.05595639656,0.054,0.0,0.0,0.021185151042670505,0.8754864705811132,0.0005764453390377002,0.00012755572534957308,2.386430760959764e-12,0.0655600973044092,0.0,0.008355288508813516,2.179458474690678e-06,2.105991749085561e-07,4.9106974137847536e-05,1.4802356271960431e-05,5.6343091193546224e-08,3.413539809382749e-08,1.4133633685528018e-05,1.5006822696941277e-05,8.022768634776026e-05,9.557525288291292e-07,3.711402916446744e-06,5.3642060388999455e-31,4.435246556532951e-16
1.0126524994674862e-07,0.05595639656,0.054,0.0,0.0,0.021173926149854038,0.8754802456923614,0.0005776274403452297,0.00012788254013878193,2.3957945044586877e-12,0.06555935174892803,0.0,0.008366405520765095,2.178955533732059e-06,2.1016150396773358e-07,4.907195508987635e-05,1.4781332354558086e-05,5.6330024819736844e-08,3.413615261801671e-08,1.4130869569985029e-05,1.5023852195254019e-05,8.036133339651238e-05,9.55407668898079e-07,3.7120274604855378e-06,5.406384167759726e-31,4.447057025461832e-16
1.0145988806480834e-07,0.05595639656,0.054,0.0,0.0,0.02116271393341497,0.8754740274405545,0.0005788089760779609,0.00012820923448040753,2.405173773708007e-12,0.06555860651937508,0.0,0.00837750997203079,2.1784517775011795e-06,2.097253773364036e-07,4.903697066988388e-05,1.4760358100357987e-05,5.631693764204066e-08,3.4136869545043935e-08,1.4128098322512556e-05,1.5040843738411708e-05,8.049487082991002e-05,9.550617165059095e-07,3.7126461937107576e-06,5.448797814108656e-31,4.458869827505972e-16
1.0165452618286807e-07,0.05595639656,0.054,0.0,0.0,0.021151514370495547,0.8754678158146217,0.0005799899455715061,0.00012853580802963446,2.414568555798864e-12,0.06555786161622151,0.0,0.008388601885202986,2.177947213045942e-06,2.0929078706896284e-07,4.900202090211941e-05,1.4739433345128862e-05,5.630382984197022e-08,3.4137549079246605e-08,1.4125320002336576e-05,1.5057797411252604e-05,8.062829877565316e-05,9.547146810853726e-07,3.7132591465037783e-06,5.4914477421939865e-31,4.470684933574962e-16
1.0184916430092779e-07,0.05595639656,0.054,0.0,0.0,0.0211403274382998,0.8754616108035185,0.0005811703481692648,0.0001288622604447925,2.4239788378377252e-12,0.06555711703993393,0.0,0.008399681282813418,2.177441847364902e-06,2.0885772527824766e-07,4.8967105810057345e-05,1.4718557925319872e-05,5.6290701599289156e-08,3.413819142328556e-08,1.4122534666172989e-05,1.507471329892462e-05,8.076161736266709e-05,9.543665719907318e-07,3.7138663490524923e-06,5.534334716778138e-31,4.482502314703931e-16
1.0204380241898751e-07,0.05595639656,0.054,0.0,0.0,0.021129153114092615,0.8754554123962257,0.000582350183222367,0.00012918859138733176,2.433404606946418e-12,0.0655563727909742,0.0,0.008410748187334527,2.176935687407193e-06,2.0842618412949863e-07,4.893222541640627e-05,1.4697731678057687e-05,5.627755309303668e-08,3.413879677902163e-08,1.4119742369474831e-05,1.5091591486355392e-05,8.089482672046218e-05,9.54017398498818e-07,3.7144678313189194e-06,5.5774595031392385e-31,4.494321942052079e-16
1.0223844053704724e-07,0.05595639656,0.054,0.0,0.0,0.021117991375195502,0.8754492205817496,0.0005835294500896191,0.00012951480052179708,2.4428458502620626e-12,0.06555562886979978,0.0,0.008421802621184674,2.1764287400741485e-06,2.0799615583842554e-07,4.889737974311818e-05,1.4676954441143517e-05,5.626438450072542e-08,3.41393653469311e-08,1.4116943171382896e-05,1.5108432057305496e-05,8.102792697508672e-05,9.536671698241092e-07,3.7150636230526927e-06,5.6208228670679334e-31,4.506143786901234e-16
1.0243307865510696e-07,0.05595639656,0.054,0.0,0.0,0.02110684219899399,0.8754430353491218,0.0005847081481374455,0.00012984088751580249,2.452302554937079e-12,0.06555488527686344,0.0,0.008432844606717964,2.1759210122197553e-06,2.07567632677026e-07,4.886256881139797e-05,1.4656226053050739e-05,5.625119599851398e-08,3.4139897326180705e-08,1.4114137124391608e-05,1.5125235097092767e-05,8.116091825680442e-05,9.533158950906484e-07,3.715653753793454e-06,5.66442557486274e-31,4.517967820658436e-16
1.026082529613607e-07,0.05595639656,0.054,0.0,0.0,0.02109681866287143,0.8754374742581923,0.0005857684895223208,0.00013013426110804844,2.460826798000641e-12,0.06555421632423496,0.0,0.008442771768820672,2.1754633954297994e-06,2.0718324237398356e-07,4.883126869382115e-05,1.4637612136546813e-05,5.623930946831854e-08,3.414034498786075e-08,1.4111605873922588e-05,1.5140325812403025e-05,8.128051734309198e-05,9.529988609398155e-07,3.716180055544862e-06,5.703873284639202e-31,4.528611299020992e-16
1.0278342726761445e-07,0.05595639656,0.054,0.0,0.0,0.02108680526785458,0.8754319184817364,0.000586828369205126,0.0001304275352617151,2.4693635450266734e-12,0.0655535476381663,0.0,0.008452688882069542,2.1750051568564536e-06,2.068000594492661e-07,4.879999674791474e-05,1.4619037540480346e-05,5.622740707972008e-08,3.414076331665971e-08,1.4109069163629317e-05,1.5155386255908251e-05,8.140002835564811e-05,9.526809933846103e-07,3.7167018168911783e-06,5.743516043406133e-31,4.539256506663352e-16
1.029586015738682e-07,0.05595639656,0.054,0.0,0.0,0.021076801997581017,0.8754263680118103,0.0005878877867395915,0.00013072070974077111,2.477912786680923e-12,0.06555287921897823,0.0,0.008462595962640497,2.174546301396106e-06,2.064180783776709e-07,4.876875298761655e-05,1.460050214848143e-05,5.621548895859367e-08,3.4141152455241355e-08,1.4106527030398398e-05,1.5170416489213333e-05,8.15194513895541e-05,9.523622989254315e-07,3.7172190589419693e-06,5.783354410843215e-31,4.549903422994746e-16
1.0313377588012194e-07,0.05595639656,0.054,0.0,0.0,0.02106680883572282,0.8754208228404873,0.0005889467416843073,0.00013101378431113652,2.4864745136390974e-12,0.06555221106698865,0.0,0.008472493026677411,2.1740868339152954e-06,2.0603729366683133e-07,4.8737537426394997e-05,1.4582005844613158e-05,5.620355523018446e-08,3.4141512545632405e-08,1.4103979516342752e-05,1.5185416572294935e-05,8.163878653570813e-05,9.520427840300466e-07,3.7177318026660897e-06,5.823388946960387e-31,4.560552027502204e-16
1.0330895018637568e-07,0.05595639656,0.054,0.0,0.0,0.02105682576599181,0.8754152829598574,0.0005900052336026908,0.00013130675874067042,2.495048716586791e-12,0.06555154318251265,0.0,0.008482380090284429,2.1736267592496558e-06,2.0565769985880972e-07,4.870635007725414e-05,1.4563548513370071e-05,5.6191606018777104e-08,3.414184372894492e-08,1.4101426660941467e-05,1.5200386565989082e-05,8.175803388616395e-05,9.517224551227229e-07,3.7182400689224946e-06,5.863620212092985e-31,4.571202299752945e-16
1.0348412449262943e-07,0.05595639656,0.054,0.0,0.0,0.021046852772140537,0.8754097483620262,0.0005910632620629568,0.00013159963279915602,2.503635386219567e-12,0.06555087556586225,0.0,0.008492257169525534,2.17316608220383e-06,2.0527929152921077e-07,4.867519095273821e-05,1.454513003967639e-05,5.617964144795533e-08,3.414214614557443e-08,1.409886850062164e-05,1.521532653132522e-05,8.187719353532226e-05,9.514013185669752e-07,3.7187438784283253e-06,5.904048766900285e-31,4.581854219393506e-16
1.0365929879888317e-07,0.05595639656,0.054,0.0,0.0,0.02103688983795657,0.8754042190391164,0.0005921208266380834,0.00013189240625828563,2.5122345132429276e-12,0.06555020821734682,0.0,0.008502124280431704,2.172704807552251e-06,2.0490206328602196e-07,4.86440600649363e-05,1.4526750308883823e-05,5.6167661640531475e-08,3.414241993516208e-08,1.4096305075752424e-05,1.5230236528135616e-05,8.199626557430222e-05,9.51079380691616e-07,3.7192432517503405e-06,5.944675172367891e-31,4.592507766147627e-16
1.0383447310513692e-07,0.05595639656,0.054,0.0,0.0,0.02102693694727055,0.8753986949832684,0.0005931779269063904,0.0001321850788918892,2.5208460883734804e-12,0.06554954113727245,0.0,0.008511981438991444,2.1722429400382398e-06,2.0452600976786485e-07,4.8612957425430076e-05,1.4508409206822909e-05,5.6155666718780336e-08,3.4142665236838815e-08,1.4093736425683205e-05,1.5245116616561621e-05,8.211525009425274e-05,9.507566477794429e-07,3.7197382093350703e-06,5.985499989805753e-31,4.603162919812006e-16
1.0400964741139066e-07,0.05595639656,0.054,0.0,0.0,0.021016994083944748,0.8753931761866361,0.0005942345624497577,0.00013247765047522713,2.529470102335386e-12,0.06554887432594304,0.0,0.008521828661161742,2.1717804843761708e-06,2.0415112566380407e-07,4.858188304546191e-05,1.4490106619648162e-05,5.6143656802597605e-08,3.414288218743383e-08,1.4091162586184746e-05,1.5259966857223594e-05,8.223414718904326e-05,9.504331260637597e-07,3.720228771528272e-06,6.026523780847891e-31,4.613819660291399e-16
1.041848217176444e-07,0.05595639656,0.054,0.0,0.0,0.02100706123187576,0.8753876626413893,0.000595290732855017,0.00013277012078553174,2.5381065458631183e-12,0.0655482077836596,0.0,0.00853166596286817,2.171317445260139e-06,2.0377740564063873e-07,4.855083693580996e-05,1.4471842433959957e-05,5.61316320158446e-08,3.414307092746864e-08,1.4088583600107284e-05,1.5274787308691114e-05,8.235295694683614e-05,9.50108821762254e-07,3.720714958562374e-06,6.067747107408431e-31,4.624477967504743e-16
1.0434247859327278e-07,0.05595639656,0.054,0.0,0.0,0.02099813021137006,0.8753827049341454,0.0005962408881893832,0.00013303325729393132,2.545889964667897e-12,0.06554760812588505,0.0,0.008540511065526377,2.170900215050894e-06,2.0344204858670356e-07,4.852291961675748e-05,1.4455437406766058e-05,5.612079708852789e-08,3.4143216782911256e-08,1.4086258137427519e-05,1.5288100296482362e-05,8.245981113565947e-05,9.4981628385379e-07,3.721148802722005e-06,6.105019168919588e-31,4.634071767060208e-16
1.0448436978133832e-07,0.05595639656,0.054,0.0,0.0,0.020990099205435764,0.8753782466243644,0.0005970957053328182,0.00013327000972995602,2.552903637707796e-12,0.0655470686206001,0.0,0.008548464808045716,2.1705243098002985e-06,2.031410266495985e-07,4.8497813621330634e-05,1.4440699331196172e-05,5.6111035508806954e-08,3.414332869078837e-08,1.408416170271734e-05,1.5300061432822058e-05,8.255591954120853e-05,9.495524656824152e-07,3.7215362583657834e-06,6.138702940957433e-31,4.642707245914637e-16
1.0462626096940385e-07,0.05595639656,0.054,0.0,0.0,0.020982074739390243,0.8753737917461513,0.0005979502165803046,0.0001335066953309804,2.5599254493452484e-12,0.0655465292923619,0.0,0.008556412069929591,2.170148029975731e-06,2.0284075916952865e-07,4.8472726191735956e-05,1.4425986250648476e-05,5.610126438324693e-08,3.414342233059541e-08,1.4082061956889016e-05,1.5312003130877575e-05,8.265197080841875e-05,9.492881449217658e-07,3.721920878966826e-06,6.172518628446651e-31,4.651343717337934e-16
1.0476815215746939e-07,0.05595639656,0.054,0.0,0.0,0.020974056804751624,0.8753693402953765,0.0005988044217212198,0.0001337433139821974,2.5669553946753568e-12,0.06554599014132495,0.0,0.00856435285956588,2.169771378011361e-06,2.0254124339899415e-07,4.8447657332859956e-05,1.441129810567136e-05,5.6091483773419876e-08,3.414349777308154e-08,1.4079958917849192e-05,1.5323925422735217e-05,8.274796498705076e-05,9.490233247800625e-07,3.722302675027291e-06,6.206466530666671e-31,4.659981170818345e-16
1.0491004334553493e-07,0.05595639656,0.054,0.0,0.0,0.020966045393051358,0.8753648922679174,0.0005996583205469033,0.0001339798655695799,2.5739934687973733e-12,0.06554545116764268,0.0,0.008572287185330757,2.169394356335137e-06,2.0224247658831978e-07,4.842260704941009e-05,1.4396634836992827e-05,5.608169374265101e-08,3.414355509032649e-08,1.4077852607259988e-05,1.5335828339187005e-05,8.284390212410143e-05,9.487580084587459e-07,3.7226816570226795e-06,6.240546946983907e-31,4.668619595890603e-16
1.0505193453360047e-07,0.05595639656,0.054,0.0,0.0,0.020958040495840255,0.8753604476596577,0.0006005119128506033,0.00013421634997986582,2.5810396668147876e-12,0.06554491237146735,0.0,0.008580215055579751,2.169016967356716e-06,2.019444560204282e-07,4.839757534591709e-05,1.4381996385516812e-05,5.607189435214316e-08,3.414359435253079e-08,1.407574304151253e-05,1.5347711912579954e-05,8.293978227015481e-05,9.484921991256925e-07,3.7230578353467376e-06,6.274760176925315e-31,4.677258982115077e-16
1.05193825721666e-07,0.05595639656,0.054,0.0,0.0,0.020950042104682497,0.875356006466489,0.0006013651984275538,0.00013445276710058378,2.58809398383543e-12,0.06554437375294994,0.0,0.008588136478656834,2.168639213470956e-06,2.016471789842023e-07,4.8372562226727465e-05,1.4367382692330026e-05,5.60620856637879e-08,3.414361563063309e-08,1.4073630241331517e-05,1.5359576173778603e-05,8.303560547271905e-05,9.482258999338305e-07,3.7234312203344895e-06,6.309106520119604e-31,4.685899319090839e-16
1.0533571690973154e-07,0.05595639656,0.054,0.0,0.0,0.02094205021115878,0.8753515686843093,0.000602218177074951,0.00013468911682004383,2.595156414971382e-12,0.06554383531224035,0.0,0.008596051462889342,2.168261097062351e-06,2.0135064277793686e-07,4.834756769600638e-05,1.4352793698699374e-05,5.605226773896417e-08,3.414361899501784e-08,1.4071514226491507e-05,1.5371421154086803e-05,8.313137177954278e-05,9.479591140253999e-07,3.7238018222827213e-06,6.3435862763504674e-31,4.694540596445229e-16
1.0547760809779708e-07,0.05595639656,0.054,0.0,0.0,0.02093406480686604,0.8753471343090233,0.0006030708485918482,0.00013492539902729467,2.6022269553387963e-12,0.0655432970494873,0.0,0.00860396001658858,2.1678826205056622e-06,2.010548447122302e-07,4.832259175774932e-05,1.4338229346061283e-05,5.6042440638702965e-08,3.414360451573845e-08,1.4069395015647157e-05,1.5383246884911964e-05,8.32270812391766e-05,9.476918445225282e-07,3.7241696514425734e-06,6.3781997455614615e-31,4.703182803831784e-16
1.0561949928586262e-07,0.05595639656,0.054,0.0,0.0,0.02092608588341449,0.8753427033365417,0.0006039232127789393,0.0001351616136120389,2.6093056000574477e-12,0.06554275896483854,0.0,0.008611862148053168,2.167503786165983e-06,2.0075978211143492e-07,4.829763441580226e-05,1.4323689576004298e-05,5.6032604423708666e-08,3.41435722624989e-08,1.4067272628005374e-05,1.5395053397336507e-05,8.332273389975133e-05,9.474240945325377e-07,3.724534718022512e-06,6.412947227798202e-31,4.711825930944836e-16
1.0576139047392816e-07,0.05595639656,0.054,0.0,0.0,0.020918113432433123,0.8753382757627831,0.0006047752694391277,0.00013539776046486013,2.6163923442520193e-12,0.06554222105844047,0.0,0.008619757865563077,2.167124596392083e-06,2.0046545232037381e-07,4.827269567380912e-05,1.4309174330323028e-05,5.602275915416079e-08,3.414352230449486e-08,1.4065147082027738e-05,1.5406840722621675e-05,8.341832980972159e-05,9.47155867139238e-07,3.724897032168483e-06,6.447829023211493e-31,4.7204699675156e-16
1.059032816619937e-07,0.05595639656,0.054,0.0,0.0,0.020910147445565942,0.8753338515836729,0.0006056270183772287,0.0001356338394771005,2.6234871830514095e-12,0.06554168333043837,0.0,0.00862764717738393,2.166745053522383e-06,2.0017185268620333e-07,4.82477755352415e-05,1.4294683550988724e-05,5.601290489059958e-08,3.4143454711261106e-08,1.406301839725083e-05,1.5418608891713695e-05,8.351386901653039e-05,9.468871654163028e-07,3.725256603984376e-06,6.482845432133297e-31,4.729114903293879e-16
1.0604517285005923e-07,0.05595639656,0.054,0.0,0.0,0.020902187914474485,0.8753294307951438,0.0006064784593999383,0.00013586985054085291,2.6305901115887996e-12,0.06554114578097635,0.0,0.008635530091763705,2.1663651598781365e-06,1.998789805821574e-07,4.822287400339755e-05,1.4280217180146646e-05,5.60030416923548e-08,3.414336955113101e-08,1.4060886591008716e-05,1.5430357935940117e-05,8.360935156929594e-05,9.466179924081963e-07,3.7256134435012124e-06,6.51799675501735e-31,4.737760728065896e-16
1.0618706403812477e-07,0.05595639656,0.054,0.0,0.0,0.020894234830832387,0.8753250133931345,0.0006073295923157591,0.000136105793548923,2.637701125001277e-12,0.06554060841019738,0.0,0.008643406616939643,2.165984917780905e-06,1.995868333709274e-07,4.8197991081417285e-05,1.4265775160109332e-05,5.599316961947799e-08,3.4143266893273444e-08,1.4058751684383922e-05,1.5442087885578317e-05,8.370477751410381e-05,9.463483511637738e-07,3.7259675607450257e-06,6.553283292412752e-31,4.746407431657073e-16
1.0632895522619031e-07,0.05595639656,0.054,0.0,0.0,0.020886288186332567,0.8753205993735906,0.0006081804169349956,0.00013634166839483845,2.644820218430112e-12,0.06554007121824343,0.0,0.00865127676112839,2.16560432953216e-06,1.9929540845698842e-07,4.817312677227604e-05,1.4251357433358527e-05,5.5983288730286765e-08,3.4143146804987466e-08,1.4056613692832098e-05,1.5453798772465387e-05,8.38001469010013e-05,9.460782446928741e-07,3.7263189656651325e-06,6.588705345032455e-31,4.755055003916537e-16
1.0647084641425585e-07,0.05595639656,0.054,0.0,0.0,0.020878347972682582,0.875316188732465,0.0006090309330700357,0.00013657747497295051,2.651947387021331e-12,0.0655395342052552,0.0,0.008659140532533896,2.1652233974184975e-06,1.9900470323961732e-07,4.814828107876109e-05,1.423696394256828e-05,5.597339908477059e-08,3.41430093551497e-08,1.4054472636215755e-05,1.5465490626825176e-05,8.389545977704765e-05,9.458076759906509e-07,3.726667668132092e-06,6.624263213716581e-31,4.763703434724497e-16
1.0661273760232139e-07,0.05595639656,0.054,0.0,0.0,0.02087041418160324,0.8753117814657168,0.0006098811405347967,0.0001368132131782167,2.659082625924358e-12,0.06553899737137237,0.0,0.00866699793934646,2.1648421237220185e-06,1.987147151312527e-07,4.812345400352448e-05,1.4222594630556271e-05,5.596350074090855e-08,3.4142854610914436e-08,1.4052328533236582e-05,1.5477163479524522e-05,8.399071618956138e-05,9.455366480484937e-07,3.7270136780071137e-06,6.659957199410763e-31,4.772352713999958e-16
1.0675462879038692e-07,0.05595639656,0.054,0.0,0.0,0.02086248680483116,0.8753073775693109,0.0006107310391449773,0.00013704888290630172,2.666225930292668e-12,0.06553846071673362,0.0,0.008674848989740882,2.1644605107148987e-06,1.984254415578623e-07,4.8098645549060306e-05,1.420824944030749e-05,5.595359375693392e-08,3.414268263965196e-08,1.4050181401763862e-05,1.5488817361394355e-05,8.408591618651532e-05,9.452651638365892e-07,3.727357005114505e-06,6.695787603221408e-31,4.78100283168691e-16
1.0689651997845246e-07,0.05595639656,0.054,0.0,0.0,0.02085456583411866,0.8753029770392199,0.0006115806287181358,0.00013728448405360926,2.6733772952839983e-12,0.0655379242414765,0.0,0.008682693691876816,2.1640785606553853e-06,1.9813687996052783e-07,4.8073855717697804e-05,1.4193928314982628e-05,5.594367819110803e-08,3.41424935084453e-08,1.404803125991851e-05,1.5500452303010533e-05,8.418105981567348e-05,9.449932263101259e-07,3.7276976592266842e-06,6.731754726359827e-31,4.789653777764557e-16
1.07038411166518e-07,0.05595639656,0.054,0.0,0.0,0.02084665126123404,0.8752985798714221,0.0006124299090736745,0.000137520016517274,2.6805367160603485e-12,0.06553738794573741,0.0,0.00869053205389804,2.163696275789312e-06,1.9784902779067914e-07,4.80490845116031e-05,1.4179631197916201e-05,5.593375410116875e-08,3.41422872841116e-08,1.404587812524153e-05,1.5512068335118505e-05,8.427614712502312e-05,9.447208384050233e-07,3.7280356500583013e-06,6.7678588701659935e-31,4.79830554224347e-16
1.0718030235458354e-07,0.05595639656,0.054,0.0,0.0,0.02083874307795829,0.8752941860619031,0.0006132788800325624,0.0001377554801950523,2.6877041877873337e-12,0.06553685182965178,0.0,0.008698364083936191,2.1633136583521615e-06,1.9756188251182845e-07,4.802433193280353e-05,1.416535803259058e-05,5.5923821544386074e-08,3.41420640330524e-08,1.404372201616585e-05,1.552366548814004e-05,8.437117816179602e-05,9.44448003044904e-07,3.728370987284795e-06,6.804100336123053e-31,4.806958115163055e-16
1.0732219354264908e-07,0.05595639656,0.054,0.0,0.0,0.020830841276091066,0.875289795606655,0.0006141275414178576,0.00013799087498552918,2.6948797056354246e-12,0.06553631589335386,0.0,0.008706189790104363,2.162930710565731e-06,1.9727544160403207e-07,4.799959798314085e-05,1.4151108762686332e-05,5.5913880577804824e-08,3.414182382130619e-08,1.4041562950020572e-05,1.553524379269988e-05,8.446615297389263e-05,9.441747231303772e-07,3.728703680526959e-06,6.840479425803339e-31,4.815611486600837e-16
1.0746408473071461e-07,0.05595639656,0.054,0.0,0.0,0.02082294584744634,0.8752854085016775,0.0006149758930544173,0.0001382262007880015,2.702063264779227e-12,0.0655357801369767,0.0,0.008714009180502077,2.1625474346431466e-06,1.9698970255129054e-07,4.797488266429944e-05,1.4136883332053345e-05,5.590393125876093e-08,3.4141566715137374e-08,1.4039400945507536e-05,1.5546803278984003e-05,8.456107160801974e-05,9.439010015558453e-07,3.729033739375605e-06,6.87699644093531e-31,4.824265646656358e-16
1.0760597591878015e-07,0.05595639656,0.054,0.0,0.0,0.0208150567838558,0.875281024742976,0.00061582393476887,0.00013846145750246857,2.7092548603975997e-12,0.06553524456065227,0.0,0.008721822263210641,2.1621638327828595e-06,1.9670466286040665e-07,4.7950185977806844e-05,1.4122681684709074e-05,5.589397364330828e-08,3.414129277974021e-08,1.4037236018146492e-05,1.5558343977895595e-05,8.46559341132509e-05,9.436268411834257e-07,3.729361173340535e-06,6.913651683387649e-31,4.832920585459449e-16
1.0774786710684569e-07,0.05595639656,0.054,0.0,0.0,0.02080717407716237,0.8752766443265633,0.0006166716663895455,0.0001386966450295998,2.7164544876733157e-12,0.06553470916451164,0.0,0.008729629046301703,2.161779907178204e-06,1.9642032003543587e-07,4.792550792504411e-05,1.4108503764831427e-05,5.588400778812841e-08,3.414100208091213e-08,1.40350681879539e-05,1.5569865919047565e-05,8.475074053518007e-05,9.433522448767257e-07,3.7296859919107834e-06,6.950445455117432e-31,4.84157629317784e-16
1.0788975829491123e-07,0.05595639656,0.054,0.0,0.0,0.020799297719226093,0.875272267248458,0.0006175190877464725,0.00013893176327073938,2.7236621417931107e-12,0.06553417394868472,0.0,0.008737429537828911,2.1613956600121686e-06,1.9613667160171686e-07,4.790084850724696e-05,1.4094349516761344e-05,5.58740337488862e-08,3.4140694683282046e-08,1.4032897471249124e-05,1.5581369133183437e-05,8.484549092172351e-05,9.430772154835002e-07,3.7300082045552987e-06,6.987378058229419e-31,4.850232760004898e-16
1.0803164948297677e-07,0.05595639656,0.054,0.0,0.0,0.020791427701924242,0.8752678935046863,0.0006183661986716431,0.00013916681212800856,2.7308778179484627e-12,0.06553363891330023,0.0,0.008745223745829554,2.1610110934510586e-06,1.958537150985655e-07,4.7876207725480636e-05,1.4080218885026854e-05,5.586405158157263e-08,3.4140370651842746e-08,1.4030723884716797e-05,1.5592853650470067e-05,8.494018532087065e-05,9.428017558211502e-07,3.7303278206629246e-06,7.024449794948391e-31,4.858889976164341e-16
1.081735406710423e-07,0.05595639656,0.054,0.0,0.0,0.02078356401714517,0.8752635230912801,0.0006192129989984941,0.00013940179150409964,2.738101511334271e-12,0.06553310405848607,0.0,0.008753011678330284,2.160626209651869e-06,1.9557144807347167e-07,4.785158558068469e-05,1.4066111814293947e-05,5.58540613415357e-08,3.41400300510186e-08,1.4028547446634815e-05,1.5604319500836688e-05,8.503482377906196e-05,9.42525868704563e-07,3.7306448495885925e-06,7.061660967607522e-31,4.8675479319153785e-16
1.0831543185910784e-07,0.05595639656,0.054,0.0,0.0,0.020775706656793805,0.8752591560042773,0.0006200594885621451,0.0001396367013023688,2.7453332171494835e-12,0.06553256938436904,0.0,0.008760793343340786,2.1602410107632796e-06,1.9528986808117275e-07,4.7826982073654264e-05,1.405202824938896e-05,5.5844063084053975e-08,3.41396729451692e-08,1.4026368172648182e-05,1.5615766714839687e-05,8.512940634459583e-05,9.422495569246741e-07,3.7309593006316194e-06,7.099011878695146e-31,4.876206617541937e-16
1.0845732304717338e-07,0.05595639656,0.054,0.0,0.0,0.020767855612787222,0.8752547922397227,0.0006209056671994688,0.00013987154142686725,2.752572930597169e-12,0.06553203489107494,0.0,0.008768568748860285,2.1598554989222207e-06,1.9500897269482152e-07,4.780239720503328e-05,1.4037968135306685e-05,5.5834056863822285e-08,3.413929939800046e-08,1.4024186082790378e-05,1.562719532166379e-05,8.522393306244157e-05,9.419728232738671e-07,3.7312711830834085e-06,7.136502830796553e-31,4.884866023361469e-16
1.0859921423523892e-07,0.05595639656,0.054,0.0,0.0,0.020760010877063955,0.8752504317936681,0.0006217515347490791,0.00014010631178233053,2.7598206468847375e-12,0.06553150057872842,0.0,0.0087763379028644,2.1594696762571142e-06,1.9472875949177406e-07,4.777783097531811e-05,1.4023931417209891e-05,5.582404273580624e-08,3.413890947351924e-08,1.4022001188542502e-05,1.5638605352806458e-05,8.531840398379364e-05,9.41695670495062e-07,3.731580506134866e-06,7.1741341266203536e-31,4.893526139723825e-16
1.087269163044979e-07,0.05595639656,0.054,0.0,0.0,0.020752956001835892,0.8752465102262775,0.0006225125494316169,0.00014031754537148925,2.7663504300135333e-12,0.0655310198524291,0.0,0.00878332480301419,2.1591221718530844e-06,1.9447714888859504e-07,4.775573730514077e-05,1.4011318329289564e-05,5.581502330407051e-08,3.413854459100862e-08,1.4020032406086288e-05,1.5648858521564187e-05,8.54033801414912e-05,9.414458769313979e-07,3.731856716195496e-06,7.208122537050306e-31,4.901320844005755e-16
1.0884184816683098e-07,0.05595639656,0.054,0.0,0.0,0.020746610972511945,0.8752429831087514,0.0006231972469961227,0.00014050760716101222,2.7722327709965967e-12,0.0655305873242346,0.0,0.008789608693974067,2.158809205361571e-06,1.9425116868481162e-07,4.7735865910739456e-05,1.39999826823251e-05,5.580690040900107e-08,3.413820493638736e-08,1.4018258583350902e-05,1.565807354728045e-05,8.54798201008336e-05,9.412207760283044e-07,3.732103544643388e-06,7.238809693729219e-31,4.908336557503653e-16
1.0895678002916407e-07,0.05595639656,0.054,0.0,0.0,0.020740270067760393,0.8752394581614937,0.0006238817401746827,0.0001406976230079267,2.778120354135012e-12,0.06553015491497814,0.0,0.008795888497458751,2.158496038682319e-06,1.9402563180203777e-07,4.7716006745723705e-05,1.3988662288510028e-05,5.5798772421803464e-08,3.413785464885508e-08,1.4016482952507478e-05,1.5667276438050047e-05,8.555622353418279e-05,9.409954050128978e-07,3.7323487101602473e-06,7.269589468541349e-31,4.915352720124295e-16
1.0907171189149716e-07,0.05595639656,0.054,0.0,0.0,0.020733933283323285,0.875235935382419,0.0006245660288846942,0.0001408875928628564,2.7840131768894863e-12,0.06552972262472398,0.0,0.008802164217682117,2.158182672925579e-06,1.9380053697545753e-07,4.769615981008798e-05,1.3977357119006633e-05,5.5790639370984913e-08,3.413749376172627e-08,1.4014705522178309e-05,1.5676467209550128e-05,8.563259046690186e-05,9.407697653243189e-07,3.7325922175502484e-06,7.300462022629211e-31,4.922369326791845e-16
1.0918664375383024e-07,0.05595639656,0.054,0.0,0.0,0.020727600614948417,0.8752324147694438,0.0006252501130443529,0.00014107751667674,2.789911236722636e-12,0.06552929045353602,0.0,0.00880843585885229,2.157869109197386e-06,1.9357588294690656e-07,4.767632510375947e-05,1.396606714505466e-05,5.5782501284796796e-08,3.4137122308093195e-08,1.4012926302088665e-05,1.568564587757495e-05,8.57089209229802e-05,9.405438584038994e-07,3.7328340716191723e-06,7.331427517142359e-31,4.929386372450303e-16
1.0930157561616333e-07,0.05595639656,0.054,0.0,0.0,0.020721272058390996,0.8752288963204878,0.0006259339925725259,0.0001412673944007801,2.79581453109878e-12,0.06552885840147768,0.0,0.008814703425169768,2.1575553485996105e-06,1.9335166846212742e-07,4.765650262660922e-05,1.3954792337959207e-05,5.5774358191582e-08,3.413674032109819e-08,1.4011145300214935e-05,1.5694812458248345e-05,8.57852149278046e-05,9.403176856730187e-07,3.7330742771433943e-06,7.362486113268144e-31,4.936403852054419e-16
1.0941650747849642e-07,0.05595639656,0.054,0.0,0.0,0.0207149476094118,0.8752253800334735,0.0006266176673888176,0.000141457225986472,2.801723057483986e-12,0.06552842646861191,0.0,0.008820966920830349,2.157241392228552e-06,1.9312789227255698e-07,4.763669237844625e-05,1.3943532669097104e-05,5.5766210119587875e-08,3.413634783374764e-08,1.4009362526181877e-05,1.5703966966912854e-05,8.586147250572442e-05,9.400912485602876e-07,3.733312838908061e-06,7.393637972278958e-31,4.943421760567361e-16
1.0953143934082951e-07,0.05595639656,0.054,0.0,0.0,0.020708627263779398,0.8752218659063258,0.0006273011374135323,0.00014164701138558454,2.80763681334615e-12,0.06552799465500131,0.0,0.008827226350021537,2.156927241176469e-06,1.929045531334439e-07,4.7616894359021533e-05,1.3932288109913437e-05,5.575805709683736e-08,3.4135944878887716e-08,1.4007577987499812e-05,1.571310941951576e-05,8.593769368262087e-05,9.398645484752376e-07,3.7335497616446254e-06,7.424883255501633e-31,4.950440092968007e-16
1.096463712031626e-07,0.05595639656,0.054,0.0,0.0,0.020702311017266543,0.8752183539369726,0.0006279844025676837,0.00014183675055016924,2.8135557961548323e-12,0.06552756296070797,0.0,0.008833481716927225,2.156612896530882e-06,1.9268164980543283e-07,4.7597108568026245e-05,1.3921058631922237e-05,5.57498991511909e-08,3.413553148922968e-08,1.4005791694162422e-05,1.572223983156468e-05,8.601387848213131e-05,9.396375868392744e-07,3.7337850501049918e-06,7.456222124289338e-31,4.957458844249695e-16
1.0976130306549568e-07,0.05595639656,0.054,0.0,0.0,0.020695998865654652,0.8752148441233452,0.0006286674627729829,0.00014202644343254926,2.8194800033814606e-12,0.06552713138579362,0.0,0.008839733025722074,2.156298359375483e-06,1.9245918105330583e-07,4.7577335005093994e-05,1.3909844206705869e-05,5.574173631053223e-08,3.4135107697438325e-08,1.4004003653187965e-05,1.5731358219187276e-05,8.609002693031232e-05,9.394103650430771e-07,3.7340187089794977e-06,7.487654740048342e-31,4.964478009416869e-16
1.0987623492782877e-07,0.05595639656,0.054,0.0,0.0,0.02068969080472883,0.8752113364633762,0.0006293503179518391,0.00014221608998532696,2.8254094324990646e-12,0.06552669993031948,0.0,0.00884598028057827,2.1559836307894198e-06,1.922371456467115e-07,4.7557573669800003e-05,1.3898644805914666e-05,5.573356860263971e-08,3.413467353605421e-08,1.4002213875066072e-05,1.574046459744488e-05,8.616613905056424e-05,9.391828844987043e-07,3.734250742994963e-06,7.519181264255055e-31,4.971497583484414e-16
1.0999116679016186e-07,0.05595639656,0.054,0.0,0.0,0.02068338683028363,0.8752078309550024,0.0006300329680273543,0.0001424056901613726,2.8313440809825986e-12,0.06552626859434639,0.0,0.008852223485657432,2.155668711847609e-06,1.9201554236015946e-07,4.753782456166263e-05,1.3887460401267096e-05,5.572539605506102e-08,3.4134229037459916e-08,1.4000422366029734e-05,1.574955898255185e-05,8.624221486951541e-05,9.389551465814854e-07,3.7344811567943033e-06,7.550801858428171e-31,4.97851756148293e-16
1.1010609865249495e-07,0.05595639656,0.054,0.0,0.0,0.020677086938115832,0.8752043275961626,0.0006307154129233215,0.00014259524391383463,2.837283946308544e-12,0.06552583737793477,0.0,0.008858462645120366,2.1553536036207736e-06,1.9179436997213714e-07,4.751808768014285e-05,1.3876290964549144e-05,5.571721869527659e-08,3.4133774233974085e-08,1.3998629137344459e-05,1.5758641389500475e-05,8.631825440965949e-05,9.387271526986069e-07,3.7347099550819e-06,7.582516684127185e-31,4.98553793845466e-16
1.1022103051482804e-07,0.05595639656,0.054,0.0,0.0,0.020670791124033267,0.8752008263847982,0.0006313976525642207,0.0001427847511961253,2.8432290259553868e-12,0.06552540628114462,0.0,0.008864697763115372,2.155038307174977e-06,1.915736272669319e-07,4.749836302464542e-05,1.386513646761457e-05,5.570903655067957e-08,3.4133309157759146e-08,1.399683419413994e-05,1.5767711834725882e-05,8.639425769839829e-05,9.38498904204143e-07,3.7349371424518598e-06,7.614325902966817e-31,4.992558709454562e-16
1.1033596237716112e-07,0.05595639656,0.054,0.0,0.0,0.020664499383844313,0.875197327318854,0.0006320796868752179,0.0001429742119619349,2.8491793174030418e-12,0.06552497530403549,0.0,0.00887092884379237,2.154722823572752e-06,1.9135331303140867e-07,4.747865059451856e-05,1.3853996882384313e-05,5.5700849648633266e-08,3.413283384095572e-08,1.3995037548876572e-05,1.5776770332705654e-05,8.64702247573268e-05,9.382704025024985e-07,3.735162723593978e-06,7.646229676621789e-31,4.999579869548065e-16
1.1045089423949421e-07,0.05595639656,0.054,0.0,0.0,0.02065821171337045,0.8751938303962767,0.0006327615157821591,0.0001431636261652121,2.855134818133542e-12,0.06552454444666651,0.0,0.008877155891285822,2.1544071538712497e-06,1.9113342605998031e-07,4.745895038905494e-05,1.384287218084666e-05,5.569265801618426e-08,3.4132348315444337e-08,1.399323920504203e-05,1.5785816900247698e-05,8.654615561503314e-05,9.380416489252048e-07,3.735386703043443e-06,7.678228166805975e-31,5.006601413816624e-16
1.1055433291559399e-07,0.05595639656,0.054,0.0,0.0,0.02065255628609435,0.8751906849968412,0.0006333749861170896,0.0001433340590993122,2.8604992206476044e-12,0.0655241567774609,0.0,0.008882756789079908,2.1541228928969603e-06,1.909358921000422e-07,4.7441230655604116e-05,1.3832872651911584e-05,5.568528152494211e-08,3.4131902640475856e-08,1.399161925458884e-05,1.5793948622219662e-05,8.661446245200698e-05,9.378355564993717e-07,3.735586918924684e-06,7.707107924309982e-31,5.012921128071521e-16
1.1065777159169377e-07,0.05595639656,0.054,0.0,0.0,0.02064690414886413,0.8751875413303798,0.0006339882899621793,0.00014350445424751487,2.8658678388092465e-12,0.06552376920533488,0.0,0.008888354426353454,2.153838482800672e-06,1.907387023763073e-07,4.742352082291381e-05,1.3822885135812014e-05,5.5677901243633366e-08,3.41314487453988e-08,1.3989997942362455e-05,1.5802070704147153e-05,8.668274000291902e-05,9.376292621605962e-07,3.735785844516576e-06,7.736064651180628e-31,5.019241145962e-16
1.1076121026779355e-07,0.05595639656,0.054,0.0,0.0,0.020641255298641623,0.8751843993954014,0.0006346014272646971,0.0001436748115767757,2.871240670786008e-12,0.06552338173033079,0.0,0.008893948806114112,2.1535539243461952e-06,1.905418560157707e-07,4.740582089036057e-05,1.3812909612258488e-05,5.567051719191806e-08,3.413098665336359e-08,1.39883752760407e-05,1.5810183156967023e-05,8.675098828433641e-05,9.374227669084202e-07,3.7359834831971903e-06,7.7650984654233335e-31,5.025561463926188e-16
1.1086464894389332e-07,0.05595639656,0.054,0.0,0.0,0.020635609732396636,0.8751812591904173,0.0006352143979724773,0.0001438451310542701,2.876617714747151e-12,0.06552299435249054,0.0,0.008899539931361012,2.153269218291772e-06,1.9034535215271753e-07,4.738813085727424e-05,1.3802946061017372e-05,5.566312938926987e-08,3.413051638734635e-08,1.3986751260169428e-05,1.5818285992133062e-05,8.681920731566072e-05,9.372160717017608e-07,3.7361798382279427e-06,7.794209485079372e-31,5.031882078413827e-16
1.109680876199931e-07,0.05595639656,0.054,0.0,0.0,0.0206299674470998,0.8751781207139395,0.0006358272020337094,0.00014401541264731844,2.881998968862596e-12,0.06552260707185588,0.0,0.008905127805093165,2.1529843653957303e-06,1.9014918992013217e-07,4.737045072295734e-05,1.3792994461890609e-05,5.565573785518061e-08,3.413003797034862e-08,1.3985125902045126e-05,1.582637922053251e-05,8.688739711378933e-05,9.370091775408517e-07,3.736374912950145e-06,7.823397828201736e-31,5.038202985879185e-16
1.1107152629609288e-07,0.05595639656,0.054,0.0,0.0,0.02062432843972796,0.8751749839644829,0.0006364398393970745,0.0001441856563234271,2.887384431303802e-12,0.06552221988846824,0.0,0.008910712430302599,2.15269936641112e-06,1.89953368457864e-07,4.7352780486670935e-05,1.3783054794728452e-05,5.564834260893902e-08,3.412955142515392e-08,1.3983499206696142e-05,1.5834462853810348e-05,8.695555769733731e-05,9.368020853809643e-07,3.7365687106102806e-06,7.852663612865404e-31,5.044524182783574e-16
1.1117496497219266e-07,0.05595639656,0.054,0.0,0.0,0.020618692707260335,0.8751718489405635,0.0006370523100116573,0.00014435586205026926,2.8927741002430287e-12,0.06552183280236878,0.0,0.008916293809979688,2.1524142220907584e-06,1.8975788690506617e-07,4.733512014764565e-05,1.377312703942195e-05,5.564094366989928e-08,3.4129056774609584e-08,1.3981871180855503e-05,1.584253690303426e-05,8.702368908349274e-05,9.365947962040809e-07,3.7367612345317594e-06,7.88200695720413e-31,5.050845665598265e-16
1.1127840364829243e-07,0.05595639656,0.054,0.0,0.0,0.020613060246681747,0.8751687156406991,0.0006376646138269967,0.00014452602979568859,2.898167973853947e-12,0.06552144581359842,0.0,0.008921871947109026,2.152128933182506e-06,1.895627444070396e-07,4.7317469705073496e-05,1.3763211175906755e-05,5.563354105727625e-08,3.412855404142008e-08,1.398024182982655e-05,1.585060137942724e-05,8.709179129088153e-05,9.363873109626675e-07,3.73695248795402e-06,7.911427979385147e-31,5.057167430804523e-16
1.1138184232439221e-07,0.05595639656,0.054,0.0,0.0,0.02060743105497985,0.8751655840634097,0.0006382767507930528,0.00014469615952770177,2.903566050311136e-12,0.06552105892219783,0.0,0.00892744684467271,2.1518435004335713e-06,1.8936794010903183e-07,4.729982915811499e-05,1.3753307184161161e-05,5.5626134790265204e-08,3.412804324828399e-08,1.397861115999306e-05,1.585865629401791e-05,8.715986433700709e-05,9.361796306336609e-07,3.7371424741628356e-06,7.940926797587916e-31,5.063489474888847e-16
1.1148528100049199e-07,0.05595639656,0.054,0.0,0.0,0.020601805129146927,0.8751624542072168,0.0006388887208602212,0.0001448662512144902,2.9089683277904943e-12,0.06552067212820732,0.0,0.008933018505647802,2.1515579245866534e-06,1.8917347316178683e-07,4.728219850589366e-05,1.3743415044206411e-05,5.5618724887898166e-08,3.412752441773549e-08,1.397697917685309e-05,1.586670165821928e-05,8.722790823998146e-05,9.359717561670125e-07,3.737331196385865e-06,7.97050353002e-31,5.069811794344903e-16
1.1158871967659177e-07,0.05595639656,0.054,0.0,0.0,0.020596182466178743,0.8751593260706433,0.0006395005239793239,0.0001450363048244088,2.9143748044689036e-12,0.06552028543166703,0.0,0.008938586933008327,2.1512722063834474e-06,1.8897934271654475e-07,4.726457774750119e-05,1.373353473610695e-05,5.5611311369234523e-08,3.412699757232659e-08,1.3975345886582016e-05,1.5874737483142288e-05,8.729592301736132e-05,9.357636885230319e-07,3.737518657884265e-06,8.000158294942306e-31,5.0761343856763375e-16
1.1169215835269154e-07,0.05595639656,0.054,0.0,0.0,0.02059056306307567,0.8751561996522144,0.0006401121601016104,0.0001452063203259751,2.9197854785244993e-12,0.0655198988326168,0.0,0.008944152129723704,2.1509863465615376e-06,1.887855479294453e-07,4.724696688199328e-05,1.3723666239969466e-05,5.5603894253231424e-08,3.412646273449464e-08,1.3973711294772272e-05,1.5882763779880912e-05,8.736390868736182e-05,9.355554286467038e-07,3.7377048618727717e-06,8.02989121064639e-31,5.082457245395816e-16
1.1179559702879132e-07,0.05595639656,0.054,0.0,0.0,0.020584946916841585,0.8751530749504567,0.0006407236291787555,0.00014537629768787862,2.925200348136448e-12,0.06551951233109621,0.0,0.008949714098759994,2.150700345857177e-06,1.8859208795762937e-07,4.722936590839374e-05,1.3713809535943894e-05,5.5596473558797415e-08,3.4125919926645886e-08,1.397207540742729e-05,1.5890780559490502e-05,8.743186526768855e-05,9.353469774930271e-07,3.7378898115804804e-06,8.059702395437807e-31,5.088780370021692e-16
1.118990357048911e-07,0.05595639656,0.054,0.0,0.0,0.020579334024484485,0.8751499519638988,0.0006413349311628568,0.00014554623687897087,2.9306194114851293e-12,0.06551912592714457,0.0,0.008955272843078935,2.1504142050028447e-06,1.8839896196268546e-07,4.721177482569127e-05,1.3703964604222094e-05,5.5589049304705585e-08,3.412536917106004e-08,1.3970438230187361e-05,1.5898787833239296e-05,8.749979277622016e-05,9.351383360025425e-07,3.7380735102056694e-06,8.089591967654114e-31,5.095103756079744e-16
1.1200247438099088e-07,0.05595639656,0.054,0.0,0.0,0.0205737243830162,0.8751468306910709,0.0006419460660064355,0.00014571613786827317,2.9360426667519874e-12,0.06551873962080093,0.0,0.008960828365638732,2.1501279247294297e-06,1.8820616910755668e-07,4.7194193632842706e-05,1.3694131425038978e-05,5.558162150973059e-08,3.412481049000289e-08,1.3968799768954595e-05,1.5906785612217976e-05,8.756769123064412e-05,9.349295051173753e-07,3.738255960956076e-06,8.119560045681723e-31,5.101427400105525e-16
1.1210591305709066e-07,0.05595639656,0.054,0.0,0.0,0.020568117989452798,0.875143711130505,0.000642557033662431,0.00014588600062496857,2.941470112119647e-12,0.06551835341210412,0.0,0.008966380669393412,2.1498415057643132e-06,1.8801370855922931e-07,4.717662232877049e-05,1.3684309978671212e-05,5.5574190192569956e-08,3.41242439056445e-08,1.396716002937717e-05,1.5914773907444975e-05,8.763556064897252e-05,9.347204857716084e-07,3.738437167013353e-06,8.149606747935254e-31,5.107751298642961e-16
1.1220935173319043e-07,0.05595639656,0.054,0.0,0.0,0.020562514840814082,0.8751405932807349,0.000643167834084204,0.00014605582511840743,2.9469017457718187e-12,0.06551796730109266,0.0,0.008971929757293362,2.1495549488330817e-06,1.8782157948636063e-07,4.7159060912365335e-05,1.367450024543823e-05,5.556675537185566e-08,3.4123669440109385e-08,1.3965519017258992e-05,1.592275272995464e-05,8.770340104895931e-05,9.345112789022619e-07,3.7386171315585984e-06,8.17973219284567e-31,5.114075448241974e-16
1.1241622908538998e-07,0.05595639656,0.054,0.0,0.0,0.02055131826641438,0.8751343627077274,0.0006443889330411236,0.00014639535919393136,2.957777570671699e-12,0.06551719537227829,0.0,0.008983018297306052,2.1489814239580325e-06,1.8743831245654023e-07,4.7123967737912716e-05,1.3654915839914645e-05,5.555187529408653e-08,3.412249695382729e-08,1.3962233198197641e-05,1.5938682001296192e-05,8.783899486480395e-05,9.340923063014082e-07,3.7389733487487394e-06,8.240219784559118e-31,5.12672448685903e-16
1.1260241870236957e-07,0.05595639656,0.054,0.0,0.0,0.020541252417282472,0.8751287610282685,0.0006454873497021255,0.00014670080869749454,2.9675801188174403e-12,0.06551650097081042,0.0,0.008992987014610392,2.148464786949628e-06,1.8709449749908624e-07,4.70924176849135e-05,1.363732973730378e-05,5.5538471427059763e-08,3.412141498274596e-08,1.39592716657099e-05,1.5952986059872866e-05,8.796093023473442e-05,9.337145989151764e-07,3.739289729905405e-06,8.294929105816804e-31,5.138109445800367e-16
1.1278860831934915e-07,0.05595639656,0.054,0.0,0.0,0.020531197035534108,0.8751231648690612,0.0006465852238173752,0.00014700613375868456,2.9773962088085987e-12,0.06551580688643092,0.0,0.009002945358256244,2.147947714089711e-06,1.8675174374177941e-07,4.706089964925189e-05,1.3619781281044952e-05,5.552505649420148e-08,3.4120307816598483e-08,1.3956306098209349e-05,1.596725959854886e-05,8.808277186163479e-05,9.33336298303299e-07,3.739602137523673e-06,8.349895396662473e-31,5.149495164925054e-16
1.1297479793632874e-07,0.05595639656,0.054,0.0,0.0,0.02052115210393077,0.875117574221617,0.0006476825551298058,0.00014731133420460582,2.987225830093372e-12,0.06551511311935528,0.0,0.009012893345310299,2.147430209521426e-06,1.8641004639826755e-07,4.702941362329198e-05,1.3602270357874673e-05,5.5511630604639794e-08,3.4119175584711385e-08,1.3953336528046978e-05,1.5981502681535044e-05,8.820451984906291e-05,9.329574097863885e-07,3.7399105897575064e-06,8.405119348955502e-31,5.160881624341736e-16
1.1316098755330833e-07,0.05595639656,0.054,0.0,0.0,0.020511117605276925,0.8751119890774662,0.0006487793433868955,0.00014761640986416793,2.9970689721326152e-12,0.0655144196697961,0.0,0.009022830992797512,2.1469122773392554e-06,1.8606940082771987e-07,4.699795959904004e-05,1.358479685499253e-05,5.549819385697279e-08,3.411801840637233e-08,1.3950362988682176e-05,1.5995715372375817e-05,8.832617429957757e-05,9.325779386425445e-07,3.7402151046641703e-06,8.460601654885655e-31,5.172268804350684e-16
1.1334717717028792e-07,0.05595639656,0.054,0.0,0.0,0.02050109352241963,0.875106409428157,0.0006498755883403772,0.00014792136056789967,3.0069256243986998e-12,0.06551372653796343,0.0,0.00903275831769978,2.146393921666685e-06,1.8572980216642769e-07,4.6966537568196694e-05,1.3567360660023313e-05,5.548474637225857e-08,3.411683642234065e-08,1.3947385509503412e-05,1.600989773569492e-05,8.844773531830986e-05,9.321978901080216e-07,3.7405157001790524e-06,8.516343006941913e-31,5.183656685209371e-16
1.1353336678726751e-07,0.05595639656,0.054,0.0,0.0,0.020491079838238672,0.875100835265255,0.0006509712897458216,0.00014822618614790568,3.016795776375152e-12,0.06551303372406485,0.0,0.009042675336969194,2.145875146532454e-06,1.8539124600219055e-07,4.693514752215801e-05,1.3549961661004392e-05,5.547128822680901e-08,3.4115629730966627e-08,1.3944404127565878e-05,1.6024049833506128e-05,8.856920300477895e-05,9.318172694042419e-07,3.740812394165078e-06,8.572344097946288e-31,5.195045247383284e-16
1.1370093744254915e-07,0.05595639656,0.054,0.0,0.0,0.02048207639923277,0.8750958232025638,0.0006519569560785429,0.00014850042205166212,3.0256904467237925e-12,0.06551241046355924,0.0,0.009051591856965894,2.145407893586878e-06,1.8508743281462817e-07,4.690692382035763e-05,1.3534334272223033e-05,5.5459166893552745e-08,3.411452270924997e-08,1.3941717568582018e-05,1.6036760898520732e-05,8.867844421168498e-05,9.314742258312745e-07,3.7410760976303933e-06,8.622967729495337e-31,5.205295519736694e-16
1.1385175103230262e-07,0.05595639656,0.054,0.0,0.0,0.020473980483639458,0.8750913161348625,0.0006528436790350351,0.0001487471474961622,3.0337049856639583e-12,0.06551184974955347,0.0,0.009059609609669634,2.1449870806547e-06,1.8481471682604978e-07,4.6881544628076654e-05,1.3520295238153108e-05,5.5448250449590273e-08,3.4113509445768574e-08,1.3939297001733052e-05,1.6048179979095456e-05,8.877669679550028e-05,9.311650970300867e-07,3.741310751669777e-06,8.668709777909055e-31,5.214521211465452e-16
1.140025646220561e-07,0.05595639656,0.054,0.0,0.0,0.020465891360316416,0.875086812651854,0.000653730044948822,0.00014899379055379817,3.041728363103833e-12,0.06551128924450485,0.0,0.00906762063084934,2.1445659996498955e-06,1.845426765687402e-07,4.685618640467351e-05,1.3506280410663179e-05,5.5437327204434635e-08,3.411248019936262e-08,1.3936873929611388e-05,1.605957931550913e-05,8.88748883272179e-05,9.308556019766252e-07,3.7415428773313145e-06,8.71462347391192e-31,5.223747315624953e-16
1.1415337821180957e-07,0.05595639656,0.054,0.0,0.0,0.020457809020246822,0.8750823127490899,0.0006546160536980514,0.0001492403511384665,3.0497605734770967e-12,0.06551072894851867,0.0,0.009075624929432426,2.1441446526917444e-06,1.8427130954869665e-07,4.683084914497662e-05,1.3492289731074787e-05,5.542639721955374e-08,3.4111435040947925e-08,1.3934448366063297e-05,1.6070958941937362e-05,8.89730188634823e-05,9.305457433583953e-07,3.741772483904811e-06,8.760709186291202e-31,5.232973821957911e-16
1.1430419180156305e-07,0.05595639656,0.054,0.0,0.0,0.020449733454427434,0.87507781642213,0.0006555017051625653,0.00014948682916475186,3.057801611222439e-12,0.0655101688616992,0.0,0.009083622514334613,2.1437230418551182e-06,1.840006134213756e-07,4.680553284367949e-05,1.3478323140888522e-05,5.541546053268915e-08,3.4110374025370866e-08,1.3932020329920273e-05,1.608231889083168e-05,8.907108845744628e-05,9.302355238646474e-07,3.7419995806337006e-06,8.806967283972048e-31,5.242200720237585e-16
1.1445500539131652e-07,0.05595639656,0.054,0.0,0.0,0.020441664653873055,0.8750733236665409,0.0006563869992239468,0.00014973322454792424,3.0658514707835017e-12,0.0655096089841496,0.0,0.009091613394452483,2.1433011692074517e-06,1.837305857693294e-07,4.6780237495328636e-05,1.3464380581774817e-05,5.540451721081022e-08,3.410929722389216e-08,1.3929589837580987e-05,1.6093659196045375e-05,8.916909716301307e-05,9.299249461775336e-07,3.7422241767463406e-06,8.85339813601029e-31,5.251428000275297e-16
1.1460581898107e-07,0.05595639656,0.054,0.0,0.0,0.0204336026096176,0.8750688344778974,0.0006572719357655667,0.0001499795372039338,3.0739101466090113e-12,0.06550904931597201,0.0,0.009099597578663887,2.14287903684309e-06,1.8346122415727533e-07,4.675496309434912e-05,1.34504619955871e-05,5.53935673083648e-08,3.410820470111787e-08,1.3927156903556527e-05,1.6104979891270942e-05,8.926704503601605e-05,9.296140129428538e-07,3.742446281410021e-06,8.900002111591278e-31,5.260655651915084e-16
1.1475663257082347e-07,0.05595639656,0.054,0.0,0.0,0.020425547312710284,0.8750643488517815,0.0006581565146725238,0.00015022576704940818,3.0819776331527466e-12,0.06550848985726732,0.0,0.009107575075832559,2.1424566468571096e-06,1.8319252622127803e-07,4.672970963504654e-05,1.3436567324366916e-05,5.538261086361223e-08,3.4107096515452496e-08,1.392472154494326e-05,1.611628100912699e-05,8.93649321305967e-05,9.293027268021351e-07,3.742665903728949e-06,8.94677958003699e-31,5.269883665032516e-16
1.1490744616057695e-07,0.05595639656,0.054,0.0,0.0,0.020417498754218836,0.8750598667837843,0.0006590407358318291,0.00015047191400174097,3.090053924874134e-12,0.06550793060813534,0.0,0.009115545894803186,2.1420340012901604e-06,1.829244896171507e-07,4.6704477111588626e-05,1.3422696510364236e-05,5.537164794228808e-08,3.410597273356225e-08,1.392228377866407e-05,1.6127562583042624e-05,8.946275849997364e-05,9.289910903861618e-07,3.742883052782979e-06,8.993730910800626e-31,5.279112029536774e-16
1.1505825975033042e-07,0.05595639656,0.054,0.0,0.0,0.020409456925226863,0.8750553882695024,0.0006599245991318912,0.00015071797797886228,3.09813901623665e-12,0.06550737156867491,0.0,0.009123510044404877,2.1416111021763927e-06,1.8265711197242474e-07,4.667926551803907e-05,1.3408849495969587e-05,5.536067859479514e-08,3.410483341937861e-08,1.3919843619418238e-05,1.613882464637914e-05,8.95605241995288e-05,9.286791063023312e-07,3.743097737614538e-06,9.040856473447881e-31,5.288340735378122e-16
1.152090733400839e-07,0.05595639656,0.054,0.0,0.0,0.02040142181683192,0.8750509133045401,0.0006608081044628019,0.00015096395889937266,3.106232901708737e-12,0.06550681273898397,0.0,0.009131467533454063,2.1411879515351795e-06,1.823903909651362e-07,4.6654074848328325e-05,1.3395026223745467e-05,5.5349702869038864e-08,3.4103678633357354e-08,1.3917401085788021e-05,1.615006723143777e-05,8.965822928153943e-05,9.283667771624872e-07,3.743309967245141e-06,9.088156637710677e-31,5.297569772525863e-16
1.1535988692983737e-07,0.05595639656,0.054,0.0,0.0,0.020393393420155455,0.8750464418845094,0.0006616912517164491,0.00015120985668255573,3.114335575764158e-12,0.06550625411915918,0.0,0.009139418370741068,2.1407645514088397e-06,1.8212432420466564e-07,4.662890509626298e-05,1.338122663643944e-05,5.533872082256396e-08,3.4102508442007646e-08,1.3914956187564395e-05,1.616129037293321e-05,8.975587380464855e-05,9.280541055276204e-07,3.7435197505956244e-06,9.135631773418671e-31,5.306799130996725e-16
1.154956191606155e-07,0.05595639656,0.054,0.0,0.0,0.020386173594332074,0.875042420633778,0.0006624857780005982,0.000151431093538813,3.121635492089183e-12,0.06550575154083157,0.0,0.009146568444307423,2.1403832796462792e-06,1.818854216310216e-07,4.66062701987762e-05,1.33688272112902e-05,5.532883161425936e-08,3.410144214514186e-08,1.3912753777832014e-05,1.6171374601073358e-05,8.984370213709772e-05,9.277724103660317e-07,3.7437064714187893e-06,9.178509301935107e-31,5.315105820114615e-16
1.1561777816831581e-07,0.05595639656,0.054,0.0,0.0,0.020379680387815645,0.8750388039574934,0.0006632006035329144,0.0001516301490293591,3.128211496167114e-12,0.06550529936580295,0.0,0.009152998915204328,2.140039964869286e-06,1.816708594422729e-07,4.6585913269306895e-05,1.3357684057822964e-05,5.5319927015093646e-08,3.410047188876299e-08,1.3910769994866581e-05,1.618043698281498e-05,8.992270576371366e-05,9.27518650868981e-07,3.743872837559531e-06,9.217220733262187e-31,5.322582049983356e-16
1.1573993717601612e-07,0.05595639656,0.054,0.0,0.0,0.020373191569118605,0.8750351895992619,0.0006639151939440757,0.0001518291498321976,3.1347932566252672e-12,0.06550484732863603,0.0,0.00915942503746682,2.13969648996144e-06,1.8145672240485843e-07,4.656557005248123e-05,1.334655634282782e-05,5.531101835912758e-08,3.4099491634456133e-08,1.3908784690085048e-05,1.618948666559451e-05,9.000166975250505e-05,9.27264671217517e-07,3.744037614523351e-06,9.256047621342066e-31,5.330058473021953e-16
1.1586209618371643e-07,0.05595639656,0.054,0.0,0.0,0.02036670713355135,0.8750315775567659,0.0006646295491797862,0.00015202809590568155,3.141380770536231e-12,0.06550439542938019,0.0,0.00916584681573957,2.1393528559769995e-06,1.812430093124932e-07,4.654524054477467e-05,1.3335444036212595e-05,5.53021056712515e-08,3.409850141327423e-08,1.3906797873047046e-05,1.619852366628595e-05,9.008059413140842e-05,9.270104727648249e-07,3.7442008069887926e-06,9.294990163009768e-31,5.337535083978097e-16
1.1598425519141674e-07,0.05595639656,0.054,0.0,0.0,0.02036022707643315,0.8750279678276914,0.000665343669186519,0.00015222698720845557,3.147974034974913e-12,0.06550394366808439,0.0,0.009172264254657461,2.139009063976437e-06,1.8102971893551717e-07,4.6524924742614755e-05,1.332434710796818e-05,5.529318898016994e-08,3.409750125934956e-08,1.3904809551036809e-05,1.620754800278113e-05,9.015947892959543e-05,9.267560568459026e-07,3.7443624195976277e-06,9.334048555097205e-31,5.34501187762626e-16
1.1610641419911705e-07,0.05595639656,0.054,0.0,0.0,0.020353751393087927,0.8750243604097271,0.0006660575539114109,0.00015242582369943847,3.1545730470182083e-12,0.06550349204479718,0.0,0.009178677358851847,2.138665114995501e-06,1.8081685008676046e-07,4.650462264237327e-05,1.331326552815565e-05,5.5284268312652765e-08,3.4096491204479594e-08,1.3902819734547807e-05,1.6216559691956276e-05,9.023832417382041e-05,9.265014248063314e-07,3.7445224570264236e-06,9.373222994488181e-31,5.352488848750819e-16
1.1622857320681736e-07,0.05595639656,0.054,0.0,0.0,0.020347280078850186,0.8750207553005651,0.0006667712033022793,0.00015262460533780253,3.161177803745072e-12,0.0655030405595666,0.0,0.009185086132942643,2.1383210100809917e-06,1.8060440153856413e-07,4.648433424038014e-05,1.3302199266907114e-05,5.5275343695681226e-08,3.4095471281966055e-08,1.390082842922939e-05,1.6225558751638912e-05,9.031712989475897e-05,9.262465779660818e-07,3.744680923905271e-06,9.412513678167082e-31,5.359965992145984e-16
1.1635073221451767e-07,0.05595639656,0.054,0.0,0.0,0.020340813129059932,0.8750171524979008,0.0006674846173077938,0.00015282333208306085,3.1677883022370865e-12,0.06550258921244026,0.0,0.009191490581545374,2.1379767502674924e-06,1.8039237210429532e-07,4.646405953290188e-05,1.329114829444701e-05,5.5266415154569626e-08,3.409444152287819e-08,1.389883564497133e-05,1.623454519863234e-05,9.039589611972231e-05,9.259915176527237e-07,3.7448378248506177e-06,9.451920803111308e-31,5.367443302623946e-16
1.1647289122221798e-07,0.05595639656,0.054,0.0,0.0,0.020334350539066008,0.8750135519994329,0.0006681977958772115,0.00015302200389494754,3.1744045395776746e-12,0.06550213800346533,0.0,0.00919789070926557,2.137632336597941e-06,1.8018076057073521e-07,4.644379851616809e-05,1.3280112581061608e-05,5.525748271712627e-08,3.4093401960452206e-08,1.3896841387488623e-05,1.624351905091742e-05,9.04746228790665e-05,9.257362451727049e-07,3.7449931644258665e-06,9.491444566403498e-31,5.374920775009708e-16
1.165950502299183e-07,0.05595639656,0.054,0.0,0.0,0.02032789230421976,0.8750099538028626,0.0006689107389604214,0.00015322062073345528,3.181026512852158e-12,0.06550168693268858,0.0,0.009204286520707998,2.137287770094711e-06,1.7996956576486027e-07,4.64235511863589e-05,1.3269092097105956e-05,5.5248546408978816e-08,3.4092352625883125e-08,1.3894845668142548e-05,1.625248032487515e-05,9.055331019887413e-05,9.254807618490676e-07,3.74514694722963e-06,9.53108516518645e-31,5.382398404141888e-16
1.167172092376186e-07,0.05595639656,0.054,0.0,0.0,0.02032143841988399,0.8750063579058953,0.0006696234465080916,0.00015341918255888046,3.1876542191482195e-12,0.06550123600015634,0.0,0.009210678020464736,2.1369430517780267e-06,1.7975878649440536e-07,4.6403317539597504e-05,1.325808681301584e-05,5.523960625699397e-08,3.4091293551866974e-08,1.3892848493365619e-05,1.6261429038255693e-05,9.063195810868276e-05,9.252250689912386e-07,3.745299177853486e-06,9.570842796591376e-31,5.3898761848746595e-16
1.1683936824531892e-07,0.05595639656,0.054,0.0,0.0,0.020314988881428714,0.8750027643062389,0.0006703359184716621,0.0001536176893318174,3.194287655555986e-12,0.06550078520591439,0.0,0.00921706521312125,2.136598182670161e-06,1.79548421571255e-07,4.638309757195541e-05,1.324709669930964e-05,5.5230662287217164e-08,3.409022477011068e-08,1.3890849870767944e-05,1.6270365208242105e-05,9.071056663740913e-05,9.249691678927075e-07,3.745449860841626e-06,9.610717657840601e-31,5.397354112074194e-16
1.1696152725301923e-07,0.05595639656,0.054,0.0,0.0,0.02030854368422922,0.8749991730016048,0.0006710481548031266,0.00015381614101308018,3.200926819167319e-12,0.0655003345500082,0.0,0.009223448103257956,2.1362531637893303e-06,1.7933846981946528e-07,4.6362891279464235e-05,1.3236121726564795e-05,5.5221714525273425e-08,3.408914631194556e-08,1.3888849808550152e-05,1.627928885187139e-05,9.078913581344941e-05,9.247130598509033e-07,3.7455990007200876e-06,9.650709946250886e-31,5.404832180619128e-16
1.1708368626071954e-07,0.05595639656,0.054,0.0,0.0,0.020302102823666554,0.8749955839897066,0.0006717601554550492,0.00015401453756370498,3.20757170707585e-12,0.0654998840324829,0.0,0.009229826695449387,2.135907996150817e-06,1.7912893006201e-07,4.6342698658117075e-05,1.3225161865420782e-05,5.521276299766183e-08,3.408805820943971e-08,1.3886848314780549e-05,1.6288199986378573e-05,9.086766566506487e-05,9.244567461564506e-07,3.745746602004328e-06,9.690819859145454e-31,5.412310385407171e-16
1.1720584526841985e-07,0.05595639656,0.054,0.0,0.0,0.020295666295130837,0.874991997268262,0.0006724719203808569,0.00015421287894506718,3.2142223163779266e-12,0.06549943365338304,0.0,0.009236200994261184,2.135562680760985e-06,1.7891980113330423e-07,4.6322519703847483e-05,1.321421708661118e-05,5.520380773022398e-08,3.408696049400478e-08,1.388484539742771e-05,1.6297098628906766e-05,9.094615622059754e-05,9.242002280897223e-07,3.7458926691958586e-06,9.731047593866978e-31,5.419788721347973e-16
1.1732800427612016e-07,0.05595639656,0.054,0.0,0.0,0.02028923409401909,0.8749884128349915,0.0006731834495346166,0.0001544111651187895,3.2208786441718756e-12,0.06549898341275277,0.0,0.00924257100425237,2.135217218625963e-06,1.7871108186389477e-07,4.6302354412546624e-05,1.3203287360938161e-05,5.519484874822103e-08,3.4085853196823955e-08,1.3882841064264304e-05,1.630598479642251e-05,9.102460750868445e-05,9.239435069279461e-07,3.7460372067799745e-06,9.771393347874306e-31,5.427267183357949e-16
1.1757232229152078e-07,0.05595639656,0.054,0.0,0.0,0.020276382655692003,0.8749812508238725,0.0006746058003458105,0.00015480757169121024,3.2342084436400556e-12,0.06549808334707534,0.0,0.009255298175972298,2.1345258581056475e-06,1.782948676645679e-07,4.6262064802156403e-05,1.318147295258979e-05,5.5176919745021264e-08,3.408360998380918e-08,1.387882818151721e-05,1.632371977495662e-05,9.118139239603699e-05,9.234294604102869e-07,3.746321710971536e-06,9.852439703808843e-31,5.44222446534767e-16
1.1779220850538133e-07,0.05595639656,0.054,0.0,0.0,0.020264831114953943,0.8749748128166199,0.0006758851092886187,0.0001551641484167536,3.2462247913384902e-12,0.06549727376196585,0.0,0.009266738008346967,2.1339031417435135e-06,1.7792166435154162e-07,4.6225850837948116e-05,1.3161891175386399e-05,5.516077119363476e-08,3.408155863409266e-08,1.3875211823411433e-05,1.633963876232681e-05,9.13223647840903e-05,9.229661366717836e-07,3.746572578136533e-06,9.92578703182385e-31,5.455686399643614e-16
1.1801209471924189e-07,0.05595639656,0.054,0.0,0.0,0.02025329352380151,0.8749683821877472,0.0006771636536463181,0.0001555205456847646,3.258259621921571e-12,0.06549646462616517,0.0,0.009278164015530001,2.1332799653372144e-06,1.7754977042691158e-07,4.6189681075704014e-05,1.3142357719559644e-05,5.5144611004644375e-08,3.4079476723868444e-08,1.3871590999440196e-05,1.635551759535364e-05,9.146321038593368e-05,9.225021745343065e-07,3.7468185583835666e-06,9.999519815233394e-31,5.469148664054469e-16
1.1823198093310244e-07,0.05595639656,0.054,0.0,0.0,0.020241769855641294,0.8749619589240735,0.0006784414331750076,0.00015587676328082775,3.270312918543331e-12,0.06549565593991563,0.0,0.009289576223861121,2.1326563346065066e-06,1.7717917921158675e-07,4.6153555489804406e-05,1.3122872417413506e-05,5.5128439325671536e-08,3.4077364434518146e-08,1.3867965752963175e-05,1.6371356373189862e-05,9.160392936745306e-05,9.220375812515945e-07,3.747059677292073e-06,1.0073639207367629e-30,5.482611229460296e-16
1.18451867146963e-07,0.05595639656,0.054,0.0,0.0,0.02023026008395131,0.8749555430124512,0.0006797184476376236,0.0001562328009932214,3.2823846643800958e-12,0.06549484770345528,0.0,0.009300974659610203,2.1320322552155736e-06,1.7680988416917983e-07,4.6117474054170016e-05,1.3103435102006522e-05,5.511225629688621e-08,3.407522193876432e-08,1.386433612878589e-05,1.6387155194123788e-05,9.174452189313337e-05,9.215723640204641e-07,3.747295960270902e-06,1.0148146362045652e-30,5.496074066878504e-16
1.1867175336082355e-07,0.05595639656,0.054,0.0,0.0,0.02021876418228256,0.8749491344397644,0.000680994696803933,0.0001565886586128871,3.2944748426303702e-12,0.06549403991701779,0.0,0.009312359348975011,2.1314077327843408e-06,1.764418787089977e-07,4.608143674226447e-05,1.308404560713965e-05,5.509606206902956e-08,3.4073049419533595e-08,1.3860702170513577e-05,1.6402914156509496e-05,9.188498812777798e-05,9.211065299804616e-07,3.7475274325639936e-06,1.0223042433667202e-30,5.509537147464249e-16
1.188916395746841e-07,0.05595639656,0.054,0.0,0.0,0.020207282124256418,0.8749427331929301,0.0006822701804504067,0.0001569443359334039,3.306583436514742e-12,0.06549323258083266,0.0,0.009323730318084523,2.130782772886813e-06,1.760751563711978e-07,4.604544352709804e-05,1.3064703767349455e-05,5.507985677807006e-08,3.4070847046541425e-08,1.3857063923329173e-05,1.6418633357815658e-05,9.202532823464365e-05,9.206400862228543e-07,3.7477541192652137e-06,1.0298328577139313e-30,5.523000442513965e-16
1.1911152578854466e-07,0.05595639656,0.054,0.0,0.0,0.020195813883568184,0.8749363392588974,0.0006835448983602216,0.00015729983275096816,3.3187104292758694e-12,0.06549242569512498,0.0,0.009335087592994002,2.1301573810662243e-06,1.757097106497436e-07,4.60094943812333e-05,1.3045409417902865e-05,5.5063640573101334e-08,3.406861500046149e-08,1.3853421428973345e-05,1.6434312896212923e-05,9.21655423789139e-05,9.201730397777483e-07,3.7479760453141423e-06,1.0374005947898575e-30,5.536463923464096e-16
1.1933141200240521e-07,0.05595639656,0.054,0.0,0.0,0.020184359433983598,0.8749299526246467,0.0006848188503231802,0.00015765514886437429,3.3308558041785027e-12,0.06549161926011585,0.0,0.0093464311996898,2.1295315628324903e-06,1.753455351321153e-07,4.597358927679816e-05,1.3026162394799661e-05,5.504741359089741e-08,3.406635345198236e-08,1.3849774730298547e-05,1.6449952869010442e-05,9.230563072473692e-05,9.197053976202797e-07,3.7481932354800086e-06,1.0450075701901595e-30,5.5499275618887e-16
1.1955129821626578e-07,0.05595639656,0.054,0.0,0.0,0.02017291874933832,0.8749235732771918,0.0006860920361356637,0.00015801028407499718,3.3430195445094358e-12,0.06549081327602199,0.0,0.009357761164089635,2.1289053236469917e-06,1.7498262345208958e-07,4.59377281854938e-05,1.300696253477226e-05,5.5031175974001874e-08,3.4064062575393365e-08,1.3846123871293728e-05,1.6465553373070364e-05,9.244559343475453e-05,9.192371666772476e-07,3.7484057143748296e-06,1.0526538995624528e-30,5.563391329499224e-16
1.1977118443012635e-07,0.05595639656,0.054,0.0,0.0,0.02016149180354096,0.8749172012035771,0.0006873644556005551,0.00015836523818676303,3.3552016335774556e-12,0.06549000774305606,0.0,0.009369077512038693,2.1282786689124143e-06,1.7462096929656228e-07,4.5901911078592926e-05,1.2987809675271487e-05,5.501492785661539e-08,3.4061742537825034e-08,1.3842468892868193e-05,1.648111450556515e-05,9.258543067357082e-05,9.187683538146539e-07,3.7486135064662163e-06,1.0603396986056347e-30,5.576855198145764e-16
1.1999107064398692e-07,0.05595639656,0.054,0.0,0.0,0.020150078570568917,0.8749108363908795,0.0006886361085272233,0.00015872001100613616,3.367402054713331e-12,0.06548920266142665,0.0,0.00938038026931506,2.127651604007402e-06,1.7426056634602968e-07,4.5866137926940896e-05,1.2968703654462275e-05,5.499866938229046e-08,3.4059393515031075e-08,1.3838809838118642e-05,1.649663636279474e-05,9.272514260367055e-05,9.182989658535183e-07,3.74881663606238e-06,1.0680650830698894e-30,5.590319139813078e-16
1.2021095685784748e-07,0.05595639656,0.054,0.0,0.0,0.020138679024471147,0.8749044788262074,0.0006899069947314631,0.00015907460234209926,3.379620791269788e-12,0.06548839803133813,0.0,0.009391669461625698,2.127024134281994e-06,1.7390140835554117e-07,4.583040870096937e-05,1.2949644311226365e-05,5.498240068508876e-08,3.405701567433337e-08,1.3835146748030915e-05,1.6512119041356993e-05,9.286472938856369e-05,9.178290095573698e-07,3.7490151273201564e-06,1.0758301687560487e-30,5.603783126623126e-16
1.2043084307170805e-07,0.05595639656,0.054,0.0,0.0,0.0201272931393655,0.874898128496701,0.000691177114035441,0.00015942901200613206,3.39185782662146e-12,0.06548759385299092,0.0,0.009402945114610315,2.1263962650423097e-06,1.7354348911123844e-07,4.579472337070757e-05,1.2930631485161569e-05,5.49661219024297e-08,3.405460918505498e-08,1.3831479665083745e-05,1.6527562636925093e-05,9.300419119038487e-05,9.173584916423043e-07,3.7492090042493924e-06,1.0836350715154484e-30,5.617247130832183e-16
1.2065072928556862e-07,0.05595639656,0.054,0.0,0.0,0.020115920889441575,0.8748917853895316,0.0006924464662676286,0.00015978323981219038,3.404113144164884e-12,0.06548679012658136,0.0,0.009414207253836909,2.1257680015450046e-06,1.731868024602001e-07,4.5759081905784835e-05,1.2911665016575469e-05,5.49498331676026e-08,3.40521742132354e-08,1.3827808628557528e-05,1.6542967245864574e-05,9.314352817301169e-05,9.168874187655845e-07,3.7493982907059516e-06,1.091479907249415e-30,5.630711124832189e-16
1.2087061549942918e-07,0.05595639656,0.054,0.0,0.0,0.020104562248957257,0.8748854494919022,0.0006937150512627645,0.00016013728557668597,3.41638672731849e-12,0.06548598685230178,0.0,0.009425455904806965,2.1251393490076344e-06,1.7283134227211885e-07,4.572348427543043e-05,1.2892744746477104e-05,5.4933534615668834e-08,3.404971092609833e-08,1.3824133679498994e-05,1.6558332963518885e-05,9.328274049882112e-05,9.164157975344225e-07,3.749583010384001e-06,1.0993647919091197e-30,5.644175081148117e-16
1.2109050171328975e-07,0.05595639656,0.054,0.0,0.0,0.020093217192238517,0.8748791207910466,0.0006949828688618071,0.00016049114911846765,3.4286785595225184e-12,0.06548518403034057,0.0,0.009436691092955038,2.1245103126178537e-06,1.724771024526008e-07,4.5687930448479153e-05,1.2873870516573502e-05,5.4917226379497356e-08,3.404721948914207e-08,1.382045486000766e-05,1.6573659884791126e-05,9.34218283287686e-05,9.159436345125634e-07,3.7497631868396275e-06,1.1072898414951827e-30,5.657638972438121e-16
1.2131038792715032e-07,0.05595639656,0.054,0.0,0.0,0.020081885693682678,0.8748727992742306,0.0006962499189118723,0.0001608448302588018,3.4409886242390062e-12,0.06548438166088218,0.0,0.009447912843644405,2.1238808975247964e-06,1.7212407696534542e-07,4.5652420393381364e-05,1.285504216926944e-05,5.490090859027705e-08,3.404470006577205e-08,1.3816772208653352e-05,1.658894810517757e-05,9.356079182596702e-05,9.154709362070178e-07,3.749938843492081e-06,1.1152551720571569e-30,5.671102771493993e-16
1.215302741410109e-07,0.05595639656,0.054,0.0,0.0,0.020070567727755218,0.8748664849287504,0.0006975162012661958,0.0001611983288213554,3.453316904951795e-12,0.0654835797441071,0.0,0.009459121182171739,2.123251108835986e-06,1.7177225980231006e-07,4.561695407820743e-05,1.2836259547663845e-05,5.488458137988822e-08,3.404215282008357e-08,1.3813085764973348e-05,1.6604197719375214e-05,9.369963115261886e-05,9.149977090740754e-07,3.750110003602816e-06,1.1232608996934411e-30,5.684566451239009e-16
1.2175016035487145e-07,0.05595639656,0.054,0.0,0.0,0.020059263268988513,0.8748601777419336,0.0006987817157840772,0.00016155164463217274,3.4656633851664657e-12,0.06548277828019194,0.0,0.009470316133768001,2.1226209516238445e-06,1.714216449899839e-07,4.558153147065342e-05,1.2817522495544256e-05,5.4868244878114726e-08,3.403957791434063e-08,1.3809395570024649e-05,1.661940882156304e-05,9.383834646914735e-05,9.145239595273783e-07,3.750276690289952e-06,1.1313071405508896e-30,5.698029984727606e-16
1.2197004656873202e-07,0.05595639656,0.054,0.0,0.0,0.020047972291984743,0.8748538777011382,0.000700046462330827,0.00016190477751965902,3.4780280484102986e-12,0.06548197726930953,0.0,0.00948149772359479,2.1219904309239067e-06,1.7107222660706964e-07,4.5546152538046045e-05,1.27988308573844e-05,5.485189921367268e-08,3.403697550930023e-08,1.3805701662520896e-05,1.663458150616001e-05,9.397693793729877e-05,9.140496939285704e-07,3.750438926541444e-06,1.1393940108243111e-30,5.711493345145601e-16
1.221899327825926e-07,0.05595639656,0.054,0.0,0.0,0.020036694771414884,0.8748475847937536,0.0007013104407777269,0.00016225772731456422,3.490410878232294e-12,0.06548117671162879,0.0,0.009492665976745742,2.1213595517322787e-06,1.7072399876751165e-07,4.551081724734686e-05,1.278018447834044e-05,5.483554451496682e-08,3.403434576554236e-08,1.3802004080046298e-05,1.6649715867438423e-05,9.411540571936686e-05,9.13574918585565e-07,3.750596735194229e-06,1.1475216267563117e-30,5.724956505809243e-16
1.2240981899645316e-07,0.05595639656,0.054,0.0,0.0,0.020025430682015323,0.8748412990071996,0.0007025736510019855,0.00016261049384996138,3.502811858203115e-12,0.06548037660731484,0.0,0.00950382091825082,2.1207283190120696e-06,1.70376955609567e-07,4.5475525565157754e-05,1.276158320424641e-05,5.4819180909752416e-08,3.40316888430394e-08,1.3798302863067239e-05,1.666481199861749e-05,9.425374997505689e-05,9.130996397662041e-07,3.7507501389403704e-06,1.1556901046369801e-30,5.738419440163351e-16
1.2262970521031372e-07,0.05595639656,0.054,0.0,0.0,0.020014179998591262,0.8748350203289265,0.0007038360928866765,0.00016296307696122964,3.515230971915038e-12,0.06547957695652908,0.0,0.009514962573071382,2.1200967376905226e-06,1.7003109132734537e-07,4.5440277457727616e-05,1.2743026881612269e-05,5.480280852338189e-08,3.402900489927041e-08,1.3794598049735611e-05,1.667986999334269e-05,9.43919708651886e-05,9.126238636892192e-07,3.750899160346232e-06,1.163899560803435e-30,5.7518821217826595e-16
1.228495914241743e-07,0.05595639656,0.054,0.0,0.0,0.020002942696016112,0.8748287487464154,0.0007050977663207098,0.0001633154764860386,3.52766820298195e-12,0.06547877775942915,0.0,0.009526090966101481,2.1194648126587075e-06,1.696864001416023e-07,4.540507289095778e-05,1.2724515357621472e-05,5.478642748228983e-08,3.402629409263128e-08,1.3790889677020392e-05,1.669488994501177e-05,9.453006855127195e-05,9.121475965216927e-07,3.751043821840836e-06,1.1721501116394608e-30,5.76534452437005e-16
1.2306947763803486e-07,0.05595639656,0.054,0.0,0.0,0.019991718749228973,0.8748224842471773,0.0007063586711987435,0.00016366769226432222,3.540123535039344e-12,0.06547797901616889,0.0,0.009537206122170601,2.1188325487626886e-06,1.6934287633663758e-07,4.5369911830404875e-05,1.2706048480122992e-05,5.477003790863165e-08,3.4023556577274564e-08,1.3787177783104548e-05,1.6709871946564816e-05,9.466804319335533e-05,9.116708443867614e-07,3.7511841456960347e-06,1.1804418735755832e-30,5.778806621756761e-16
1.2328936385189543e-07,0.05595639656,0.054,0.0,0.0,0.019980508133236412,0.874816226818754,0.0007076188074211922,0.0001640197241382678,3.5525969517442774e-12,0.06547718072689858,0.0,0.009548308066041584,2.118199950822419e-06,1.690005141827121e-07,4.533479424128335e-05,1.268762609762837e-05,5.475363992949309e-08,3.4020792512077815e-08,1.37834624052048e-05,1.6724816090757503e-05,9.480589495190944e-05,9.111936133554058e-07,3.751320154048816e-06,1.1887749630880784e-30,5.7922683879002e-16
1.23509250065756e-07,0.05595639656,0.054,0.0,0.0,0.019969310823109866,0.8748099764487173,0.0007088781748941418,0.00016437157195229747,3.565088436775292e-12,0.0654763828917648,0.0,0.009559396822413845,2.1175670236243287e-06,1.6865930804422108e-07,4.5299720088473775e-05,1.2669248059311529e-05,5.473723366312128e-08,3.4018002047855166e-08,1.3779743582426015e-05,1.6739722469515843e-05,9.494362398555454e-05,9.107159094643646e-07,3.7514518689183966e-06,1.1971494966993122e-30,5.805729796884389e-16
1.2372913627961656e-07,0.05595639656,0.054,0.0,0.0,0.019958126793989877,0.8748037331246692,0.0007101367735293288,0.00016472323555305013,3.5775979738324047e-12,0.06547558551091039,0.0,0.009570472415917403,2.1169337719182237e-06,1.6831925227154653e-07,4.52646893365301e-05,1.2650914215005278e-05,5.472081923609225e-08,3.4015185342012336e-08,1.3776021349627808e-05,1.6754591175744746e-05,9.508123045544e-05,9.102377386974122e-07,3.7515793122000363e-06,1.2055655909768711e-30,5.819190822920802e-16
1.2394902249347713e-07,0.05595639656,0.054,0.0,0.0,0.019946956021081576,0.8747974968342416,0.0007113946032440769,0.00016507471478936187,3.5901255466371433e-12,0.0654747885844747,0.0,0.009581534871119474,2.116300200422054e-06,1.679803412770405e-07,4.522970194968531e-05,1.2632624415197792e-05,5.470439676565829e-08,3.401234254485003e-08,1.3772295743775082e-05,1.676942230111598e-05,9.521871452116681e-05,9.097591069910653e-07,3.7517025056329323e-06,1.2140233625336379e-30,5.832651440345052e-16
1.241689087073377e-07,0.05595639656,0.054,0.0,0.0,0.019935798479655133,0.8747912675650964,0.0007126516639612504,0.0001654260095122523,3.6026711389324723e-12,0.0654739921125934,0.0,0.0095925842125229,2.1156663138130555e-06,1.676425695195891e-07,4.5194757891852454e-05,1.2614378511028857e-05,5.4687966372858486e-08,3.400947380829709e-08,1.3768566802138735e-05,1.6784215937252848e-05,9.535607634134606e-05,9.092800202412125e-07,3.7518214708246666e-06,1.2225229280273337e-30,5.846111623617874e-16
1.2438879492119826e-07,0.05595639656,0.054,0.0,0.0,0.019924654145047405,0.8747850453049254,0.0007139079556092244,0.00016577711957490703,3.615234734482753e-12,0.06547319609539871,0.0,0.009603620464564545,2.1150321167333917e-06,1.6730593147656995e-07,4.5159857126626753e-05,1.2596176354284069e-05,5.46715281771605e-08,3.400657928385642e-08,1.3764834560484878e-05,1.6798972175713088e-05,9.549331607542097e-05,9.088004842974431e-07,3.7519362292629326e-06,1.2310644041601305e-30,5.85957134732448e-16
1.2460868113505883e-07,0.05595639656,0.054,0.0,0.0,0.019913522992660346,0.8747788300414501,0.0007151634781218347,0.0001661280448326596,3.6278163170737277e-12,0.06547240053301924,0.0,0.009614643651617169,2.1143976137960743e-06,1.6697042166291023e-07,4.5124999617291445e-05,1.2578017797391596e-05,5.46550822962786e-08,3.400365912099794e-08,1.3761099054667473e-05,1.681369110766599e-05,9.563043388241352e-05,9.083205049660162e-07,3.752046802307389e-06,1.239647907678412e-30,5.8730305861736215e-16
1.248285673489194e-07,0.05595639656,0.054,0.0,0.0,0.019902404997960896,0.8747726217624215,0.0007164182314383271,0.00016647878514297447,3.6404158705124935e-12,0.0654716054255801,0.0,0.009625653797989289,2.113762809582153e-06,1.6663603463161934e-07,4.509018532682487e-05,1.2559902693420561e-05,5.463862884775743e-08,3.400071346882873e-08,1.3757360320303487e-05,1.682837282409785e-05,9.576742992105577e-05,9.078400880095511e-07,3.7521532111868987e-06,1.2482735553724384e-30,5.886489314997227e-16
1.2504845356277996e-07,0.05595639656,0.054,0.0,0.0,0.01989130013648088,0.8747664204556203,0.0007176722155033186,0.0001668293403654309,3.653033378627477e-12,0.06547081077320294,0.0,0.00963665092792543,2.113127708637745e-06,1.6630276497010993e-07,4.505541421790567e-05,1.2541830896078414e-05,5.462216794812311e-08,3.3997742475526025e-08,1.3753618392767977e-05,1.6843017415716067e-05,9.5904304349893e-05,9.073592391468711e-07,3.7522554770018006e-06,1.2569414640760356e-30,5.899947508749749e-16
1.2548822599050107e-07,0.05595639656,0.054,0.0,0.0,0.01986912971562892,0.8747540387099698,0.0007201778756837662,0.00016752989499552512,3.678322194306206e-12,0.06546922283410397,0.0,0.00965860623514949,2.1118566345749644e-06,1.6563955627734193e-07,4.4986001393954314e-05,1.2505816639271187e-05,5.4589224257169346e-08,3.3991725053378586e-08,1.3746125098297601e-05,1.6872195586148453e-05,9.617768901137938e-05,9.0639626836415e-07,3.7524476632124253e-06,1.2744045320631373e-30,5.926862191469233e-16
1.2592799841822218e-07,0.05595639656,0.054,0.0,0.0,0.019847011535647358,0.8747416847073319,0.0007226804583258681,0.00016822970764124372,3.703682635162794e-12,0.06546763671662686,0.0,0.009680509765973578,2.1105844273176883e-06,1.6498075296869667e-07,4.491676084101443e-05,1.2469973869252245e-05,5.455625213861386e-08,3.398560802169925e-08,1.373861944897548e-05,1.690122633978352e-05,9.645058913126001e-05,9.054316375147491e-07,3.7526235272343416e-06,1.2920380471697032e-30,5.953774436397063e-16
1.263677708459433e-07,0.05595639656,0.054,0.0,0.0,0.019824945403102315,0.8747293583510063,0.0007251799631755661,0.00016892877725370928,3.7291145725895956e-12,0.06546605242162198,0.0,0.009702361712071624,2.1093111220648067e-06,1.6432631296875773e-07,4.484769225011691e-05,1.243430143829446e-05,5.452325249445399e-08,3.3979392533708606e-08,1.3731101718481629e-05,1.693011039354413e-05,9.672300597067803e-05,9.044653908251915e-07,3.752783233390673e-06,1.3098429456028223e-30,5.980684047522254e-16
1.268075432736644e-07,0.05595639656,0.054,0.0,0.0,0.019802931125575466,0.8747170595447571,0.0007276763900606453,0.00016962710281633386,3.754617878317527e-12,0.0654644699498865,0.0,0.009724162264114778,2.1080367535091263e-06,1.6367619473374065e-07,4.477879530789179e-05,1.2398798208554262e-05,5.4490226213634765e-08,3.397307972883151e-08,1.3723572176525224e-05,1.6958848460478327e-05,9.699494078754699e-05,9.034975718629476e-07,3.752926944064823e-06,1.3278201642367965e-30,6.007590830740571e-16
1.272473157013855e-07,0.05595639656,0.054,0.0,0.0,0.019780968511656536,0.8747047881928094,0.0007301697388893832,0.00017032468334430857,3.78019242441515e-12,0.06546288930216501,0.0,0.009745911611778617,2.106761355843475e-06,1.6303035724306073e-07,4.471006969670569e-05,1.2363463051968138e-05,5.44571741722837e-08,3.396667073291076e-08,1.3716031088904717e-05,1.6987441249786674e-05,9.726639483656644e-05,9.025282235472544e-07,3.753054819729831e-06,1.3459706406033619e-30,6.034494593836967e-16
1.2768708812910661e-07,0.05595639656,0.054,0.0,0.0,0.0197590573709362,0.8746925441998465,0.0007326600096492589,0.0001710215178841178,3.805838083287801e-12,0.06546131047915045,0.0,0.009767609943750106,2.1054849627694916e-06,1.6238875999117004e-07,4.4641515094789225e-05,1.2328294850152306e-05,5.442409723390218e-08,3.3960166658402714e-08,1.3708478717579095e-05,1.701588946684479e-05,9.753736936922325e-05,9.0155738815956e-07,3.7531670189771075e-06,1.3642953128819724e-30,6.061395146468126e-16
1.2856663298454886e-07,0.05595639656,0.054,0.0,0.0,0.019715388752417743,0.8746681379118837,0.0007376313173010733,0.00017241294533890266,3.8573422306583006e-12,0.06545815830975946,0.0,0.009810854310460566,2.1029293227943353e-06,1.6111812670830968e-07,4.450491761172272e-05,1.2258454885121546e-05,5.4357872058100665e-08,3.394687765764262e-08,1.3693341152819843e-05,1.7072354986729887e-05,9.80778848753474e-05,8.996114221662691e-07,3.753345013342648e-06,1.4014710010741739e-30,6.115185868214292e-16
1.294461778399911e-07,0.05595639656,0.054,0.0,0.0,0.019671923766497,0.8746438399273936,0.0007425903144523223,0.00017380137816049853,3.909129306373943e-12,0.06545501344625061,0.0,0.009853896854229502,2.1003700936657777e-06,1.5986398083664487e-07,4.4369000206494356e-05,1.2189269556249583e-05,5.429155734901406e-08,3.393322136546767e-08,1.3678161503487057e-05,1.712825058753988e-05,9.861649725374987e-05,8.976599997716392e-07,3.7534621593422837e-06,1.4393547468395807e-30,6.16896151001121e-16
1.3032572269543334e-07,0.05595639656,0.054,0.0,0.0,0.019628660925217253,0.8746196495000534,0.0007475370037268499,0.00017518680979947663,3.96119830171184e-12,0.0654518758923807,0.0,0.009896739049659103,2.0978075280772086e-06,1.586260160656195e-07,4.423376016850068e-05,1.2120730254943906e-05,5.4225159579509593e-08,3.391920621826806e-08,1.3662941733313836e-05,1.718358177697574e-05,9.915321640117647e-05,8.957034373102057e-07,3.7535196608498945e-06,1.4779540779590411e-30,6.222720614749901e-16
1.3120526755087558e-07,0.05595639656,0.054,0.0,0.0,0.01958559875597037,0.8745955658906057,0.0007524713888981069,0.00017656923416293268,4.0135482132533775e-12,0.06544874565114876,0.0,0.009939382356182741,2.095241871556324e-06,1.5740393358421611e-07,4.409919473235851e-05,1.2052828518210208e-05,5.415868503831656e-08,3.390484045551946e-08,1.3647683750402793e-05,1.723835400375878e-05,9.968805216339822e-05,8.937420418682058e-07,3.7535186942730093e-06,1.5172765316707306e-30,6.276461753649347e-16
1.324019714283687e-07,0.05595639656,0.054,0.0,0.0,0.019527328247018194,0.8745629680877532,0.0007591653358703954,0.00017844531362863178,4.085224544313897e-12,0.0654444984095634,0.0,0.009997085802999853,2.091746517794907e-06,1.5576615705140564e-07,4.391718401456171e-05,1.1961450713548126e-05,5.406812781971788e-08,3.3884745869805696e-08,1.362686578418095e-05,1.7311988839595514e-05,0.00010041273982326632,8.910661516424124e-07,3.7534255490100667e-06,1.5719532889950662e-30,6.34955028346166e-16
1.3359867530586181e-07,0.05595639656,0.054,0.0,0.0,0.0194694229027119,0.8745305648493467,0.0007658365299507435,0.00018031580260878186,4.157416566745654e-12,0.06544026471294519,0.0,0.010054427329839643,2.088246463818728e-06,1.5415652983112327e-07,4.373640967519512e-05,1.1871217252033175e-05,5.397745464608503e-08,3.386403681224406e-08,1.360598502006768e-05,1.738461229186312e-05,0.00010113398357376407,8.883825905657333e-07,3.753229111046806e-06,1.6280017083762148e-30,6.422599516879095e-16
1.3479537918335493e-07,0.05595639656,0.054,0.0,0.0,0.019411879146472612,0.8744983543746329,0.0007724849901584989,0.0001821806895528811,4.230121799916935e-12,0.0654360445625324,0.0,0.010111410481596923,2.0847422684347555e-06,1.525743616319967e-07,4.355686432893048e-05,1.1782108056379715e-05,5.3886679824971655e-08,3.3842732387150445e-08,1.3585045803417797e-05,1.7456237572930367e-05,0.00010185180776168825,8.856920554571265e-07,3.7529321145879844e-06,1.685440852691109e-30,6.495606097373879e-16
1.3599208306084804e-07,0.05595639656,0.054,0.0,0.0,0.01935469345096848,0.8744663348857082,0.000779110738887425,0.00018403996426421764,4.303337780923483e-12,0.06543183795730596,0.0,0.010168038754457806,2.0812344691537687e-06,1.5101898441132482e-07,4.337854045445869e-05,1.1694103502289642e-05,5.379581711674697e-08,3.382085110595226e-08,1.3564052315805026e-05,1.7526877704194766e-05,0.00010256623656087605,8.829952158689981e-07,3.752537211948866e-06,1.7442898126218826e-30,6.568566757455108e-16
1.3718878693834116e-07,0.05595639656,0.054,0.0,0.0,0.019297862337202924,0.8744345046271447,0.00078571380175748,0.00018589361784491422,4.377062064460147e-12,0.06542764489407946,0.0,0.010224315596792247,2.0777235830653652e-06,1.4948975145140087e-07,4.320143040726799e-05,1.160718440614755e-05,5.37048797573238e-08,3.379841090955959e-08,1.3543008582141409e-05,1.7596545519130633e-05,0.00010327729397230366,8.80292715225757e-07,3.752046976645168e-06,1.804567705365395e-30,6.641478316427698e-16
1.3838549081583427e-07,0.05595639656,0.054,0.0,0.0,0.01924138237362618,0.8744028618656242,0.0007922942074734506,0.00018774164264356825,4.451292222691781e-12,0.06542346536758482,0.0,0.010280244410024363,2.0742101076191026e-06,1.479860365317645e-07,4.302552643177703e-05,1.1521332013061983e-05,5.361388047832278e-08,3.377542918816649e-08,1.3521918477070517e-05,1.7665253666310983e-05,0.00010398500382449487,8.775851718994324e-07,3.7514639063716155e-06,1.8662936734075665e-30,6.714337678274079e-16
1.3958219469332739e-07,0.05595639656,0.054,0.0,0.0,0.01918525017526756,0.8743714048895799,0.0007988519876880541,0.00018958403220464056,4.52602584512583e-12,0.06541929937055593,0.0,0.010335828549483094,2.0706945213565304e-06,1.4650723318128652e-07,4.285082067271549e-05,1.1436527985320009e-05,5.352283152492415e-08,3.375192279901019e-08,1.3500785730709208e-05,1.7733014612337363e-05,0.0001046893897743328,8.748731802091438e-07,3.7507904258498473e-06,1.929486883356055e-30,6.787141829702274e-16
1.407788985708205e-07,0.05595639656,0.054,0.0,0.0,0.01912946240288753,0.8743401320088432,0.000805387176871737,0.0001914207812203295,4.601260538483295e-12,0.06541514689380805,0.0,0.010391071325234126,2.0671772847193525e-06,1.4505275382540825e-07,4.2677305185861125e-05,1.13527543910931e-05,5.3431744677800995e-08,3.37279080883164e-08,1.347961393513273e-05,1.7799840644625878e-05,0.00010539047530684733,8.721573114203172e-07,3.7500288895244266e-06,1.994166524687872e-30,6.859887838040677e-16
1.4197560244831361e-07,0.05595639656,0.054,0.0,0.0,0.019074015762148865,0.8743090415543001,0.000811899812185781,0.00019325188548378197,4.676993926572561e-12,0.06541100792631595,0.0,0.010445976002893596,2.063658840776251e-06,1.4362202896832948e-07,4.250497194795414e-05,1.1269993693504878e-05,5.3340631274823604e-08,3.370340091228315e-08,1.3458406550677077e-05,1.7865743874325438e-05,0.00010608828373484368,8.694381147160476e-07,3.7491815840553737e-06,2.0603518085008326e-30,6.932572849031211e-16
1.4317230632580673e-07,0.05595639656,0.054,0.0,0.0,0.019018907002810836,0.8742781318775518,0.0008183899333628761,0.00019507734184510218,4.753223650160164e-12,0.06540688245528735,0.0,0.01050054580441928,2.060139615757173e-06,1.4221450672497067e-07,4.233381286626481e-05,1.1188228740136277e-05,5.324950221857146e-08,3.3678416644705336e-08,1.3437166909508247e-05,1.793073623924693e-05,0.00010678283820075117,8.66716118017537e-07,3.7482507308407577e-06,2.1280619665624417e-30,7.005194085250903e-16
1.4436901020329984e-07,0.05595639656,0.054,0.0,0.0,0.018964132917940853,0.8742474013505853,0.0008248575825897448,0.0001968971481680982,4.829947366846221e-12,0.06540277046623516,0.0,0.010554783908885689,2.05662001977382e-06,1.408296521864072e-07,4.216381978747723e-05,1.1107442752913919e-05,5.3158367989579665e-08,3.3652970192308826e-08,1.3415898220319191e-05,1.7994829506203124e-05,0.00010747416167770353,8.639918287515732e-07,3.74723848847118e-06,2.1973162503017128e-30,7.077748844674423e-16
1.4556571408079296e-07,0.05595639656,0.054,0.0,0.0,0.01890969034313852,0.8742168483654462,0.0008313028043967197,0.00019871130328964003,4.907162750935659e-12,0.06539867194304658,0.0,0.010608693453247976,2.0531004475910354e-06,1.3946694618996122e-07,4.199498450573866e-05,1.1027619317896452e-05,5.306723869480621e-08,3.362707603985745e-08,1.3394603577869286e-05,1.805803527356483e-05,0.00010816227696537164,8.612657348925035e-07,3.746146954652769e-06,2.2681339290907015e-30,7.150234497595013e-16
1.4676241795828607e-07,0.05595639656,0.054,0.0,0.0,0.01885557615579393,0.8741864713339241,0.0008377256455523891,0.00020051980698101063,4.984867493311761e-12,0.06539458686804818,0.0,0.010662277533070207,2.0495812789139497e-06,1.381258854639381e-07,4.182729877047741e-05,1.0948742375878267e-05,5.297612404071915e-08,3.360074822374547e-08,1.3373285961710404e-05,1.8120364974971208e-05,0.00010884720669507606,8.585383055661343e-07,3.744978168453441e-06,2.340534289807204e-30,7.222648485678884e-16
1.4795912183577919e-07,0.05595639656,0.054,0.0,0.0,0.018801787274357086,0.8741562686872419,0.0008441261549614475,0.00020232265991018244,5.063059301311716e-12,0.06539051522206946,0.0,0.010715539203245139,2.0460628791642163e-06,1.3680598191671067e-07,4.16607542938855e-05,1.0870796213283247e-05,5.288503335043131e-08,3.357400035482626e-08,1.3351948241592114e-05,1.8181829880866393e-05,0.00010952897333001371,8.558099916711033e-07,3.7437341125703716e-06,2.4145366359194274e-30,7.294988320878851e-16
1.491558257132723e-07,0.05595639656,0.054,0.0,0.0,0.018748320657604234,0.8741262388757458,0.0008505043835634963,0.00020411986360473387,5.141735898600043e-12,0.06538645698450687,0.0,0.010768481478719633,2.042545600097391e-06,1.3550676123988214e-07,4.1495342757304535e-05,1.0793765452490792e-05,5.2793975640253026e-08,3.354684568995268e-08,1.3330593188339964e-05,1.824244109982452e-05,0.00011020759916064476,8.530812267640916e-07,3.742416714924491e-06,2.4901602855340517e-30,7.367251582586677e-16
1.5035252959076541e-07,0.05595639656,0.054,0.0,0.0,0.018695173303940476,0.8740963803686057,0.0008568603842379198,0.00020591142041698053,5.2208950250440074e-12,0.06538241213338325,0.0,0.010821107335176173,2.0390297797569586e-06,1.3422776349214633e-07,4.1331055818228364e-05,1.0717635043460654e-05,5.2702959567564474e-08,3.35192970675744e-08,1.3309223468763763e-05,1.8302209584970667e-05,0.00011088310631023403,8.503524279236437e-07,3.7410278503895626e-06,2.5674245708443102e-30,7.439435915359333e-16
1.5142956308050921e-07,0.05595639656,0.054,0.0,0.0,0.01864761120616584,0.8740696529271118,0.0008625618251646393,0.00020751899604650525,5.292548946229905e-12,0.0653787831935499,0.0,0.010868202496017616,2.035867058146962e-06,1.3309358705924458e-07,4.118415219420128e-05,1.064987529454974e-05,5.2621087544355726e-08,3.3494176753985774e-08,1.3289980305924648e-05,1.8355289610870983e-05,0.00011148841442430492,8.478968113452682e-07,3.739718277014838e-06,2.638381160851898e-30,7.504332437805289e-16
1.5250659657025301e-07,0.05595639656,0.054,0.0,0.0,0.018600303178028993,0.8740430619271329,0.0008682453469033751,0.00020912200305839006,5.364590273278349e-12,0.0653751650600191,0.0,0.010915045851830816,2.0327060110833272e-06,1.319751127174378e-07,4.1038146618581475e-05,1.0582822371440978e-05,5.25392618185519e-08,3.3468756271080456e-08,1.3270729157015569e-05,1.840770353271564e-05,0.00011209123008307672,8.454417732466794e-07,3.738353589640795e-06,2.7106964479132068e-30,7.569161548282968e-16
1.5358363005999681e-07,0.05595639656,0.054,0.0,0.0,0.01855324711102387,0.8740166062906519,0.0008739109916860504,0.0002107204447529688,5.4370173917179275e-12,0.06537155771413426,0.0,0.010961639492957236,2.029546859197356e-06,1.3087203204788433e-07,4.0893032982794945e-05,1.0516465950300103e-05,5.245748806139059e-08,3.344304423195296e-08,1.325147177309571e-05,1.845945901715726e-05,0.00011269156906496127,8.429875855258611e-07,3.7369350522017453e-06,2.7843845505422655e-30,7.633921660520182e-16
1.5466066354974061e-07,0.05595639656,0.054,0.0,0.0,0.018506440920990852,0.8739902849512897,0.0008795588028029078,0.00021231432489283056,5.5098286973979655e-12,0.06536796113647297,0.0,0.01100798548561141,2.0263898160512863e-06,1.2978404480279522e-07,4.074880517589435e-05,1.0450795901561049e-05,5.237577167576461e-08,3.341704898604508e-08,1.323220984700528e-05,1.8510563632491083e-05,0.00011328944704117004,8.405345101903274e-07,3.735463898579907e-06,2.8594595954831113e-30,7.698611230050777e-16
1.5573769703948442e-07,0.05595639656,0.054,0.0,0.0,0.018459882547743632,0.8739640968541448,0.0008851888245568644,0.0002139036476859474,5.583022596415749e-12,0.06536437530687624,0.0,0.011054085872251164,2.0232350880326597e-06,1.2871085797616373e-07,4.0605457087606895e-05,1.0385802285738046e-05,5.2294117940374e-08,3.339077872905019e-08,1.3212945020252692e-05,1.8561024848170807e-05,0.0001138848795727697,8.38082799942419e-07,3.733941333267529e-06,2.93593571536337e-30,7.763228751470467e-16
1.5681473052922822e-07,0.05595639656,0.054,0.0,0.0,0.01841356995470622,0.8739380409556332,0.0008908011022199996,0.00021548841776970144,5.656597505043327e-12,0.06536080020447609,0.0,0.011099942671928714,2.020082873804543e-06,1.2765218619822688e-07,4.046298261136046e-05,1.032147534944579e-05,5.2212531993026095e-08,3.336424143251964e-08,1.3193678879124054e-05,1.8610850042119603e-05,0.00011447788211081249,8.356326992859108e-07,3.7323685314118498e-06,3.013827047599449e-30,7.827772754423943e-16
1.5789176401897202e-07,0.05595639656,0.054,0.0,0.0,0.01836750112855918,0.8739121162233355,0.0008963956819906249,0.00021706864019501088,5.730551849655323e-12,0.06535723580772305,0.0,0.011145557880645064,2.0169333656968433e-06,1.2660775150908092e-07,4.032137564608825e-05,1.0257805520651168e-05,5.213101867298525e-08,3.3337444801511867e-08,1.3174412957662223e-05,1.866004649827106e-05,0.0001150684699992354,8.331844437409458e-07,3.730746640726714e-06,3.0931477367397812e-30,7.892241808247275e-16
1.5896879750871582e-07,0.05595639656,0.054,0.0,0.0,0.018321674078889565,0.8738863216358417,0.000901972610951542,0.00021864432041088686,5.804884066657208e-12,0.0653536820944129,0.0,0.011190933471699827,2.0137867499930112e-06,1.2557728265233377e-07,4.018063009867547e-05,1.0194783404670442e-05,5.204958263733136e-08,3.331039638561845e-08,1.3155148742796861e-05,1.8708621404136475e-05,0.00011565665847547975,8.307382599037056e-07,3.7290767825288622e-06,3.173911932848906e-30,7.956634521217778e-16
1.6004583099845962e-07,0.05595639656,0.054,0.0,0.0,0.018276086837835322,0.8738606561825998,0.0009075319370281457,0.00022021546424932256,5.8795926024135425e-12,0.06535013904171419,0.0,0.011236071396032169,2.0106432049009685e-06,1.2456051495231304e-07,4.004073988680596e-05,1.0132399780405807e-05,5.196822875457479e-08,3.328310367133585e-08,1.3135887672911647e-05,1.8756581860733116e-05,0.0001162424626656862,8.282943680859623e-07,3.727360050067236e-06,3.256133784913535e-30,8.020949527981013e-16
1.6101516113922905e-07,0.05595639656,0.054,0.0,0.0,0.01823526174872967,0.8738376668578797,0.0009125203202908924,0.00022162562021885043,5.947150761018696e-12,0.06534695938975131,0.0,0.011276493917576206,2.0078167829607244e-06,1.236569255444899e-07,3.9915564990369905e-05,1.007679294392431e-05,5.189508395149156e-08,3.325833717037724e-08,1.3118556548558006e-05,1.8799226714213318e-05,0.00011676766028939695,8.260969998080671e-07,3.7257757974835653e-06,3.331391450814576e-30,8.078765502748554e-16
1.6198449127999845e-07,0.05595639656,0.054,0.0,0.0,0.018194627925162257,0.8738147806003356,0.0009174945207378519,0.00022303211150789094,6.015011368662326e-12,0.06534378833642199,0.0,0.01131672688290076,2.004993111243008e-06,1.2276404170364514e-07,3.9791073582649765e-05,1.0021689467287417e-05,5.182201221239933e-08,3.323338363221929e-08,1.3101230081962551e-05,1.8841384590546744e-05,0.00011729094968732941,8.239018079445199e-07,3.7241552052500648e-06,3.407851610073389e-30,8.136516523645321e-16
1.6295382142076786e-07,0.05595639656,0.054,0.0,0.0,0.018154183978110097,0.8737919966952539,0.0009224545749103184,0.00022443494310872526,6.08317331315204e-12,0.06534062586387261,0.0,0.011356771669085216,2.002172307659596e-06,1.2188168390023852e-07,3.9667261258921186e-05,9.96708297339024e-06,5.1749016581625e-08,3.320824804975563e-08,1.3083909227508198e-05,1.888306048168154e-05,0.00011781234166542619,8.217089369688559e-07,3.72249901920716e-06,3.485524587085567e-30,8.194201669941236e-16
1.6392315156153726e-07,0.05595639656,0.054,0.0,0.0,0.018113928532533744,0.8737693144346854,0.0009274005198113472,0.0002258341202310854,6.151635488652515e-12,0.065337471953897,0.0,0.011396629639346113,1.9993544864594723e-06,1.2100967652598185e-07,3.9544123625839064e-05,9.91296718930441e-06,5.167609997155953e-08,3.3182935298966085e-08,1.3066594912271636e-05,1.892425932212547e-05,0.00011833184696051916,8.195185265147374e-07,3.7208079699104685e-06,3.564420708238922e-30,8.251820043183791e-16
1.6489248170230666e-07,0.05595639656,0.054,0.0,0.0,0.018073860227191967,0.8737467331173631,0.0009323323928855973,0.00022722964829471328,6.220396795644139e-12,0.06533432658794934,0.0,0.011436302143219416,1.9965397587406387e-06,1.201478478463657e-07,3.942165630214384e-05,9.859335944046307e-06,5.1603265217057775e-08,3.315745014463072e-08,1.3049288035857726e-05,1.896498599043585e-05,0.00011884947624074852,8.173307117123917e-07,3.7190827728068115e-06,3.644550301340886e-30,8.309370766017599e-16
1.6586181184307607e-07,0.05595639656,0.054,0.0,0.0,0.01803397771445952,0.8737242520486204,0.0009372502320002568,0.00022862153292223185,6.289456140881714e-12,0.06533118974715661,0.0,0.011475790516740686,1.9937282319665447e-06,1.192960297997102e-07,3.929985491998822e-05,9.806183166953971e-06,5.1530515058339197e-08,3.3131797247229766e-08,1.303198947227939e-05,1.900524530985245e-05,0.00011936524010468148,8.151456233679861e-07,3.717324128596944e-06,3.7259236953561375e-30,8.36685298178671e-16
1.6683114198384547e-07,0.05595639656,0.054,0.0,0.0,0.017994279660149756,0.8737018705403137,0.0009421540754263342,0.00023000977993220304,6.358812437353313e-12,0.0653280614123307,0.0,0.011515096082620475,1.9909200100112755e-06,1.1845405799872423e-07,3.9178715125837436e-05,9.753502885717338e-06,5.1457852143480296e-08,3.3105981159668195e-08,1.301470006956024e-05,1.9045042049083916e-05,0.00011987914908267545,8.129633880324009e-07,3.715532723645469e-06,3.8085512201486654e-30,8.424265854144056e-16
1.6780047212461488e-07,0.05595639656,0.054,0.0,0.0,0.017954764743337622,0.8736795879107426,0.000947043961820497,0.00023139439533234556,6.428464604239276e-12,0.06532494156398046,0.0,0.011554220150419608,1.988115193650476e-06,1.1762177154504422e-07,3.905823258109666e-05,9.701289224266267e-06,5.138527904515577e-08,3.3080006335859546e-08,1.2997420651557447e-05,1.9084380922797817e-05,0.00012039121363624192,8.107841281608529e-07,3.7137092303077325e-06,3.892443206228525e-30,8.481608566660707e-16
1.6876980226538428e-07,0.05595639656,0.054,0.0,0.0,0.017915431656187385,0.8736574034845727,0.0009519199302072617,0.0002327753853129446,6.498411566871472e-12,0.06532183018232333,0.0,0.011593164016719544,1.985313880460347e-06,1.1679901302177366e-07,3.893840296288583e-05,9.649536400877458e-06,5.1312798247443324e-08,3.305387712722236e-08,1.298015201750926e-05,1.9123266592581923e-05,0.00012090144415928654,8.086079622147927e-07,3.711854307250839e-06,3.9776099845028314e-30,8.538880322448181e-16
1.6973913240615369e-07,0.05595639656,0.054,0.0,0.0,0.017876279103781662,0.8736353165927604,0.0009567820199619644,0.00023415275624047893,6.568652256692714e-12,0.06531872724729665,0.0,0.011631928965291957,1.9825161648115963e-06,1.1598562830391733e-07,3.881922196483957e-05,9.598238726366271e-06,5.124041215723744e-08,3.302759779121528e-08,1.2962894944054772e-05,1.9161703667238337e-05,0.0001214098509773826,8.064350047822503e-07,3.7099685998124085e-06,4.064061886031364e-30,8.596080343786158e-16
1.707084625469231e-07,0.05595639656,0.054,0.0,0.0,0.017837305803955445,0.8736133265724766,0.0009616302707941513,0.00023552651465144682,6.63918561121645e-12,0.06531563273856868,0.0,0.011670516267262596,1.9797221380656145e-06,1.1518146658317047e-07,3.8700685297692195e-05,9.5473906022203e-06,5.116812310393201e-08,3.3001172487703996e-08,1.2945650184290177e-05,1.919969670386114e-05,0.00012191644434929721,8.042653666837216e-07,3.7080527402951387e-06,4.1518092417862065e-30,8.653207871758322e-16
1.716777926876925e-07,0.05595639656,0.054,0.0,0.0,0.01779851048713034,0.873591432767034,0.0009664647227317072,0.00023689666724637765,6.710010573986484e-12,0.0653125466355489,0.0,0.011708927181275903,1.9769318887490957e-06,1.1438638015129894e-07,3.858278868995869e-05,9.496986518884361e-06,5.109593334236457e-08,3.297460528810419e-08,1.2928418470362602e-05,1.9237250207964616e-05,0.00012242123446574345,8.020991550939919e-07,3.7061073483150687e-06,4.24086238241591e-30,8.710262165894602e-16
1.726471228284619e-07,0.05595639656,0.054,0.0,0.0,0.01775989189615458,0.8735696345258136,0.0009712854161051295,0.0002382632208840049,6.781126094537072e-12,0.06530946891739861,0.0,0.011747162953652763,1.9741455024203155e-06,1.1360022447757916e-07,3.8465527888530304e-05,9.447021054018988e-06,5.1023845051084704e-08,3.294790016913899e-08,1.2911200511588985e-05,1.9274368634764324e-05,0.000122924231451707,7.999364736242331e-07,3.7041330310551557e-06,4.3312316380133514e-30,8.767242503821725e-16
1.736164529692313e-07,0.05595639656,0.054,0.0,0.0,0.017721448786141573,0.8735479312041935,0.0009760923915326533,0.0002396261825756179,6.852531128352985e-12,0.06530639956304081,0.0,0.011785224818551342,1.9713630619199147e-06,1.1282285792362675e-07,3.8348898659256974e-05,9.397488870800792e-06,5.095186034347829e-08,3.292106102592767e-08,1.2893996998353902e-05,1.9311056388960337e-05,0.00012342544536414073,7.977774224533158e-07,3.702130383619294e-06,4.422927337888363e-30,8.824148180919315e-16
1.745857831100007e-07,0.05595639656,0.054,0.0,0.0,0.017683179924316623,0.8735263221634778,0.0009808856899053827,0.0002409855594795703,6.924224636830137e-12,0.06530333855117008,0.0,0.01182311399811766,1.968584647355438e-06,1.1205414193573085e-07,3.823289678735222e-05,9.348384716203934e-06,5.0879981256333114e-08,3.28940916603058e-08,1.2876808598203706e-05,1.9347317826500784e-05,0.00012392488619587208,7.956220983840683e-07,3.700099989230382e-06,4.515959810343404e-30,8.880978509984662e-16
1.755551132507701e-07,0.05595639656,0.054,0.0,0.0,0.017645084089858393,0.8735048067708269,0.000985665352373538,0.00024234135889597002,6.996205587235891e-12,0.06530028586026168,0.0,0.011860831702644278,1.965810336321595e-06,1.1129394060513336e-07,3.8117518078055216e-05,9.299703419513999e-06,5.0808209768113145e-08,3.286699580091993e-08,1.2859635962666187e-05,1.9383157253590257e-05,0.00012442256387089261,7.934705949987695e-07,3.6980424196371117e-06,4.610339382454644e-30,8.93773282090144e-16
1.7652444339153952e-07,0.05595639656,0.054,0.0,0.0,0.017607160073754145,0.8734833843991898,0.0009904314203322048,0.00024369358826149828,7.068472952670319e-12,0.06529724146858146,0.0,0.011898379130711373,1.9630402036531174e-06,1.105421210997549e-07,3.8002758356901845e-05,9.251439890611685e-06,5.073654778111899e-08,3.2839777080745646e-08,1.2842479718811994e-05,1.9418578929586917e-05,0.00012491848825194708,7.913230026628745e-07,3.6959582351914177e-06,4.7060763798547245e-30,8.994410460318645e-16
1.77396840518232e-07,0.05595639656,0.054,0.0,0.0,0.017573174374094516,0.8734641832840356,0.0009947092925897162,0.00024490754854948106,7.133757622347154e-12,0.06529450859378369,0.0,0.011932027210913968,1.960550716805671e-06,1.0987254209102261e-07,3.790000040930701e-05,9.208355762849822e-06,5.067214714993524e-08,3.2815178141219606e-08,1.282705362341471e-05,1.9450104741286067e-05,0.00012536332922296166,7.893935857588318e-07,3.6940601677913104e-06,4.7934088089432305e-30,9.04535425492456e-16
1.7818199793225522e-07,0.05595639656,0.054,0.0,0.0,0.017542704692849388,0.8734469659005331,0.000998550016774548,0.0002459976502409224,7.192710862535577e-12,0.06529205472558243,0.0,0.011962194089153578,1.958313165025602e-06,1.0927555847594614e-07,3.780794156920122e-05,9.169862926021922e-06,5.061426477204978e-08,3.279295857920862e-08,1.2813182272532109e-05,1.947819408580128e-05,0.00012576248450198177,7.876599306132024e-07,3.6923341806897585e-06,4.8729614492531334e-30,9.091149755240456e-16
1.7896715534627845e-07,0.05595639656,0.054,0.0,0.0,0.017512345629915913,0.8734298084518382,0.001002381895941068,0.0002470854232672656,7.251850212692366e-12,0.06528960626321656,0.0,0.011992251342483422,1.9560784800249566e-06,1.0868384644019379e-07,3.771628149413225e-05,9.131635393140542e-06,5.055645742647165e-08,3.277066462595876e-08,1.2799322737059842e-05,1.950601676048534e-05,0.00012616050676276554,7.859289923353875e-07,3.690591692476041e-06,4.953423049783528e-30,9.136893843076866e-16
1.7975231276030167e-07,0.05595639656,0.054,0.0,0.0,0.01748209656480297,0.873412710615535,0.0010062049525023458,0.0002481708718215073,7.31117513811483e-12,0.06528716319477089,0.0,0.012022199586033202,1.953846696965225e-06,1.0809734021638376e-07,3.762501800648791e-05,9.093670607324214e-06,5.0498726021924276e-08,3.274829808007834e-08,1.2785475319881186e-05,1.9533574937786467e-05,0.00012655740111952455,7.842008132590331e-07,3.6888329802954844e-06,5.034799094307848e-30,9.182586202046774e-16
1.805374701743249e-07,0.05595639656,0.054,0.0,0.0,0.01745195688182174,0.8733956720715705,0.0010100192089524652,0.00024925400014615286,7.37068510653578e-12,0.06528472550825637,0.0,0.012052039430168146,1.9516178501722592e-06,1.0751597531568473e-07,3.7534148938148906e-05,9.055966043511952e-06,5.044107141877761e-08,3.2725860686176844e-08,1.2771640312009071e-05,1.9560870771940494e-05,0.00012695317266199588,7.824754345222456e-07,3.68705831698257e-06,5.117095065577832e-30,9.228226522386405e-16
1.8132262758834812e-07,0.05595639656,0.054,0.0,0.0,0.017421925970033007,0.8733786925022324,0.0010138246878627832,0.00025033481253166885,7.430379588110006e-12,0.0652822931916123,0.0,0.012081771480542854,1.9493919732159865e-06,1.0693968827700678e-07,3.744367213080854e-05,9.018519208157077e-06,5.038349445141972e-08,3.2703354159788867e-08,1.2757817998536731e-05,1.9587906397462918e-05,0.00012734782645111995,7.807528961055755e-07,3.6852679713227395e-06,5.200316445252248e-30,9.273814500850684e-16
1.8202926926096902e-07,0.05595639656,0.054,0.0,0.0,0.017394990647640666,0.8733634610524142,0.0010172421327996793,0.00025130556713424886,7.48426194429744e-12,0.06528010868784864,0.0,0.012108438659032293,1.9473912497597607e-06,1.0642531968555331e-07,3.736257661144408e-05,8.985035378203003e-06,5.033174227292475e-08,3.268304060379934e-08,1.2745389003851948e-05,1.9612017729184824e-05,0.00012770206334114932,7.792050721473365e-07,3.683643470439088e-06,5.276011440809454e-30,9.314798683705288e-16
1.8273591093358991e-07,0.05595639656,0.054,0.0,0.0,0.017368142500083464,0.8733482768882166,0.0010206525028260917,0.00025227445253140436,7.538292946044342e-12,0.06527792851496916,0.0,0.012135019446361018,1.9453929807369534e-06,1.0591496854788421e-07,3.728179552346776e-05,8.9517565388678e-06,5.0280054261205176e-08,3.266267365716052e-08,1.2732970718071007e-05,1.9635921532988093e-05,0.00012805540257839756,7.776596078736374e-07,3.6820066708189973e-06,5.352464450846561e-30,9.355740017124117e-16
1.834425526062108e-07,0.05595639656,0.054,0.0,0.0,0.017341381091670244,0.8733331397828048,0.0010240558145412377,0.0002532414719447373,7.592472212073703e-12,0.06527575266404423,0.0,0.012161514274445449,1.943397189084106e-06,1.0540859083327514e-07,3.720132731367403e-05,8.918680935467885e-06,5.0228430918714344e-08,3.2642254471721155e-08,1.2720563332161599e-05,1.965961932691513e-05,0.00012840784779692506,7.761165300734411e-07,3.6803577598101935e-06,5.429679468960793e-30,9.396638293196442e-16
1.841491942788317e-07,0.05595639656,0.054,0.0,0.0,0.0173147059897063,0.8733180495108263,0.0010274520845853193,0.0002542066286236693,7.646799362665516e-12,0.06527358112610433,0.0,0.012187923572234204,1.941403896833715e-06,1.0490614273961503e-07,3.7121170435425416e-05,8.885806832788659e-06,5.01768728410903e-08,3.2621784264100356e-08,1.270816704108113e-05,1.9683112612974302e-05,0.0001287594026088981,7.745758648354541e-07,3.6786969220076996e-06,5.507660487875569e-30,9.437493308039129e-16
1.848558359514526e-07,0.05595639656,0.054,0.0,0.0,0.01728811676447478,0.8733030058483986,0.00103084132963731,0.00025516992584471277,7.701274019648537e-12,0.0652714138921414,0.0,0.012214247765721588,1.939413124313496e-06,1.0440758124335191e-07,3.704132334919001e-05,8.853132515099932e-06,5.012538067174103e-08,3.260126423245073e-08,1.269578203004571e-05,1.970640288165953e-05,0.00012911007061386598,7.730376377034023e-07,3.677024339241759e-06,5.5864114994102815e-30,9.478304861747829e-16
1.8549145407205104e-07,0.05595639656,0.054,0.0,0.0,0.01726427299558948,0.8732895138374459,0.0010338839389112905,0.00025603481764237225,7.750399208093895e-12,0.06526946815315791,0.0,0.0122378537976485,1.9376246114665456e-06,1.0396241493697332e-07,3.696976496567505e-05,8.82391151884086e-06,5.007912052975747e-08,3.258276495455509e-08,1.26846516028159e-05,1.97271800676129e-05,0.00012942473884281522,7.716561188161675e-07,3.6755099801241212e-06,5.657908449168181e-30,9.514977213873965e-16
1.8612707219264947e-07,0.05595639656,0.054,0.0,0.0,0.017240498054359128,0.87327605919672,0.0010369208900849638,0.0002568982100741018,7.799643163936815e-12,0.06526752588253025,0.0,0.012261391621210083,1.9358381700342662e-06,1.0352032871214899e-07,3.6898454877717556e-05,8.79484956954931e-06,5.003291429936665e-08,3.256422702033617e-08,1.2673530577829729e-05,1.974779526437839e-05,0.0001297386950572365,7.70276609956553e-07,3.673986392705086e-06,5.7300345209102e-30,9.55161410370349e-16
1.867626903132479e-07,0.05595639656,0.054,0.0,0.0,0.017216791634114232,0.8732626417662871,0.0010399521953693102,0.0002577601055774332,7.849005615139071e-12,0.06526558707362777,0.0,0.01228486154042037,1.9340538133527917e-06,1.0308129228071664e-07,3.6827391978909534e-05,8.765945457420428e-06,4.9986762725555975e-08,3.254565138418562e-08,1.2662419083011788e-05,1.976824952737696e-05,0.0001300519418434623,7.688991285793052e-07,3.6724537039255977e-06,5.8027926177219085e-30,9.5882153937785e-16
1.8739830843384633e-07,0.05595639656,0.054,0.0,0.0,0.01719315343006047,0.8732492613871449,0.0010429778669961143,0.0002586205066056927,7.89848629065763e-12,0.06526365171979792,0.0,0.012308263857424657,1.932271555150379e-06,1.026452762615144e-07,3.6756575166820914e-05,8.737197984149086e-06,4.9940665932786774e-08,3.252703872498382e-08,1.265131724027174e-05,1.9788543914120833e-05,0.00013036448177024905,7.675236912271537e-07,3.6709120395864005e-06,5.876185641939907e-30,9.624780949133538e-16
1.8797036474238492e-07,0.05595639656,0.054,0.0,0.0,0.017171937120846168,0.8732372505941007,0.0010456961648084373,0.0002593935917950055,7.943119757196055e-12,0.06526191284992255,0.0,0.012329268391076826,1.930669329265922e-06,1.0225542012396667e-07,3.669304953195478e-05,8.711458203098798e-06,4.9899225752655654e-08,3.251025629012398e-08,1.2641333936369689e-05,1.980667303368026e-05,0.00013064516545228507,7.662875585567469e-07,3.6695169703545423e-06,5.942784624881801e-30,9.657659286181899e-16
1.8848521542006963e-07,0.05595639656,0.054,0.0,0.0,0.017152889294381534,0.8732264663360156,0.0010481387471263132,0.00026008833667201026,7.983371404134968e-12,0.06526035025119073,0.0,0.012348126041354551,1.929228797593918e-06,1.0190660361021454e-07,3.663604546797942e-05,8.688399349871808e-06,4.986196804892263e-08,3.249512750024069e-08,1.2632355804599492e-05,1.9822879867558323e-05,0.00013089729453931833,7.651764756773848e-07,3.6682553518793956e-06,6.00316718594392e-30,9.687224871123877e-16
1.8900006609775434e-07,0.05595639656,0.054,0.0,0.0,0.017133885688722834,0.8732157061075935,0.001050577655011793,0.00026078210543564777,8.023700139365518e-12,0.065258789907435,0.0,0.01236693986900937,1.927789666769542e-06,1.0155971727227207e-07,3.657920091579345e-05,8.665441175119289e-06,4.9824746941322e-08,3.2479975820046893e-08,1.2623384218918372e-05,1.983898365344021e-05,0.00013114896438974432,7.64066762301644e-07,3.6669880628872305e-06,6.063971480995285e-30,9.716766778474789e-16
1.8951491677543905e-07,0.05595639656,0.054,0.0,0.0,0.017114926145437456,0.8732049698260949,0.0010530128950001366,0.00026147489941820694,8.064105820736588e-12,0.06525723181508095,0.0,0.012385710031095953,1.9263519437865384e-06,1.0121474611130495e-07,3.6522515297952387e-05,8.642583064164963e-06,4.9787562426781906e-08,3.246480161336753e-08,1.2614419241391077e-05,1.985498493805091e-05,0.00013140017634584905,7.629584263916641e-07,3.6657151673560494e-06,6.125199051038508e-30,9.746284941121874e-16
1.9002976745312376e-07,0.05595639656,0.054,0.0,0.0,0.01709601050687813,0.8731942574091681,0.0010554444736331477,0.00026216671995796156,8.104588306516883e-12,0.06525567597054616,0.0,0.012404436683892833,1.9249156357153575e-06,1.0087167515708819e-07,3.6465988038827624e-05,8.619824407090278e-06,4.975041487720416e-08,3.2449605319939034e-08,1.2605460931922913e-05,1.987088426147053e-05,0.00013165093174971178,7.618514760440165e-07,3.66443672832612e-06,6.186851436767428e-30,9.775779292949912e-16
1.9054461813080847e-07,0.05595639656,0.054,0.0,0.0,0.01707713861617179,0.8731835687748468,0.001057872397459099,0.000262857568399038,8.145147455393425e-12,0.06525412237024049,0.0,0.012423119982908844,1.9234807489403357e-06,1.0053048969998972e-07,3.640961856502147e-05,8.59716459903425e-06,4.97133044758477e-08,3.2434387332258466e-08,1.2596509349346156e-05,1.9886682162673204e-05,0.00013190123193662602,7.607459190755352e-07,3.6631528083277414e-06,6.248930178515792e-30,9.805249768844279e-16
1.9100798374072473e-07,0.05595639656,0.054,0.0,0.0,0.017060191189913632,0.8731739692706499,0.0010600544094596085,0.0002634785019671685,8.181716119870324e-12,0.0652527260458079,0.0,0.012439898012453607,1.922190571204697e-06,1.0022502288435715e-07,3.6359020472713865e-05,8.5768547916308e-06,4.9679936782177664e-08,3.242067287344647e-08,1.2588458725606737e-05,1.990081400241841e-05,0.00013212611399114065,7.59752115266507e-07,3.6619926454841028e-06,6.3051668532745886e-30,9.831752730207393e-16
1.91471349350641e-07,0.05595639656,0.054,0.0,0.0,0.01704327895969519,0.8731643889050671,0.0010622334711575326,0.00026409865021657865,8.218346664898299e-12,0.06525133153365902,0.0,0.01245664116307146,1.920901554548571e-06,9.992106096489737e-08,3.6308549308229876e-05,8.556624131467016e-06,4.9646599343831276e-08,3.240694142151226e-08,1.258041364042041e-05,1.9914864512932514e-05,0.00013235062936270848,7.587594516335364e-07,3.66082813803896e-06,6.3617512461978e-30,9.858236254034133e-16
1.9193471496055725e-07,0.05595639656,0.054,0.0,0.0,0.017026401812751214,0.8731548276191373,0.0010644095873383883,0.00026471801413875895,8.255038988323279e-12,0.06524993883116142,0.0,0.012473349546547554,1.9196137036018597e-06,9.961859346621799e-08,3.625820465748099e-05,8.536472187293937e-06,4.9613292525436636e-08,3.2393193293862626e-08,1.257237413389659e-05,1.992883407877328e-05,0.00013257477901748024,7.577679337253847e-07,3.6596593301149364e-06,6.418684479462671e-30,9.88470029488073e-16
1.923980805704735e-07,0.05595639656,0.054,0.0,0.0,0.01700955963680673,0.8731452853541473,0.001066582762791397,0.00026533659472871275,8.29179298826193e-12,0.06524854793567816,0.0,0.012490023274176844,1.9183270226521653e-06,9.931761016190139e-08,3.620798610779106e-05,8.516398531005946e-06,4.958001602305234e-08,3.2379428697640065e-08,1.25643402478437e-05,1.9942723087580524e-05,0.00013279856391109444,7.567775664945836e-07,3.6584862659214273e-06,6.475967674960653e-30,9.911144807944707e-16
1.9286144618038977e-07,0.05595639656,0.054,0.0,0.0,0.01699275232008602,0.8731357620516289,0.001068753002308707,0.0002659543929848709,8.328608563100743e-12,0.065247158844568,0.0,0.012506662456762936,1.9170415160392704e-06,9.901810072470376e-08,3.6157893247693036e-05,8.49640273744926e-06,4.954677003415396e-08,3.2365647918695406e-08,1.2556312022574702e-05,1.9956531920395917e-05,0.00013302198500156047,7.557883551029437e-07,3.6573089889677323e-06,6.533601954377757e-30,9.937569749035315e-16
1.932784752293144e-07,0.05595639656,0.054,0.0,0.0,0.01697765544768829,0.8731272072441495,0.0010707037116122605,0.0002665097433479257,8.361795143228481e-12,0.06524591020312134,0.0,0.01252160827626359,1.9158855677890743e-06,9.874979396951796e-08,3.61129167991046e-05,8.47847274685314e-06,4.951687504443507e-08,3.2353231636241264e-08,1.2549091491327341e-05,1.99688916324478e-05,0.0001332227537222223,7.548990574483282e-07,3.6562458732810266e-06,6.585773909476574e-30,9.96133542595311e-16
1.93695504278239e-07,0.05595639656,0.054,0.0,0.0,0.016962586640326092,0.8731186677068327,0.0010726520501894775,0.00026706446156459304,8.395031443238326e-12,0.06524466301914261,0.0,0.012536526283725391,1.9147305773984086e-06,9.848266553370836e-08,3.6068041528626405e-05,8.460605177316365e-06,4.948700497742801e-08,3.2340802664103696e-08,1.2541875604659549e-05,1.9981186986166087e-05,0.00013342322922898063,7.54010703813596e-07,3.6551794113011974e-06,6.638231968244135e-30,9.98508518293537e-16
1.9411253332716363e-07,0.05595639656,0.054,0.0,0.0,0.016947545817529327,0.8731101433975615,0.001074598021539748,0.0002676185483695667,8.428317389611159e-12,0.06524341729069773,0.0,0.012551416558918109,1.913576547796287e-06,9.821670805232432e-08,3.602326713900148e-05,8.442799725081127e-06,4.9457159837459257e-08,3.232836118677998e-08,1.2534664391764966e-05,1.9993418255446316e-05,0.00013362341221253015,7.531232976109802e-07,3.6541096340923345e-06,6.690976947863548e-30,1.0008818989039865e-15
1.9452956237608825e-07,0.05595639656,0.054,0.0,0.0,0.01693253289914771,0.873101634274377,0.0010765416291638554,0.0002681720044996058,8.46165290900273e-12,0.06524217301585011,0.0,0.012566279181294545,1.912423481945113e-06,9.795191426035152e-08,3.597859333376912e-05,8.425056088260197e-06,4.9427339941807783e-08,3.2315907423577906e-08,1.2527457879266697e-05,2.0005585711975332e-05,0.00013382330336466895,7.522368424914648e-07,3.653036572169298e-06,6.744009665350488e-30,1.0032536813717489e-15
1.9494659142501287e-07,0.05595639656,0.054,0.0,0.0,0.01691754780534176,0.8730931402954781,0.0010784828765642662,0.00026872483069349687,8.495037928243141e-12,0.06524093019266074,0.0,0.012581114229994392,1.9112713828703467e-06,9.768827721205059e-08,3.593401981728377e-05,8.407373966837971e-06,4.93975451566071e-08,3.2303441535184506e-08,1.2520256092999297e-05,2.0017689631324874e-05,0.00013402290337041813,7.513513419183512e-07,3.651960255931705e-06,6.797330937495685e-30,1.0056238626824478e-15
1.9536362047393749e-07,0.05595639656,0.054,0.0,0.0,0.016902590456589428,0.8730846614192197,0.0010804217672448905,0.00026927702769201627,8.528472374336321e-12,0.06523968881918808,0.0,0.012595921783848973,1.910120253416997e-06,9.742578962312532e-08,3.588954629480472e-05,8.389753062729947e-06,4.936777556579298e-08,3.229096371594636e-08,1.2513059061771524e-05,2.002973028169678e-05,0.00013422221291553902,7.504667990934036e-07,3.6508807157374977e-06,6.850941580983831e-30,1.0079924398589162e-15
1.9573894661796966e-07,0.05595639656,0.054,0.0,0.0,0.016889152499260936,0.8730770433090512,0.0010821647567589262,0.00026977346764245894,8.558605575587721e-12,0.06523857282096401,0.0,0.012609225139127623,1.9090850681966104e-06,9.7190527690811e-08,3.584960537654847e-05,8.373946344990848e-06,4.934100470741136e-08,3.227972364633696e-08,1.2506585820649562e-05,2.0040512993376932e-05,0.00013440134372890705,7.496715322303648e-07,3.649906397768053e-06,6.899439247455323e-30,1.0101227853536318e-15
1.9611427276200184e-07,0.05595639656,0.054,0.0,0.0,0.016875736893731993,0.8730694373682759,0.0010839058427250508,0.0002702693990889907,8.588778700633154e-12,0.06523745799401749,0.0,0.012622506344211233,1.908050672646982e-06,9.695618615638687e-08,3.5809745001708716e-05,8.358188758654449e-06,4.9314254429356503e-08,3.226847419487539e-08,1.2500116469148173e-05,2.0051244873029373e-05,0.00013458024031972612,7.488770463986246e-07,3.6489295141224408e-06,6.948172561121781e-30,1.0122518270047562e-15
1.96489598906034e-07,0.05595639656,0.054,0.0,0.0,0.016862343582675715,0.8730618435668573,0.0010856450277002393,0.0002707648225756035,8.618991696617658e-12,0.06523634433692856,0.0,0.0126357654559295,1.9070170687830212e-06,9.672275978042272e-08,3.576996495713246e-05,8.342480090227993e-06,4.928752455673156e-08,3.225721549374472e-08,1.249365102983692e-05,2.0061926113014025e-05,0.00013475890318201435,7.480833435756791e-07,3.647950086652553e-06,6.99714211698722e-30,1.0143795627212544e-15
1.968649250500662e-07,0.05595639656,0.054,0.0,0.0,0.016848972508970883,0.8730542618748596,0.0010873823142417932,0.00027125973864748637,8.649244510799063e-12,0.06523523184827577,0.0,0.012649002530905732,1.9059842585367397e-06,9.649024349934549e-08,3.573026503026335e-05,8.326820127453254e-06,4.9260815464194924e-08,3.22459476854727e-08,1.2487189519299777e-05,2.007255690594392e-05,0.00013493733281316978,7.472904262307751e-07,3.646968136532957e-06,7.046348509907628e-30,1.0165059904371774e-15
1.9720271857969514e-07,0.05595639656,0.054,0.0,0.0,0.016836957508519452,0.873047448680956,0.0010889442510826092,0.00027170472972413463,8.676506044619924e-12,0.0652342316063254,0.0,0.012660897103608248,1.905055409460615e-06,9.628175302159882e-08,3.5694603421494095e-05,8.31276762981871e-06,4.923679506374728e-08,3.2235798973286523e-08,1.2481377532127794e-05,2.008208164995264e-05,0.0001350977204748723,7.465774742645487e-07,3.6460822418963205e-06,7.090837250722109e-30,1.0184186553544407e-15
1.975405121093241e-07,0.05595639656,0.054,0.0,0.0,0.016824960432852355,0.8730406452498354,0.0010905046541295046,0.0002721493106365026,8.703799750259456e-12,0.06523323230861781,0.0,0.012672773913255074,1.9041272061710694e-06,9.607399213455682e-08,3.565900638217701e-05,8.298754259730683e-06,4.921279136699364e-08,3.222564308198255e-08,1.2475568755924198e-05,2.009156582972658e-05,0.0001352579199750329,7.458651619299393e-07,3.645194336498828e-06,7.135518744739124e-30,1.0203302576669377e-15
1.9787830563895305e-07,0.05595639656,0.054,0.0,0.0,0.01681298124074379,0.8730338515598824,0.0010920635252479921,0.0002725934817844433,8.731125589501765e-12,0.0652322339541141,0.0,0.01268463300071293,1.9031996500274041e-06,9.586695719049159e-08,3.562347375851524e-05,8.284779864909759e-06,4.918880453759846e-08,3.221548010386262e-08,1.2469763203321976e-05,2.0101009583767705e-05,0.00013541793167275667,7.451534908226483e-07,3.6443044355930015e-06,7.18039342535998e-30,1.0222407959191636e-15
1.98216099168582e-07,0.05595639656,0.054,0.0,0.0,0.01680101989109655,0.8730270675895475,0.001093620866303826,0.0002730372435685361,8.75848352420419e-12,0.06523123654177453,0.0,0.012696474406718358,1.9022727423837796e-06,9.566064468158261e-08,3.558800539706974e-05,8.27084429383623e-06,4.9164834720520726e-08,3.220531012817044e-08,1.2463960885634765e-05,2.0110413052437965e-05,0.00013557775592508832,7.444424626732261e-07,3.6434125541768454e-06,7.225461725871583e-30,1.0241502686721576e-15
1.9855389269821095e-07,0.05595639656,0.054,0.0,0.0,0.0167890763429411,0.8730202933173454,0.0010951766791632127,0.0002734805963900903,8.785873516297228e-12,0.06523024007055854,0.0,0.012708298171881781,1.901346484578435e-06,9.545505112454569e-08,3.5552601144774294e-05,8.256947395758358e-06,4.914088171256946e-08,3.2195133253594826e-08,1.245816181671374e-05,2.0119776375617822e-05,0.00013573739308550152,7.437320789765335e-07,3.6425187073583187e-06,7.27072407948582e-30,1.0260586745025001e-15
1.988916862278399e-07,0.05595639656,0.054,0.0,0.0,0.01677715055544015,0.8730135287218562,0.001096730965692568,0.0002739235406511155,8.813295527784291e-12,0.06522924453942494,0.0,0.01272010433668628,1.9004208778976631e-06,9.525017290544575e-08,3.551726084891727e-05,8.243089020671996e-06,4.911694541818835e-08,3.218494957947939e-08,1.2452366011024955e-05,2.01290996890713e-05,0.00013589684350949558,7.430223410214911e-07,3.641622910314768e-06,7.316180919379178e-30,1.027966012001248e-15
1.9922947975746886e-07,0.05595639656,0.054,0.0,0.0,0.016765242487888493,0.8730067737817233,0.0010982837277582677,0.0002743660767543197,8.840749520741543e-12,0.06522824994733163,0.0,0.012731892941482382,1.899495923612415e-06,9.504600644694932e-08,3.5481984357163185e-05,8.22926901933466e-06,4.909302631958364e-08,3.2174759179531745e-08,1.2446573478473985e-05,2.0138383128608967e-05,0.00013605610755554443,7.423132504460604e-07,3.6407251777749956e-06,7.361832678622576e-30,1.0298722797752694e-15
1.995672732870978e-07,0.05595639656,0.054,0.0,0.0,0.016753352099700847,0.8730000284756557,0.0010998349672269594,0.000274808205103087,8.868235457317723e-12,0.06522725629323588,0.0,0.012743664026494758,1.8985716230412537e-06,9.484254846055838e-08,3.5446771517531176e-05,8.215487243243082e-06,4.906912443323619e-08,3.2164562139137606e-08,1.2440784229662017e-05,2.014762683645106e-05,0.0001362151855735019,7.416048090637183e-07,3.6398255241840117e-06,7.407679790112577e-30,1.0317774764488798e-15
1.9987128746376387e-07,0.05595639656,0.054,0.0,0.0,0.01674266583275059,0.8729939659197742,0.0011012297824714743,0.0002752057723208739,8.893000080804705e-12,0.06522636280567518,0.0,0.0127542430567395,1.8977403124764876e-06,9.466003909808177e-08,3.5415134259119866e-05,8.2031162052132e-06,4.904762708454311e-08,3.2155379227184464e-08,1.2435576726789511e-05,2.0155912312994264e-05,0.00013635819702636785,7.409677677140114e-07,3.6390142059492203e-06,7.449109574457224e-30,1.0334912365372617e-15
2.0017530164042992e-07,0.05595639656,0.054,0.0,0.0,0.0167319938239149,0.8729879111348589,0.0011026233672856546,0.00027560300987985363,8.917790520530365e-12,0.06522547007628614,0.0,0.012764807957588976,1.8969095333112323e-06,9.447809819198867e-08,3.5383548325861085e-05,8.190775902744994e-06,4.902614360667453e-08,3.214619107377591e-08,1.2430371903964676e-05,2.0164165813954996e-05,0.00013650105833950873,7.403312541694378e-07,3.638201354442408e-06,7.490698260316227e-30,1.035204126947574e-15
2.0047931581709598e-07,0.05595639656,0.054,0.0,0.0,0.016721336043873738,0.87298186410552,0.0011040157230305353,0.0002759999180754594,8.942606749051202e-12,0.0652245781043072,0.0,0.012775358758106365,1.8960792864315808e-06,9.429672329060642e-08,3.5352013607725166e-05,8.178466229116524e-06,4.9004673988559354e-08,3.213699775896269e-08,1.2425169770027462e-05,2.0172387438399274e-05,0.00013664376976839612,7.396952694991165e-07,3.637386980193005e-06,7.532446163144186e-30,1.0369161467073457e-15
2.0078332999376204e-07,0.05595639656,0.054,0.0,0.0,0.016710692463390416,0.8729758248164101,0.00110540685106722,0.000276396497203542,8.967448738970907e-12,0.06522368688897635,0.0,0.012785895487272488,1.8952495727172128e-06,9.411591191209056e-08,3.53205299949191e-05,8.166187078082725e-06,4.898321823757015e-08,3.212779934098069e-08,1.2419970333545567e-05,2.0180577284842874e-05,0.00013678633156835232,7.390598146978007e-07,3.636571093729508e-06,7.574353598341665e-30,1.0386272948538627e-15
2.010873441704281e-07,0.05595639656,0.054,0.0,0.0,0.016700063053310798,0.8729697932522225,0.0011067967527568113,0.0002767927475603609,8.992316462940272e-12,0.0652227964295312,0.0,0.012796418173986352,1.8944203930344003e-06,9.393566159338605e-08,3.5289097377891416e-05,8.153938343876832e-06,4.896177638198808e-08,3.211859588407745e-08,1.241477360301776e-05,2.0188735451355768e-05,0.0001369287439942442,7.384248907656765e-07,3.6357537055018044e-06,7.616420881251502e-30,1.0403375704341714e-15
2.016953725237602e-07,0.05595639656,0.054,0.0,0.0,0.01667884662815598,0.872957753237593,0.0011095728825390658,0.0002775842631472322,9.042129003865693e-12,0.06522101777524646,0.0,0.012817421535246619,1.892763639157296e-06,9.357683436377671e-08,3.5226384694171596e-05,8.129531705249185e-06,4.8918934437649584e-08,3.210017410809596e-08,1.2404388293241788e-05,2.020495713540647e-05,0.00013721312174054076,7.371566394391629e-07,3.6341144652510956e-06,7.701036251288007e-30,1.0437555001330233e-15
2.0230340087709232e-07,0.05595639656,0.054,0.0,0.0,0.016657686536814265,0.8729457439400002,0.0011123441232657914,0.0002783744672140592,9.092044153971572e-12,0.06521924213534608,0.0,0.012838369071454213,1.8911090314728672e-06,9.322022219193597e-08,3.516387468496113e-05,8.105245476540536e-06,4.887614832338952e-08,3.2081732933203716e-08,1.239401390673519e-05,2.022105326878747e-05,0.00013749690503528795,7.35890523229956e-07,3.632469341850957e-06,7.786294794826262e-30,1.0471699283736716e-15
2.0291142923042444e-07,0.05595639656,0.054,0.0,0.0,0.016636582548991825,0.8729337652384662,0.0011151104858246668,0.00027916336214493754,9.142061696149138e-12,0.06521746950371753,0.0,0.01285926101088562,1.8894565764750859e-06,9.286580588427325e-08,3.5101566482482154e-05,8.081078828513205e-06,4.8833418202439834e-08,3.2063272853355983e-08,1.2383650508137214e-05,2.0237024624443146e-05,0.00013778009589790976,7.346265496206155e-07,3.630818416769393e-06,7.872199032490106e-30,1.050580847878552e-15
2.0351945758375655e-07,0.05595639656,0.054,0.0,0.0,0.01661553443568618,0.8729218170126597,0.0011178719811020007,0.0002799509503298457,9.192181414033389e-12,0.06521569987424285,0.0,0.012880097580536572,1.887806280480912e-06,9.251356646503393e-08,3.50394592227819e-05,8.057030939300307e-06,4.879074423399126e-08,3.204479435728352e-08,1.2373298160711934e-05,2.0252871970061394e-05,0.00013806269633929712,7.333647258761253e-07,3.629161770540429e-06,7.958751483941951e-30,1.0539882515210448e-15
2.0412748593708867e-07,0.05595639656,0.054,0.0,0.0,0.016594541969176587,0.8729098991428936,0.0011206286199821943,0.0002807372341644261,9.242403091999869e-12,0.06521393324079927,0.0,0.012900879006131521,1.8861581496286979e-06,9.216348517168416e-08,3.49775520457326e-05,8.033100994326567e-06,4.8748126572878956e-08,3.2026297927049434e-08,1.2362956926363515e-05,2.0268596068121117e-05,0.00013834470836184218,7.3210505904502e-07,3.627499482780652e-06,8.045954667870666e-30,1.057392132323722e-15
2.0473551429042078e-07,0.05595639656,0.054,0.0,0.0,0.016573604923014854,0.8728980115101204,0.0011233804133472351,0.0002815222160497783,9.292726515161519e-12,0.0652121695972594,0.0,0.012921605512132813,1.8845121898820266e-06,9.181554345212662e-08,3.491584409502722e-05,8.009288186229689e-06,4.8705565369259775e-08,3.200778403836354e-08,1.235262686566468e-05,2.0284197675928755e-05,0.00013862613395946866,7.308475559635111e-07,3.6258316322008366e-06,8.13381110197945e-30,1.060792483456588e-15
2.0595157099708498e-07,0.05595639656,0.054,0.0,0.0,0.0165318961922522,0.8728743264825287,0.0011288695070449013,0.0002830882836033138,9.393677741191027e-12,0.06520865125536038,0.0,0.01296289465694537,1.8812268067120755e-06,9.112600556044975e-08,3.479302246649232e-05,7.962010786827131e-06,4.862061291366965e-08,3.197070575766388e-08,1.2332000500962068e-05,2.031503642438904e-05,0.0001391872338135268,7.283390673542284e-07,3.622479552957578e-06,8.311493786552122e-30,1.0675825701192533e-15
2.071676277037492e-07,0.05595639656,0.054,0.0,0.0,0.016490406456919116,0.8728507609901193,0.0011343393491840372,0.0002846491723007538,9.495033387655199e-12,0.06520514479944889,0.0,0.013003966785772092,1.8779501753236738e-06,9.044480847158605e-08,3.467098756294508e-05,7.915192423504639e-06,4.8535887982984494e-08,3.193356319849273e-08,1.2311419525305659e-05,2.034539417193834e-05,0.00013974601168488068,7.258393106295933e-07,3.6191061448021733e-06,8.491819659127494e-30,1.074358459751647e-15
2.083836844104134e-07,0.05595639656,0.054,0.0,0.0,0.016449133950318627,0.872827314103078,0.0011397900266841162,0.0002862049015269826,9.596791761686232e-12,0.0652016501803776,0.0,0.0130448236497908,1.8746823374716093e-06,8.977181105202411e-08,3.454973267095647e-05,7.868826889161467e-06,4.8451391626527134e-08,3.189635994888566e-08,1.2290884377384797e-05,2.0375276794796597e-05,0.00014030248322377415,7.233483332003366e-07,3.615712005944996e-06,8.67480882465714e-30,1.0811201028460854e-15
2.095997411170776e-07,0.05595639656,0.054,0.0,0.0,0.016408076925254485,0.8728039849014084,0.0011452216263805048,0.0002877554907354368,9.698951181916845e-12,0.06519816734895927,0.0,0.013085466980838565,1.8714233323967637e-06,8.910687526621683e-08,3.442925113770744e-05,7.82290808482378e-06,4.836712482947457e-08,3.185909950420287e-08,1.2270395476516177e-05,2.0404690090118296e-05,0.00014085666394841003,7.208661794146928e-07,3.6122977211613727e-06,8.860481371219646e-30,1.0878674520915256e-15
2.12031854530406e-07,0.05595639656,0.054,0.0,0.0,0.016326602426808844,0.8727576759225086,0.0011560279392013378,0.00029084132722129624,9.90446649242674e-12,0.06519123685219337,0.0,0.013166119876297731,1.864931965484747e-06,8.780065144253571e-08,3.419058183785411e-05,7.732386797212662e-06,4.819928354596207e-08,3.1784420562771215e-08,1.22295579999991e-05,2.0462131498542458e-05,0.00014195821437424787,7.159285054735488e-07,3.6054109877479203e-06,9.239956873285084e-30,1.1013190904654255e-15
2.1401731570745413e-07,0.05595639656,0.054,0.0,0.0,0.016260714980042324,0.8727202128020445,0.001164793859321996,0.00029334538062984717,1.0073414546759882e-11,0.06518561366272498,0.0,0.013231342255850657,1.8596592121668655e-06,8.675709271737185e-08,3.399798133059498e-05,7.659764088933698e-06,4.806295408466101e-08,3.172331494126353e-08,1.2196360648426626e-05,2.0507680249411523e-05,0.00014285080414439902,7.119241205200524e-07,3.5997340135797234e-06,9.557871410217476e-30,1.1122576083013694e-15
2.1600277688450226e-07,0.05595639656,0.054,0.0,0.0,0.016195381034430217,0.8726830523716356,0.0011735099916417896,0.0002958359743751458,1.0243411312003636e-11,0.06518002128782875,0.0,0.013296016144362745,1.8544104072939858e-06,8.573342186883537e-08,3.380736233708716e-05,7.588260542524828e-06,4.7927246637825995e-08,3.1662096954198616e-08,1.2163291123007125e-05,2.055204680791219e-05,0.00014373747432711015,7.079437049826342e-07,3.5940101114253373e-06,9.883186557409433e-30,1.1231575116558237e-15
2.1778969194384557e-07,0.05595639656,0.054,0.0,0.0,0.016137047836326204,0.8726498636740079,0.0011813122517674538,0.00029806607176100696,1.0397299237599851e-11,0.06517501431981511,0.0,0.01335375952271847,1.8497070524392709e-06,8.482868563871286e-08,3.363747677540292e-05,7.524844428687184e-06,4.780564408669994e-08,3.160691547367397e-08,1.213363898109574e-05,2.0590985194931523e-05,0.00014453046934410945,7.04381926602231e-07,3.5888203179664334e-06,1.0182369589017562e-29,1.1329342821251996e-15
2.1957660700318888e-07,0.05595639656,0.054,0.0,0.0,0.01607915209550094,0.8726169144093456,0.0011890747594073994,0.00030028539923662706,1.0552025853855429e-11,0.06517003198202591,0.0,0.01341106940589193,1.8450232600616528e-06,8.393925863304293e-08,3.34691543413511e-05,7.462298430583224e-06,4.7684549446353916e-08,3.155166266163115e-08,1.2104092421822817e-05,2.06290015052712e-05,0.00014531876773789306,7.008397407259383e-07,3.5835958853018488e-06,1.0487680857507521e-29,1.1426795475215968e-15
2.213635220625322e-07,0.05595639656,0.054,0.0,0.0,0.016021688785646995,0.8725842019200855,0.0011967977858962163,0.0003024940197197247,1.0707586139725656e-11,0.06516507411859122,0.0,0.013467950775718775,1.8403590940270206e-06,8.306478006976561e-08,3.330237561368692e-05,7.400605966494873e-06,4.7563964293001895e-08,3.149634729978624e-08,1.2074652304198625e-05,2.0666112044252106e-05,0.00014610241514820624,6.973172144937074e-07,3.5783383310552646e-06,1.079918357236297e-29,1.1523932133649248e-15
2.231504371218755e-07,0.05595639656,0.054,0.0,0.0,0.015964652959186355,0.8725517235886161,0.0012044816016235707,0.0003046919962112153,1.086397512331316e-11,0.06516014057386933,0.0,0.013524408535957096,1.8357146098943304e-06,8.220490015354773e-08,3.313712143972691e-05,7.3397508606576885e-06,4.744388999034083e-08,3.144097784155167e-08,1.204531942201375e-05,2.0702332801010514e-05,0.00014688145665243924,6.93814405030632e-07,3.573049124326925e-06,1.1116940849447662e-29,1.1620751932173414e-15
2.249373521812188e-07,0.05595639656,0.054,0.0,0.0,0.015908039745714635,0.8725194768365258,0.0012121264759760205,0.0003068793917689717,1.1021187881262623e-11,0.06515523119249211,0.0,0.013580447513830921,1.8310898553273396e-06,8.135927964497836e-08,3.297337293271842e-05,7.279717331289619e-06,4.73243277013766e-08,3.1385562425885525e-08,1.2016094507031076e-05,2.0737679455588525e-05,0.00014765593677243247,6.90331359955259e-07,3.5677296873410277e-06,1.1441015709093656e-29,1.171725408380387e-15
2.2672426724056212e-07,0.05595639656,0.054,0.0,0.0,0.015851844350429665,0.8724874591238481,0.0012197326772766023,0.00030905626948088915,1.1179219538153018e-11,0.06515034581941154,0.0,0.013636072461590104,1.8264848704531433e-06,8.052758949856334e-08,3.2811111469187486e-05,7.220489978712464e-06,4.720527839678133e-08,3.1330108887332854e-08,1.1986978231466029e-05,2.0772167385412148e-05,0.0001484258994825417,6.868681178441531e-07,3.5623813971120804e-06,1.177147107443637e-29,1.1813437876561376e-15
2.2851118229990543e-07,0.05595639656,0.054,0.0,0.0,0.015796062052636305,0.872455667948338,0.0012273004727324408,0.0003112226924407738,1.1338065265904994e-11,0.06514548429994119,0.0,0.013691288057994347,1.821899688229893e-06,7.970951050231531e-08,3.265031868625529e-05,7.162053774057947e-06,4.7086742861661266e-08,3.1274624766217064e-08,1.1957971210539425e-05,2.080581167139386e-05,0.00014919138821748332,6.83424708663704e-07,3.557005587059316e-06,1.2108369769766773e-29,1.1909302671244193e-15
2.3029809735924875e-07,0.05595639656,0.054,0.0,0.0,0.015740688204292783,0.8724241008447683,0.0012348301283863553,0.0003133787237257261,1.1497720283198073e-11,0.06514064647979476,0.0,0.01374609890975475,1.8173343348234384e-06,7.890473284539568e-08,3.249097647880955e-05,7.104394048391714e-06,4.6968721710031816e-08,3.121911732453105e-08,1.1929074005800539e-05,2.0838627105245197e-05,0.00014995244587781648,6.800011542579919e-07,3.551603548441589e-06,1.2451774518583728e-29,1.2004847898017216e-15
2.3208501241859206e-07,0.05595639656,0.054,0.0,0.0,0.01568571822855614,0.8723927553842261,0.0012423219090678228,0.0003155244263734198,1.1658179854887823e-11,0.06513583220512505,0.0,0.013800509552977283,1.8127888298985195e-06,7.811295580071425e-08,3.233306699656359e-05,7.047496481998818e-06,4.685121539443794e-08,3.1163593555350924e-08,1.1900287127299545e-05,2.08706281959637e-05,0.00015070911483730862,6.765974687706545e-07,3.5461765317752377e-06,1.2801747942068216e-29,1.2100073053922284e-15
2.3387192747793537e-07,0.05595639656,0.054,0.0,0.0,0.01563114761840257,0.872361629173441,0.001249776078351034,0.0003176598633618643,1.1819439291438382e-11,0.06513104132255813,0.0,0.013854524454533775,1.8082631869371178e-06,7.733388751150199e-08,3.2176572641290565e-05,6.9913470943617435e-06,4.673422420111911e-08,3.11080601836781e-08,1.187161103476762e-05,2.0901829173704407e-05,0.00015146143695321832,6.732136589167999e-07,3.5407257484009647e-06,1.315835255816134e-29,1.2194977702490872e-15
2.3565884253727868e-07,0.05595639656,0.054,0.0,0.0,0.015576971935243655,0.8723307198541146,0.0012571928985126457,0.0003197850975891472,1.1981493948356187e-11,0.06512627367922742,0.0,0.013908148013434487,1.8037574136321491e-06,7.656724453337061e-08,3.202147606379298e-05,6.935932234286391e-06,4.661774826293457e-08,3.105252368496393e-08,1.1843046141245755e-05,2.093224399659734e-05,0.00015220945357106896,6.698497244119105e-07,3.5352523717789e-06,1.3521650779572156e-29,1.2289561470409033e-15
2.37445757596622e-07,0.05595639656,0.054,0.0,0.0,0.015523186807616362,0.8723000251022839,0.0012645726304965793,0.0003219001918558148,1.2144339225640315e-11,0.06512152912280379,0.0,0.01396138456212371,1.79927151202025e-06,7.581275143952491e-08,3.1867760160721436e-05,6.881238570296964e-06,4.650178759231004e-08,3.09969903070491e-08,1.1814592816300458e-05,2.096188636095391e-05,0.00015295320552624473,6.665056585596822e-07,3.529757538403702e-06,1.389170491142218e-29,1.2383824041777182e-15
2.392326726559653e-07,0.05595639656,0.054,0.0,0.0,0.015469787929874261,0.872269542627679,0.0012719155338772725,0.0003240052088466789,1.2307970567230827e-11,0.06511680750152551,0.0,0.014014238367784546,1.7948054787392818e-06,7.507014090973139e-08,3.171540807179449e-05,6.827253081611572e-06,4.6386342053485835e-08,3.094146604602483e-08,1.178625138412251e-05,2.0990769700711154e-05,0.00015369273316089666,6.631814482612183e-07,3.5242423494814614e-06,1.426857715207874e-29,1.2477765161932249e-15
2.4084089620937426e-07,0.05595639656,0.054,0.0,0.0,0.015422055676978253,0.8722422880313186,0.0012784928718736674,0.00032589115977036656,1.2455907129044453e-11,0.06511257752697211,0.0,0.014061483022820308,1.7908030295661015e-06,7.441173610168346e-08,3.157944351119788e-05,6.779261113330884e-06,4.6282881275677e-08,3.089150678476356e-08,1.1760839999382227e-05,2.101612663635252e-05,0.00015435472918583746,6.602066197426391e-07,3.5192621581590792e-06,1.4613642970627654e-29,1.2562037165460458e-15
2.424491197627832e-07,0.05595639656,0.054,0.0,0.0,0.015374629802535303,0.8722152019277923,0.001285040775059821,0.0003277690442698657,1.2604473487128814e-11,0.06510836589766021,0.0,0.014108424081962922,1.7868166578669263e-06,7.37625611462985e-08,3.144455822226989e-05,6.731823392089349e-06,4.617983725076444e-08,3.0841563662388714e-08,1.1735519659903566e-05,2.104088887475355e-05,0.00015501336451005074,6.572478409746008e-07,3.514267098454553e-06,1.4964326936502117e-29,1.2646048525179472e-15
2.440573433161922e-07,0.05595639656,0.054,0.0,0.0,0.015327507299510499,0.872188282715076,0.0012915594296997789,0.0003296389077390527,1.2753666409284099e-11,0.06510417250423832,0.0,0.014155064525314986,1.7828463510025201e-06,7.312243653484889e-08,3.1310740406686974e-05,6.684931036747864e-06,4.607720964844197e-08,3.079164059467266e-08,1.1710290519452218e-05,2.10650656939446e-05,0.00015566866753265434,6.543050908331727e-07,3.509257903993177e-06,1.5320674163040577e-29,1.2729799167508652e-15
2.4566556686960115e-07,0.05595639656,0.054,0.0,0.0,0.01528068520099108,0.8721615288117549,0.0012980490210865035,0.0003315007954575973,1.2903482690818931e-11,0.06509999723779013,0.0,0.014201407293203896,1.778892093883335e-06,7.2491186988991e-08,3.117797841765474e-05,6.638575348688764e-06,4.5974998018174295e-08,3.0741741377518566e-08,1.1685152710997799e-05,2.108866620797585e-05,0.00015632066634657971,6.513783444213575e-07,3.5042352883805464e-06,1.5682729689730978e-29,1.2813289055861495e-15
2.472737904230101e-07,0.05595639656,0.054,0.0,0.0,0.015234160579507902,0.8721349386566918,0.0013045097335287782,0.0003333547525835736,1.3053919154251138e-11,0.06509583998984707,0.0,0.014247455286843696,1.7749538685947866e-06,7.186864164141346e-08,3.10462607581545e-05,6.592747807363136e-06,4.587320184559634e-08,3.0691869684155475e-08,1.1660106344427029e-05,2.1111699380593354e-05,0.00015696938873507467,6.484675738209667e-07,3.499199945112631e-06,1.605053848056054e-29,1.2896518183115533e-15
2.4872119162107817e-07,0.05595639656,0.054,0.0,0.0,0.015192540374746185,0.8721111462477,0.0013102998347574273,0.0003350165705596491,1.3189839622364532e-11,0.06509211378324045,0.0,0.014288648815991279,1.7714231559306318e-06,7.131565527465354e-08,3.0928598383501596e-05,6.551947683523373e-06,4.57819400781756e-08,3.064701161223819e-08,1.1637642869145383e-05,2.1131951448672962e-05,0.00015755046025838615,6.45861514311116e-07,3.494657811425965e-06,1.6386522536251812e-29,1.29712014657677e-15
2.5016859281914624e-07,0.05595639656,0.054,0.0,0.0,0.01515115670662582,0.8720874841162647,0.0013160668254725532,0.000336672033963158,1.3326257607187247e-11,0.06508840200571538,0.0,0.014329607958074635,1.7679053955150524e-06,7.076946579999695e-08,3.0811764549383825e-05,6.511562628138046e-06,4.569101392807836e-08,3.0602181199067393e-08,1.161525358212871e-05,2.11517574318473e-05,0.00015812891996748988,6.432683456755296e-07,3.4901063932107825e-06,1.6727235769660334e-29,1.304567359125356e-15
2.516159940172143e-07,0.05595639656,0.054,0.0,0.0,0.015110007520338947,0.8720639511651518,0.0013218108379409578,0.0003383211754327505,1.3463170847683836e-11,0.06508470457917337,0.0,0.01437033474943451,1.7644005690550576e-06,7.022995728050109e-08,3.0695751178752966e-05,6.47158678243257e-06,4.560042290313429e-08,3.055738086305399e-08,1.1592938519417428e-05,2.1171123556629647e-05,0.00015870478749462102,6.406880415908859e-07,3.485546157055939e-06,1.7072710802761787e-29,1.3119934617846523e-15
2.5291865509547555e-07,0.05595639656,0.054,0.0,0.0,0.01507317205590122,0.8720428810615414,0.001326960911536308,0.00033980002439951547,1.3586814352783784e-11,0.06508138910108621,0.0,0.014406791865441186,1.7612572673817189e-06,6.975001804397937e-08,3.0592034041416083e-05,6.435953638911882e-06,4.551917707709912e-08,3.051708821928435e-08,1.1572918444666458e-05,2.1188182059788528e-05,0.00015922086802526027,6.383767439270487e-07,3.481434781453669e-06,1.7387736592779367e-29,1.3186589115896159e-15
2.542213161737368e-07,0.05595639656,0.054,0.0,0.0,0.015036523412982202,0.8720219139329775,0.0013320925748096148,0.0003412738026129565,1.3710855573120149e-11,0.0650780851278173,0.0,0.014443063858165763,1.7581244106487004e-06,6.927531753611677e-08,3.0488969256376433e-05,6.4006431726677284e-06,4.5438201854961964e-08,3.047682350219834e-08,1.1552958519763074e-05,2.120489365110882e-05,0.00015973487867955435,6.360758221587327e-07,3.4773169558498717e-06,1.7706669533826288e-29,1.3253072755678954e-15
2.5552397725199805e-07,0.05595639656,0.054,0.0,0.0,0.015000060143332113,0.8720010490052168,0.0013372059227711396,0.0003427425336582445,1.3835292895646792e-11,0.06507479260310993,0.0,0.014479152162819668,1.7550019825028434e-06,6.880577640819532e-08,3.038655112829289e-05,6.365651328810272e-06,4.535749679991561e-08,3.043658832418549e-08,1.153305874558877e-05,2.122126267723182e-05,0.00016024683337521032,6.337852536291721e-07,3.4731929967991735e-06,1.802953330209987e-29,1.331938561776598e-15
2.568266383302593e-07,0.05595639656,0.054,0.0,0.0,0.01496378081395546,0.8719802855118935,0.0013423010499789155,0.00034420624105055257,1.3960124718243422e-11,0.06507151147092749,0.0,0.014515058199491294,1.7518899656848158e-06,6.834131683543522e-08,3.0284774021429565e-05,6.330974117903942e-06,4.527706145635276e-08,3.039638425744812e-08,1.1513219115952194e-05,2.1237293425224765e-05,0.00016075674590839602,6.315050146541694e-07,3.4690632138011642e-06,1.835635154018501e-29,1.3385527794493328e-15
2.5812929940852054e-07,0.05595639656,0.054,0.0,0.0,0.014927684006905813,0.8719596226944195,0.0013473780505361276,0.00034566494823321566,1.4085349449619239e-11,0.06506824167545636,0.0,0.01455078337334923,1.7487883420575366e-06,6.788186251604852e-08,3.0183632359019097e-05,6.296607614659868e-06,4.519689533445563e-08,3.035621282865827e-08,1.149343961722961e-05,2.1252990123883783e-05,0.00016126462995519057,6.292350805516469e-07,3.4649279094694773e-06,1.8687147856881707e-29,1.3451499389377645e-15
2.594319604867818e-07,0.05595639656,0.054,0.0,0.0,0.014891768319082808,0.8719390598018822,0.0013524370180888056,0.00034711867857599747,1.421096550921763e-11,0.06506498316110848,0.0,0.014586329074841937,1.7456970927340103e-06,6.742733864326883e-08,3.0083120622612528e-05,6.262547956658188e-06,4.511699793149978e-08,3.0316075517641513e-08,1.1473720228646969e-05,2.1268356946199036e-05,0.000161770499071137,6.269754257917824e-07,3.460787379597555e-06,1.9021945827071032e-29,1.3517300516067779e-15
2.6073462156504304e-07,0.05595639656,0.054,0.0,0.0,0.014856032362035719,0.8719185960909486,0.0013574780458236837,0.0003485674553734327,1.4336971327121931e-11,0.06506173587252385,0.0,0.014621696679894786,1.7426161980438125e-06,6.697767182489621e-08,2.998323335147584e-05,6.228791343135475e-06,4.503736873565883e-08,3.02759737687457e-08,1.145406092311239e-05,2.128339800821606e-05,0.00016227436669387883,6.247260239433287e-07,3.4566419133923456e-06,1.9360768991537767e-29,1.3582931299140765e-15
2.620372826433043e-07,0.05595639656,0.054,0.0,0.0,0.014820474761769136,0.8718982308257665,0.0013625012264662207,0.0003500113018432354,1.446336534396204e-11,0.06505849975457276,0.0,0.014656887550102983,1.7395456374920472e-06,6.653279008597149e-08,2.9883965141989873e-05,6.195334033784964e-06,4.495800719499597e-08,3.0235908984776887e-08,1.1434461666789154e-05,2.1298117369826164e-05,0.00016277624614509446,6.22486847659887e-07,3.452491793671384e-06,1.9703640856806472e-29,1.364839187370164e-15
2.6333994372156554e-07,0.05595639656,0.054,0.0,0.0,0.014785094158548005,0.8718779632778718,0.0013675066522788428,0.0003514502411247794,1.4590146010821867e-11,0.06505527475235798,0.0,0.014691903032922303,1.736485389925048e-06,6.609262284201453e-08,2.9785310647009903e-05,6.162172347553018e-06,4.487891274404103e-08,3.0195882522871165e-08,1.1414922419439187e-05,2.1312519038082796e-05,0.00016327615062902018,6.202578688782374e-07,3.448337296878739e-06,2.0050584895035046e-29,1.3713682383916236e-15
2.646426047998268e-07,0.05595639656,0.054,0.0,0.0,0.01474988920671068,0.871857792726091,0.0013724944150593226,0.0003528842962776582,1.4717311789147802e-11,0.06505206081121687,0.0,0.014726744461856954,1.7334354335398381e-06,6.565710082455134e-08,2.968726457525e-05,6.12930266149284e-06,4.4800084825287134e-08,3.015589570906171e-08,1.1395443135144544e-05,2.1326606965740515e-05,0.00016377409323543006,6.180390587603247e-07,3.444178693298621e-06,2.0401624543853042e-29,1.3778802984063867e-15
2.6594526587808803e-07,0.05595639656,0.054,0.0,0.0,0.014714858574484934,0.8718377184564516,0.0013774646061393558,0.0003543134902803172,1.484486115065815e-11,0.06504885787672332,0.0,0.014761413156643173,1.7303957457610925e-06,6.522615608723246e-08,2.9589821690727647e-05,6.096721409675364e-06,4.472152283326284e-08,3.011594983214928e-08,1.137602376183794e-05,2.134038505117947e-05,0.00016427008694238222,6.158303876148753e-07,3.4400162473009693e-06,2.07567832062017e-29,1.3843753838436171e-15
2.672479269563493e-07,0.05595639656,0.054,0.0,0.0,0.014680000943801083,0.871817739762091,0.0013824173163833585,0.0003557378460287513,1.4972792577253458e-11,0.06504566589468942,0.0,0.014795910423430716,1.727366303405158e-06,6.479972197657697e-08,2.9492976812133856e-05,6.064425082061825e-06,4.464322613799184e-08,3.007604613542611e-08,1.1356664241784475e-05,2.1353857142869333e-05,0.00016476414461335373,6.136318251522662e-07,3.4358502172912495e-06,2.1116084250257038e-29,1.3908535119309848e-15
2.6855058803461053e-07,0.05595639656,0.054,0.0,0.0,0.014645315010114419,0.8717978559431645,0.001387352636187336,0.0003571573863352774,1.5101104560927768e-11,0.0650424848111672,0.0,0.014830237554961394,1.7243470827792198e-06,6.43777330657851e-08,2.9396724812179508e-05,6.03241022340144e-06,4.456519414753192e-08,3.0036185834891916e-08,1.1337364512106781e-05,2.1367027037776996e-05,0.00016525627900046072,6.114433404427599e-07,3.431680855883556e-06,2.1479551009285824e-29,1.3973147008243277e-15
2.698532491128718e-07,0.05595639656,0.054,0.0,0.0,0.014610799482231563,0.8717780663067602,0.0013922706554779602,0.00035857213392735964,1.5229795603680786e-11,0.06503931457245021,0.0,0.014864395830743992,1.7213380594960996e-06,6.396012516184056e-08,2.9301060617091827e-05,6.000673432252043e-06,4.448742621800913e-08,2.9996370114654265e-08,1.131812450432251e-05,2.1379898479787952e-05,0.00016574650274859035,6.092649017399255e-07,3.427508410239823e-06,2.1847206781482515e-29,1.4037589696482567e-15
2.71155910191133e-07,0.05595639656,0.054,0.0,0.0,0.014576453082130474,0.8717583701668101,0.0013971714637118402,0.0003599821114464938,1.5358864217430934e-11,0.0650361551250749,0.0,0.014898386517227373,1.7183392085573109e-06,6.354683527651267e-08,2.9205979206029493e-05,5.969211359938726e-06,4.440992164432152e-08,2.9956600112436576e-08,1.12989441449693e-05,2.1392475165681685e-05,0.00016623482839080752,6.070964767967644e-07,3.4233331219458572e-06,2.22190748299231e-29,1.4101863382197711e-15
2.7245857126939427e-07,0.05595639656,0.054,0.0,0.0,0.01454227454479103,0.8717387668440058,0.0014020551498747887,0.0003613873414471666,1.5488308923929174e-11,0.06503300641582202,0.0,0.014932210867970398,1.7153505045758174e-06,6.313780156548376e-08,2.9111475610376464e-05,5.9380207094714376e-06,4.4332679806637355e-08,2.9916876941401195e-08,1.127982335591962e-05,2.140476074387735e-05,0.000166721268351361,6.049380328827222e-07,3.419155227102199e-06,2.259517838244239e-29,1.4165968271939117e-15
2.737612323476555e-07,0.05595639656,0.054,0.0,0.0,0.014508262618032253,0.8717192556657122,0.0014069218024813613,0.00036278784639586176,1.5618128254673955e-11,0.06502986839171783,0.0,0.01496587012380858,1.7123719216112673e-06,6.273296333248994e-08,2.901754491325662e-05,5.907098234654691e-06,4.425570005491964e-08,2.9877201689818045e-08,1.1260762053948301e-05,2.1416758810429174e-05,0.00016720583495208867,6.02789536461976e-07,3.4149749568065915e-06,2.297554063145933e-29,1.4229904581841321e-15
2.7506389342591677e-07,0.05595639656,0.054,0.0,0.0,0.014474416062338572,0.8716998359658875,0.0014117715095745746,0.00036418364867010804,1.57483207508268e-11,0.0650267410000352,0.0,0.014999365513019166,1.7094034330675017e-06,6.233226101309909e-08,2.8924182249036273e-05,5.87644073916231e-06,4.4178981587855515e-08,2.983757539780938e-08,1.1241760151436372e-05,2.142847291682929e-05,0.00016768854040586482,6.006509535606921e-07,3.4107925369639515e-06,2.3360184733962236e-29,1.4293672533933016e-15
2.7623628839635194e-07,0.05595639656,0.054,0.0,0.0,0.014444094540092819,0.8716824359048992,0.0014161218299317737,0.00036543586835293,1.586581185577912e-11,0.06502393539486197,0.0,0.015029372262521344,1.706740401869791e-06,6.19751167567937e-08,2.8840637538621205e-05,5.849072948114008e-06,4.4110157846942285e-08,2.980195443741575e-08,1.122470914992865e-05,2.143877572596756e-05,0.00016812139404123082,5.987346767082608e-07,3.4070267037130473e-06,2.371004452157098e-29,1.4350919934428738e-15
2.774086833667871e-07,0.05595639656,0.054,0.0,0.0,0.014413905088438029,0.8716651089308232,0.0014204585588741968,0.00036668431310863954,1.5983603000760733e-11,0.0650211383213533,0.0,0.015059248142971946,1.7040855054761722e-06,6.162123328113759e-08,2.8757545558346114e-05,5.8219149788952105e-06,4.404154477426373e-08,2.976637468777209e-08,1.1207706117558553e-05,2.1448853889080017e-05,0.00016855275871201862,5.968263765309257e-07,3.4032594657918194e-06,2.406340817015822e-29,1.440803132467779e-15
2.785810783372223e-07,0.05595639656,0.054,0.0,0.0,0.014383846829447329,0.8716478545714877,0.0014247817596047066,0.0003679289990622632,1.6101693142024575e-11,0.06501834974158753,0.0,0.01508899402433135,1.701438723544428e-06,6.127056939344801e-08,2.8674902865182733e-05,5.794964601205081e-06,4.397314166030556e-08,2.9730836845497175e-08,1.1190750981468751e-05,2.1458709896850295e-05,0.0001689826431083227,5.949260270749637e-07,3.399490977861031e-06,2.4420292487091636e-29,1.4465006882270028e-15
2.7975347330765745e-07,0.05595639656,0.054,0.0,0.0,0.014353918893100477,0.8716306723588461,0.0014290914950164592,0.0003691699422784374,1.6220081241958328e-11,0.06501556961780704,0.0,0.015118610768715431,1.6988000354703728e-06,6.092308454100076e-08,2.8592706048247875e-05,5.768219615137436e-06,4.390494798369622e-08,2.969534158869262e-08,1.117384366663363e-05,2.1468346216800917e-05,0.00016941105584671674,5.930336025801818e-07,3.3957213910114885e-06,2.4780714256330614e-29,1.4521846787951668e-15
2.809258682780926e-07,0.05595639656,0.054,0.0,0.0,0.014324120417207114,0.8716135618289309,0.001433387827692937,0.00037040715876100473,1.633876626903692e-11,0.06501279791241875,0.0,0.015148099230485131,1.6961694206550752e-06,6.057873879409625e-08,2.8510951728357917e-05,5.741677850601341e-06,4.383696353002784e-08,2.96598895987226e-08,1.1156984095137089e-05,2.1477765280728962e-05,0.00016983800548458266,5.911490767219113e-07,3.3919508535882417e-06,2.514469023821484e-29,1.45785512299012e-15
2.8198102375148424e-07,0.05595639656,0.054,0.0,0.0,0.014297411771223794,0.8715982232605218,0.0014372431192393187,0.00037151748041595385,1.6445835818429237e-11,0.06501031054435673,0.0,0.015174529864393325,1.6938087525441149e-06,6.027147914500143e-08,2.8437748408026313e-05,5.7179622471499275e-06,4.3775955674665776e-08,2.962802032986705e-08,1.11418512349308e-05,2.1486058671558508e-05,0.00017022101622712551,5.894597346193671e-07,3.3885566775795903e-06,2.547532130714325e-29,1.4629469563416952e-15
2.8303617922487585e-07,0.05595639656,0.054,0.0,0.0,0.014270806678394405,0.8715829420499996,0.0014410876502003924,0.0003726248079105922,1.655314430466367e-11,0.06500782993770261,0.0,0.015200857887293768,1.6914545910162784e-06,5.996670226970145e-08,2.8364898379691688e-05,5.694407978528306e-06,4.3715115896047625e-08,2.9596187073423426e-08,1.1126756921727683e-05,2.1494179768794287e-05,0.00017060285487808028,5.87776749219564e-07,3.385161953485165e-06,2.5808857030179414e-29,1.4680278466153867e-15
2.8409133469826746e-07,0.05595639656,0.054,0.0,0.0,0.014244304526082573,0.8715677178674317,0.0014449214655569641,0.00037372915278390136,1.6660690988219664e-11,0.06500535606539422,0.0,0.015227083906254126,1.6891069205955116e-06,5.96643802857473e-08,2.8292399244760105e-05,5.671013522903873e-06,4.365444469426744e-08,2.956439030261531e-08,1.1111701093852013e-05,2.1502130285734466e-05,0.00017098352754119135,5.861001009929195e-07,3.3817667832223837e-06,2.6145309576530477e-29,1.4730978085732928e-15
2.8514649017165907e-07,0.05595639656,0.054,0.0,0.0,0.01421790470656435,0.8715525503854503,0.0014487446100880316,0.00037483052653408086,1.6768475133454805e-11,0.06500288890047812,0.0,0.015253208523472431,1.6867657254999751e-06,5.936448591451311e-08,2.8220248624803482e-05,5.6477773769356085e-06,4.359394103619785e-08,2.9532630445894308e-08,1.1096683688112074e-05,2.1509911919616443e-05,0.00017136304027623605,5.844297698328499e-07,3.378371267288238e-06,2.648469109987659e-29,1.4781568567706814e-15
2.8609613009771154e-07,0.05595639656,0.054,0.0,0.0,0.014194231865170475,0.8715389478621489,0.001452176353457033,0.0003758192320692142,1.6865683288997653e-11,0.0650006741646847,0.0,0.015276634474310572,1.6846641729748583e-06,5.909663434228409e-08,2.81556090975126e-05,5.626998972509988e-06,4.353963015921857e-08,2.9504078475323274e-08,1.108320082070166e-05,2.1516772385317684e-05,0.00017170361497206147,5.829318563653012e-07,3.375315088791681e-06,2.6792648778710397e-29,1.4827006811638277e-15
2.87045770023764e-07,0.05595639656,0.054,0.0,0.0,0.014170640988810315,0.871525390768128,0.0014555995219229733,0.0003768055485993316,1.696308266487492e-11,0.06499846482063924,0.0,0.015299979205854831,1.6825678407217032e-06,5.883070780092716e-08,2.809124825107026e-05,5.6063465253951215e-06,4.3485454945866314e-08,2.9475557056448003e-08,1.1069748975089651e-05,2.1523498628192982e-05,0.00017204325935981372,5.814390290441114e-07,3.3722587804164216e-06,2.7102997598868065e-29,1.4872356888128455e-15
2.879954099498165e-07,0.05595639656,0.054,0.0,0.0,0.014147131644464492,0.8715118788699703,0.0014590141477099526,0.00037778948442119317,1.706067273275459e-11,0.0649962608489191,0.0,0.01532324314718429,1.6804767170301815e-06,5.85666872110336e-08,2.802716439256383e-05,5.585818976798087e-06,4.343141466144656e-08,2.9447066491091968e-08,1.1056328102350914e-05,2.1530091848490414e-05,0.00017238197777148302,5.799512729097218e-07,3.3692024117535034e-06,2.7415746387993794e-29,1.4917618908415202e-15
2.8894504987586896e-07,0.05595639656,0.054,0.0,0.0,0.014123703402211913,0.8714984119358806,0.0014624202629104108,0.0003787710478043778,1.7158452966783e-11,0.06499406223017311,0.0,0.015346426724305143,1.6783907899320554e-06,5.830455387993676e-08,2.796335584191084e-05,5.565415279441289e-06,4.337750733063306e-08,2.9418607053563903e-08,1.1042938152905332e-05,2.1536553238026742e-05,0.0001727197745092407,5.784685729147616e-07,3.366146051281486e-06,2.773090396350956e-29,1.4962792983603891e-15
2.8989468980192143e-07,0.05595639656,0.054,0.0,0.0,0.014100355835208094,0.8714849897356709,0.0014658178994825543,0.0003797502469912082,1.7256422843569425e-11,0.06499186894512193,0.0,0.01536953036017513,1.6763100473784106e-06,5.804428868839041e-08,2.7899820931635796e-05,5.545134397311142e-06,4.332373595176143e-08,2.9390179026388264e-08,1.1029579076256189e-05,2.154288397103269e-05,0.00017305665385521378,5.769909148564199e-07,3.3630897654388635e-06,2.8048479132507954e-29,1.500787923735841e-15
2.9074936573536865e-07,0.05595639656,0.054,0.0,0.0,0.014079411651907991,0.8714729478139837,0.0014688685494792298,0.00038062951166174146,1.7344757446625665e-11,0.06498989953300822,0.0,0.015390255629833038,1.6744418019778804e-06,5.7811632300209914e-08,2.7842872106737323e-05,5.52698576301968e-06,4.327545611558953e-08,2.936462092278948e-08,1.101758226097714e-05,2.154847088492788e-05,0.00017335906441076217,5.756653205383816e-07,3.360339227124552e-06,2.833637109786231e-29,1.504838187019699e-15
2.9151857407547113e-07,0.05595639656,0.054,0.0,0.0,0.014060617211383028,0.8714621407697347,0.0014716083037498871,0.0003814192231650066,1.7424389253144955e-11,0.06498813073112013,0.0,0.015408853551426285,1.6727639561162625e-06,5.760351181137675e-08,2.779180553737099e-05,5.510735726439299e-06,4.323209635482681e-08,2.9341640719750468e-08,1.1006806441300963e-05,2.155341012771446e-05,0.00017363060406216794,5.744757575958184e-07,3.3578638796748862e-06,2.8597159557963813e-29,1.5084773567989891e-15
2.922877824155736e-07,0.05595639656,0.054,0.0,0.0,0.014041874952877615,0.8714513626713043,0.001474342551585995,0.0003822073980843803,1.750414456167265e-11,0.06498636539462484,0.0,0.01542739976575295,1.6710894903281598e-06,5.7396584731902284e-08,2.774091557939092e-05,5.494564462974648e-06,4.318882430512771e-08,2.9318681613989024e-08,1.0996050784853352e-05,2.1558265705476846e-05,0.0001739015493335312,5.732894756900623e-07,3.3553886972555965e-06,2.885954982680201e-29,1.512110785473992e-15
2.930569907556761e-07,0.05595639656,0.054,0.0,0.0,0.014023184655329785,0.8714406133993888,0.001477071309719525,0.0003829940407474836,1.758402309872253e-11,0.06498460351341415,0.0,0.015445894491860847,1.6694183980981714e-06,5.719084169174003e-08,2.769020137040781e-05,5.478471443036632e-06,4.3145639338147294e-08,2.9295743781151106e-08,1.0985315263202286e-05,2.1563038223129238e-05,0.00017417190244865054,5.721064665254449e-07,3.3529137137328895e-06,2.912354656509001e-29,1.5157384792565774e-15
2.938261990957786e-07,0.05595639656,0.054,0.0,0.0,0.01400454609894624,0.8714298928353489,0.0014797945948259814,0.00038377915547006705,1.7664024591839347e-11,0.06498284507741081,0.0,0.015464337947539568,1.6677506729341608e-06,5.6986273269318555e-08,2.763966205322655e-05,5.462456141573403e-06,4.310254120716908e-08,2.927282729417894e-08,1.097459984783595e-05,2.1567728281283996e-05,0.000174441665619754,5.709267220939515e-07,3.350438962213709e-06,2.938915442910423e-29,1.519360444761351e-15
2.9459540743588106e-07,0.05595639656,0.054,0.0,0.0,0.013985959065194507,0.8714192008612062,0.001482512423523989,0.0003845627465559923,1.7744148769593683e-11,0.06498109007656837,0.0,0.01548273034932909,1.6660863082660079e-06,5.6782870075669296e-08,2.7589296775866743e-05,5.446518038075515e-06,4.305953060454187e-08,2.924993229425722e-08,1.0963904509819291e-05,2.1572336474828807e-05,0.00017471084104937325,5.697502345060575e-07,3.347964475221058e-06,2.9656378070672175e-29,1.5229766887472293e-15
2.9536461577598354e-07,0.05595639656,0.054,0.0,0.0,0.013967423336793256,0.8714085373596383,0.0014852248123764626,0.00038534481829721886,1.782439536157683e-11,0.0649793385008713,0.0,0.015501071912530187,1.6644252974758899e-06,5.6580623081884254e-08,2.7539104691529234e-05,5.4306566165237e-06,4.30166066949429e-08,2.9227058986468443e-08,1.0953229219757124e-05,2.157686339495472e-05,0.0001749794309284597,5.685769953019088e-07,3.3454902853871786e-06,2.992522213719188e-29,1.5265872174947779e-15
2.96133824116086e-07,0.05595639656,0.054,0.0,0.0,0.01394893869770205,0.8713979022139737,0.0014879317778902744,0.0003861253749737754,1.7904764098395723e-11,0.0649775903403348,0.0,0.01551936285121288,1.6627676339652159e-06,5.637952319363613e-08,2.7489084958517398e-05,5.414871365305928e-06,4.297376881375651e-08,2.9204207421452136e-08,1.094257394826461e-05,2.158130962901189e-05,0.0001752474374361721,5.674069963188853e-07,3.343016424602696e-06,3.019569127161868e-29,1.5301920377406301e-15
2.969030324561885e-07,0.05595639656,0.054,0.0,0.0,0.013930504933114004,0.8713872953081877,0.0014906333365153296,0.0003869044208537488,1.7985254711667872e-11,0.06497584558500506,0.0,0.015537603378224183,1.661113311103054e-06,5.617956122799868e-08,2.743923674021407e-05,5.3991617771850086e-06,4.29310180830771e-08,2.9181377702823152e-08,1.0931938665570516e-05,2.1585675758235208e-05,0.00017551486274266107,5.662402297247974e-07,3.340542923982412e-06,3.0467790112445516e-29,1.5337911565384977e-15
2.97672240796291e-07,0.05595639656,0.054,0.0,0.0,0.01391212182944659,0.8713767165268975,0.0014933295046461622,0.00038768196019327983,1.8065866934016353e-11,0.06497410422495899,0.0,0.015555793705198951,1.6594623222117145e-06,5.598072845478467e-08,2.7389559205086427e-05,5.383527349278242e-06,4.2888353714040877e-08,2.915857007791148e-08,1.0921323341381589e-05,2.158996236020011e-05,0.00017578170900685243,5.650766869501845e-07,3.3380698149325484e-06,3.0741523293730343e-29,1.5373845802586414e-15
2.9844144913639346e-07,0.05595639656,0.054,0.0,0.0,0.013893789174331019,0.871366165755358,0.0014960202986219098,0.00038845799723653276,1.8146600499064797e-11,0.06497236625030435,0.0,0.015573934042568342,1.657814660600803e-06,5.578301612281589e-08,2.7340051526620667e-05,5.3679675829880585e-06,4.2845774416714785e-08,2.91357845819212e-08,1.0910727945502654e-05,2.159417000935973e-05,0.0001760479783753996,5.639163596544044e-07,3.3355971282054225e-06,3.1016895445085996e-29,1.5409723157339604e-15
2.9921065747649594e-07,0.05595639656,0.054,0.0,0.0,0.013875506756605399,0.8713556428794574,0.0014987057347245394,0.0003892325362156877,1.822745514143244e-11,0.06497063165117971,0.0,0.01559202459956623,1.65617031955334e-06,5.558641521806758e-08,2.7290712883259387e-05,5.352481983941367e-06,4.280328190088186e-08,2.9113021252779573e-08,1.090015244739227e-05,2.1598299273661475e-05,0.00017631367298662266,5.627592401084041e-07,3.3331248935154626e-06,3.129391119164977e-29,1.5445543703512656e-15
2.999798658165984e-07,0.05595639656,0.054,0.0,0.0,0.013857274366306193,0.8713451477857127,0.0015013858291809158,0.00039000558135094337,1.8308430596729187e-11,0.06496890041775437,0.0,0.015610065584240551,1.6545292923477745e-06,5.539091727035535e-08,2.7241542458418166e-05,5.337070061977588e-06,4.276087569038488e-08,2.9090280396454113e-08,1.0889596815916447e-05,2.1602350717259394e-05,0.000176578794968137,5.616053196661161e-07,3.3306531410654035e-06,3.1572575154119295e-29,1.548130750557336e-15
3.007490741567009e-07,0.05595639656,0.054,0.0,0.0,0.013839091794657263,0.8713346803612646,0.0015040605981635178,0.00039077713685048524,1.8389526601550736e-11,0.06496717254022842,0.0,0.015628057203462328,1.6528915722373113e-06,5.519651393027141e-08,2.7192539440452085e-05,5.321731331105145e-06,4.2718553356196796e-08,2.9067562056393685e-08,1.0879061020126003e-05,2.1606324902174605e-05,0.00017684334643452526,5.604545897403128e-07,3.32818190059558e-06,3.1852891948748417e-29,1.5517014632097398e-15
3.015182824968034e-07,0.05595639656,0.054,0.0,0.0,0.013820958834063216,0.8713242404938746,0.0015067300577872888,0.00039154720691048165,1.8470742893473646e-11,0.06496544800883274,0.0,0.015645999662929996,1.6512571524046717e-06,5.500319632541756e-08,2.7143703022571203e-05,5.306465309428012e-06,4.267631726422171e-08,2.9044866162382433e-08,1.0868545028769585e-05,2.16102223834943e-05,0.00017710732949274168,5.59307042747186e-07,3.325711200435048e-06,3.213486618730151e-29,1.5552665160737014e-15
3.0228749083690586e-07,0.05595639656,0.054,0.0,0.0,0.013802875278101766,0.871313828071919,0.0015093942241120337,0.0003923157957150969,1.855207921105052e-11,0.06496372681382885,0.0,0.015663893167181288,1.6496260260745321e-06,5.4810956158205386e-08,2.7095032402841312e-05,5.291271519118095e-06,4.263416791453854e-08,2.9022193089346543e-08,1.0858048809928963e-05,2.161404371204422e-05,0.00017737074623988913,5.581626700333588e-07,3.323241069566594e-06,3.241850247709812e-29,1.558825915682024e-15
3.029797783429981e-07,0.05595639656,0.054,0.0,0.0,0.013786642149025584,0.8713044802662423,0.0015117874612646785,0.0003930062626144128,1.8625384303500334e-11,0.06496218058291624,0.0,0.015679955632421194,1.6481608227125033e-06,5.463885471675726e-08,2.7051369943596958e-05,5.277658473979216e-06,4.259630396682724e-08,2.9001806874306573e-08,1.0848619092363222e-05,2.161741825199694e-05,0.0001776073388378976,5.571354412827793e-07,3.321018462335969e-06,3.267519999610248e-29,1.5620245475094266e-15
3.036720658490904e-07,0.05595639656,0.054,0.0,0.0,0.013770448722591833,0.8712951545209333,0.0015141764354399845,0.0003936955361095828,1.869878621651414e-11,0.06496063703956151,0.0,0.015695978756167614,1.6466982766038675e-06,5.446761321055985e-08,2.700784055738416e-05,5.264103209809312e-06,4.255850956937885e-08,2.8981439121110942e-08,1.0839205341567943e-05,2.1620731949018593e-05,0.0001778434759256509,5.561107710141981e-07,3.3187963593522208e-06,3.2933250857383226e-29,1.5652186115173273e-15
3.0436435335518264e-07,0.05595639656,0.054,0.0,0.0,0.013754294850719485,0.8712858507558815,0.0015165611582311955,0.0003943836192258568,1.8772284761505564e-11,0.06495909617672906,0.0,0.015711962685148975,1.6452383827222985e-06,5.429722581887148e-08,2.6964443669556665e-05,5.250605386570221e-06,4.2520784424827043e-08,2.8961090063496537e-08,1.0829807533932441e-05,2.1623985196754296e-05,0.00017807915900990766,5.550886529549546e-07,3.316574780897998e-06,3.319265841040913e-29,1.5684081127184722e-15
3.0498741211066566e-07,0.05595639656,0.054,0.0,0.0,0.013739790063398214,0.8712774960945598,0.001518703783363424,0.0003950018787505515,1.8838515916978573e-11,0.06495771168622771,0.0,0.015726314830382396,1.643926741757395e-06,5.414460269505149e-08,2.6925499284162358e-05,5.238506178654422e-06,4.24868894559028e-08,2.894279191803621e-08,1.0821363118992818e-05,2.1626861759552853e-05,0.000178290886851801,5.541709236331703e-07,3.3145758253450057e-06,3.342728794555317e-29,1.5712747669270457e-15
3.056104708661487e-07,0.05595639656,0.054,0.0,0.0,0.013725317089031538,0.8712691591148265,0.0015208429826371092,0.00039561917870666524,1.8904825055511652e-11,0.06495632935616617,0.0,0.015740635452029337,1.6426172414133005e-06,5.399266230789123e-08,2.6886661344906227e-05,5.22645298021738e-06,4.245305003859881e-08,2.8924508859828354e-08,1.0812931581632408e-05,2.1629689958801747e-05,0.0001785022492543404,5.532552522894939e-07,3.31257732498448e-06,3.3663021549338104e-29,1.574137733642336e-15
3.062335296216317e-07,0.05595639656,0.054,0.0,0.0,0.01371087582121361,0.871260839759094,0.0015229787644280132,0.00039623552128318436,1.8971212040925793e-11,0.0649549491814572,0.0,0.015754924655522258,1.6413098780306168e-06,5.3841400378522647e-08,2.6847929439301732e-05,5.214445548683989e-06,4.2419267755592624e-08,2.8906241148970383e-08,1.0804512904241953e-05,2.16324700751376e-05,0.00017871324730317213,5.523416344548167e-07,3.310579293988461e-06,3.3899861657434756e-29,1.5769970165310602e-15
3.0685658837711473e-07,0.05595639656,0.054,0.0,0.0,0.01369646615402054,0.8712525379700273,0.001525111137090699,0.0003968509086639086,1.9037676737449238e-11,0.06495357115702645,0.0,0.015769182545818824,1.6400046479394072e-06,5.369081316699073e-08,2.680930315687334e-05,5.202483643116583e-06,4.238553909433073e-08,2.88879889946186e-08,1.079610706936319e-05,2.1635202389765854e-05,0.0001789238820771407,5.514300651337116e-07,3.3085817468965734e-06,3.413781070360981e-29,1.5798526191087402e-15
3.0747964713259775e-07,0.05595639656,0.054,0.0,0.0,0.013682087982007719,0.8712442536905441,0.0015272401089555247,0.0003974653430274401,1.9104219009715873e-11,0.06495219527781308,0.0,0.015783409227399726,1.6387015474285024e-06,5.354089615752157e-08,2.6770782089091273e-05,5.190567024171259e-06,4.235186420642179e-08,2.8869751838616262e-08,1.078771405970109e-05,2.163788718102425e-05,0.00017913415465175333,5.505205404648095e-07,3.3065846969656855e-06,3.437687111967768e-29,1.5827045462686714e-15
3.0804040001253245e-07,0.05595639656,0.054,0.0,0.0,0.0136691744688096,0.8712368127627271,0.001529153282815487,0.00039801752092136233,1.9164173270461765e-11,0.06495095881650956,0.0,0.015796186643341346,1.637530574735942e-06,5.340654029132691e-08,2.6736202750527772e-05,5.179880590650744e-06,4.2321605865999434e-08,2.885335156885996e-08,1.078017130167377e-05,2.1640263087719957e-05,0.00017932309117610782,5.497037127577591e-07,3.3047877884139554e-06,3.45929777237486e-29,1.5852681411057674e-15
3.0860115289246715e-07,0.05595639656,0.054,0.0,0.0,0.013656286305484095,0.8712293859303789,0.0015310637147956112,0.0003985689302127395,1.922419016012659e-11,0.06494972408507235,0.0,0.015808938939972542,1.6363613213826665e-06,5.3272721245997145e-08,2.670170801144593e-05,5.169230474493539e-06,4.229139131356063e-08,2.883696414031437e-08,1.07726389045069e-05,2.1642600924249787e-05,0.00017951173596638293,5.488885338056287e-07,3.3029913040717384e-06,3.4809988275758504e-29,1.5878287640567943e-15
3.0916190577240185e-07,0.05595639656,0.054,0.0,0.0,0.013643423416147058,0.8712219731524055,0.0015329714109206108,0.0003991195724789924,1.92842695808648e-11,0.06494849107983912,0.0,0.015821666192484048,1.635193784642211e-06,5.313943584227803e-08,2.6667297578164137e-05,5.158616504588296e-06,4.2261219852061925e-08,2.882058901051443e-08,1.0765116855471528e-05,2.1644900890334844e-05,0.00017970008979747927,5.480750008088698e-07,3.3011952532738448e-06,3.5027904544503016e-29,1.5903864188849582e-15
3.096665833643431e-07,0.05595639656,0.054,0.0,0.0,0.013631868362533568,0.8712153136348855,0.0015346860032416625,0.0003996144960131402,1.9338394442938883e-11,0.06494738284801366,0.0,0.015833099368919242,1.6341444670624551e-06,5.301993258935058e-08,2.663640002795693e-05,5.149094696121333e-06,4.223410529673329e-08,2.8805862162658906e-08,1.0758355847997517e-05,2.1646938643214772e-05,0.00017986936011560908,5.473442257213347e-07,3.2995791862353725e-06,3.522480503507992e-29,1.5926857725171808e-15
3.1017126095628436e-07,0.05595639656,0.054,0.0,0.0,0.013620333664746624,0.8712086654385235,0.001536398388756059,0.0004001088006770518,1.9392569805179176e-11,0.0649462760087963,0.0,0.015844512374659513,1.6330965357865526e-06,5.2900857193502145e-08,2.660557031624782e-05,5.139601905017866e-06,4.220702590698677e-08,2.8791145623003998e-08,1.0751603202269354e-05,2.164894602501393e-05,0.00018003839594482216,5.466147786312779e-07,3.29796348541936e-06,3.542244187560769e-29,1.5949827261204066e-15
3.106759385482256e-07,0.05595639656,0.054,0.0,0.0,0.013608819268103116,0.8712020285336968,0.0015381085718232446,0.0004006024876136024,1.9446795596799182e-11,0.06494517055953501,0.0,0.015855905263887665,1.6320499888658748e-06,5.278220736901784e-08,2.6574808231538398e-05,5.130138008633011e-06,4.2179982219018724e-08,2.8776439270068246e-08,1.074485890872625e-05,2.1650923178552424e-05,0.00018020719784504088,5.45886657240591e-07,3.296348157679977e-06,3.5620816352921007e-29,1.5972772818748314e-15
3.111301483809727e-07,0.05595639656,0.054,0.0,0.0,0.013598473623566034,0.871196064949217,0.0015396458570862213,0.0004010462786423919,1.949564186800901e-11,0.064944176841425,0.0,0.015866141709198495,1.6311092786298524e-06,5.2675784691146074e-08,2.6547180002271045e-05,5.121645106061975e-06,4.215567359707003e-08,2.8763212363645213e-08,1.07387961776859e-05,2.165267688912591e-05,0.00018035892000725154,5.452324794999816e-07,3.2948946873724792e-06,3.5799985124857943e-29,1.5993403336647326e-15
3.1158435821371983e-07,0.05595639656,0.054,0.0,0.0,0.013588144339238285,0.8711901104655236,0.0015411813650540254,0.00040148957106595244,1.954452887845343e-11,0.06494318424511053,0.0,0.015876361943085546,1.6301696866724281e-06,5.2569703568816745e-08,2.6519606227258695e-05,5.113175420976114e-06,4.213139370434064e-08,2.8749993821372832e-08,1.0732740197089523e-05,2.1654406333358636e-05,0.00018051045354448486,5.445793718753698e-07,3.2934415298312043e-06,3.597975336119628e-29,1.6014014465020202e-15
3.1203856804646693e-07,0.05595639656,0.054,0.0,0.0,0.013577831375667539,0.8711841650612387,0.001542715098883984,0.00040193236571280355,1.959345657688182e-11,0.06494219276866992,0.0,0.01588656600464015,1.6292312115559992e-06,5.2463962370423926e-08,2.6492086754041952e-05,5.104728865348962e-06,4.210714286786497e-08,2.8736783553758614e-08,1.0726690959901847e-05,2.1656111613930376e-05,0.0001806617988612243,5.439273326698065e-07,3.291988689946291e-06,3.616012199831802e-29,1.6034606219749323e-15
3.1249277787921403e-07,0.05595639656,0.054,0.0,0.0,0.01356753469352998,0.8711782287150522,0.0015442470617267464,0.000402374663410002,1.964242491215431e-11,0.06494120241018521,0.0,0.015896753932826163,1.6282938518500608e-06,5.235855966959855e-08,2.6464621430694656e-05,5.096305351579826e-06,4.2082921067604973e-08,2.8723581691862326e-08,1.0720648459026861e-05,2.165779283318254e-05,0.0001808129563607226,5.432763601328382e-07,3.2905361726204207e-06,3.6341091972063887e-29,1.6055178616505708e-15
3.1294698771196114e-07,0.05595639656,0.054,0.0,0.0,0.013557254253630305,0.871172301405722,0.0015457772567268018,0.0004028164649831418,1.969143383324141e-11,0.06494021316774218,0.0,0.015906925766480583,1.6273576061109105e-06,5.225349405168295e-08,2.643721010583387e-05,5.087904792501267e-06,4.205872771717032e-08,2.8710388288287334e-08,1.071461268739063e-05,2.1659450093171362e-05,0.00018096392644487155,5.426264524634148e-07,3.2890839827667657e-06,3.652266421773166e-29,1.607573167107232e-15
3.1340119754470824e-07,0.05595639656,0.054,0.0,0.0,0.013546990016901283,0.8711663831120723,0.001547305687021952,0.00040325777125635307,1.9740483289223742e-11,0.06493922503943009,0.0,0.015917081544313153,1.6264224728833501e-06,5.21487638596935e-08,2.640985262860661e-05,5.079527101369627e-06,4.203456323969948e-08,2.8697203186139296e-08,1.0708583637911663e-05,2.1661083495194907e-05,0.00018111470951471192,5.419776079723786e-07,3.287632125148759e-06,3.6704839670072555e-29,1.6096265399542056e-15
3.1385540737745535e-07,0.05595639656,0.054,0.0,0.0,0.013536741944402445,0.8711604738129959,0.0015488323557432005,0.0004036985830523042,1.9789573229291686e-11,0.0649382380233421,0.0,0.01592722130490762,1.625488450727778e-06,5.204436766640481e-08,2.638254884868466e-05,5.071172191857425e-06,4.2010427852401823e-08,2.8684026519106146e-08,1.0702561303427402e-05,2.1662693140183163e-05,0.00018126530597012386,5.413298249306327e-07,3.286180604530255e-06,3.6887619263296735e-29,1.6116779817718894e-15
3.1430961721020245e-07,0.05595639656,0.054,0.0,0.0,0.013526509997320219,0.871154573487451,0.0015503572660155642,0.00040413890119220263,1.9838703602745093e-11,0.06493725211757483,0.0,0.01593734508672276,1.6245555382117887e-06,5.19403041487302e-08,2.6355298616271804e-05,5.062839978056751e-06,4.198632071033784e-08,2.8670858405885887e-08,1.0696545676803177e-05,2.1664279128912907e-05,0.00018141571620950981,5.406831015131855e-07,3.2847294257314566e-06,3.7071003931072566e-29,1.6137274941448487e-15
3.1476382704294955e-07,0.05595639656,0.054,0.0,0.0,0.013516294136967717,0.8711486821144636,0.0015518804209574562,0.00040457872649579267,1.9887874358992957e-11,0.06493626732022868,0.0,0.01594745292809148,1.6236237338750056e-06,5.1836571638042776e-08,2.632810178209667e-05,5.054530374477379e-06,4.196224223459171e-08,2.8657698616551253e-08,1.069053675091679e-05,2.1665841561346976e-05,0.00018156594063047722,5.400374360275674e-07,3.283278593403205e-06,3.7254994606520677e-29,1.615775078701962e-15
3.1521803687569666e-07,0.05595639656,0.054,0.0,0.0,0.013506094324783086,0.8711427996731252,0.0015534018236802911,0.00040501805978135846,1.9937085447553094e-11,0.06493528362940768,0.0,0.015957544867222073,1.6226930362622131e-06,5.173316868756448e-08,2.6300958197407293e-05,5.046243296039852e-06,4.193819298301152e-08,2.8644547272013068e-08,1.0684534518542483e-05,2.1667380537013465e-05,0.000181715979629581,5.393928267709313e-07,3.28182811216826e-06,3.7439592222220723e-29,1.6178207370368258e-15
3.1567224670844376e-07,0.05595639656,0.054,0.0,0.0,0.013495910522329728,0.8711369261425937,0.0015549214772896925,0.0004054569018657252,1.9986336818051855e-11,0.06493430104321941,0.0,0.01596762094219982,1.6217634439478963e-06,5.163009408874514e-08,2.6273867713976617e-05,5.0379786580751405e-06,4.1914171759705206e-08,2.863140459649811e-08,1.0678538972484644e-05,2.1668896155445387e-05,0.00018186583360175617,5.387492718918198e-07,3.2803779867589885e-06,3.762479771021219e-29,1.6198644707367709e-15
3.1612645654119086e-07,0.05595639656,0.054,0.0,0.0,0.013485742691296439,0.8711310615020925,0.0015564393848848416,0.0004058952535642566,2.0035628420223783e-11,0.06493331955977527,0.0,0.015977681190985533,1.6208349554729252e-06,5.152734617314624e-08,2.6246830184095326e-05,5.029736376324348e-06,4.189017885955257e-08,2.8618270274602803e-08,1.0672550105586679e-05,2.1670388515309812e-05,0.00018201550294118745,5.381067696861624e-07,3.2789282217248034e-06,3.781061200198525e-29,1.6219062814514163e-15
3.1658066637393797e-07,0.05595639656,0.054,0.0,0.0,0.013475590793495333,0.871125205730911,0.0015579555495575895,0.00040633311569085684,2.0084960203911337e-11,0.06493233917719013,0.0,0.01598772565141654,1.6199075693659792e-06,5.14249234306115e-08,2.6219845460568204e-05,5.021516366934194e-06,4.1866215429502765e-08,2.860514437341392e-08,1.0666567910563109e-05,2.1671857714713594e-05,0.0001821649880411772,5.374653184901853e-07,3.277478821537668e-06,3.7997036028488987e-29,1.6239461707899732e-15
3.1703487620668507e-07,0.05595639656,0.054,0.0,0.0,0.013465454790862067,0.8711193588084032,0.001559469974394218,0.00040677048905797406,2.0134332119064548e-11,0.06493135989358262,0.0,0.015997754361209243,1.6189812842066379e-06,5.132282478603404e-08,2.619291339672045e-05,5.01331854645398e-06,4.184227987488243e-08,2.859202727453991e-08,1.0660592380155999e-05,2.1673303851970834e-05,0.00018231428929322722,5.36824916427772e-07,3.2760297908432127e-06,3.818407072013456e-29,1.6259841403380063e-15
3.174890860394322e-07,0.05595639656,0.054,0.0,0.0,0.01345533464545657,0.8711135207139888,0.00156098266247489,0.0004072073744765966,2.018374411574075e-11,0.06493038170707495,0.0,0.016007767357957114,1.6180560985402245e-06,5.122104860568236e-08,2.6166033846386817e-05,5.005142831834228e-06,4.1818372084058845e-08,2.8578918578158453e-08,1.0654623507180273e-05,2.1674727024510147e-05,0.00018246340708809355,5.361855617686555e-07,3.2745811341067074e-06,3.8371717006782144e-29,1.6280201917660848e-15
3.179432958721793e-07,0.05595639656,0.054,0.0,0.0,0.013445230319460322,0.8711076914271516,0.0015624936168719028,0.00040764377275625424,2.0233196144104227e-11,0.06492940461579301,0.0,0.016017764679130863,1.6171320108769305e-06,5.1119593257299363e-08,2.6139206663907963e-05,4.996989140425143e-06,4.179449413519829e-08,2.856581822998108e-08,1.0648661284294928e-05,2.167612732899271e-05,0.00018261234181590332,5.355472529008077e-07,3.273132855639507e-06,3.855997581775007e-29,1.630054326702771e-15
3.183975057049264e-07,0.05595639656,0.054,0.0,0.0,0.01343514177517658,0.8711018709274404,0.0015640028406521899,0.00040807968470502444,2.0282688154425955e-11,0.0649284286178662,0.0,0.016027746362082557,1.6162090198011092e-06,5.101845780807905e-08,2.6112431704142374e-05,4.98885738997283e-06,4.1770644088450995e-08,2.855272683342038e-08,1.0642705704177718e-05,2.1677504862528664e-05,0.00018276109386476815,5.349099879302341e-07,3.2716849599964675e-06,3.874884808182192e-29,1.6320865467263508e-15
3.188517155376735e-07,0.05595639656,0.054,0.0,0.0,0.013425068975031929,0.871096059194468,0.0015655103368771952,0.00040851511112952575,2.0332220097083285e-11,0.06492745371142766,0.0,0.0160377124440431,1.6152871238681363e-06,5.091764072706831e-08,2.6085708822451792e-05,4.980747498616362e-06,4.174682089499015e-08,2.853964392971494e-08,1.0636756759620671e-05,2.1678859721385497e-05,0.00018290966362198826,5.342737650798775e-07,3.2702374515819286e-06,3.8938334727228665e-29,1.6341168535276872e-15
3.193059253704206e-07,0.05595639656,0.054,0.0,0.0,0.013415011881572415,0.8710902562079106,0.001567016108599546,0.00040895005283492046,2.0381791922559566e-11,0.06492647989461409,0.0,0.016047662962120936,1.6143663215917534e-06,5.081714025473095e-08,2.6059037874707083e-05,4.972659384899818e-06,4.1723027919145495e-08,2.852656939944109e-08,1.0630814443215277e-05,2.1680192000804015e-05,0.00018305805147456,5.336385827865422e-07,3.268790334552765e-06,3.9128436681658946e-29,1.6361452487433296e-15
3.197601352031677e-07,0.05595639656,0.054,0.0,0.0,0.013404970457465177,0.8710844619475093,0.0015685201588674642,0.00040938451062492114,2.043140358144396e-11,0.06492550716556589,0.0,0.01605759795330833,1.6134466114989283e-06,5.0716955430971865e-08,2.603241871727002e-05,4.964592967733962e-06,4.1699262721903105e-08,2.8513503643878213e-08,1.0624878747645859e-05,2.168150179661893e-05,0.00018320625780726213,5.330044391626903e-07,3.2673436133509822e-06,3.931915487226544e-29,1.6381717339946828e-15
3.202143450359148e-07,0.05595639656,0.054,0.0,0.0,0.013394944665498032,0.871078676393068,0.0015700224907225111,0.00040981848530178335,2.0481055024431114e-11,0.06492453552242694,0.0,0.016067517454477057,1.6125279921711889e-06,5.061708480186266e-08,2.6005851206998187e-05,4.95654816641845e-06,4.1675525123075124e-08,2.8500446505335264e-08,1.0618949665567578e-05,2.1682789203733892e-05,0.00018335428300431084,5.323713324669681e-07,3.265897292240759e-06,3.951049022565273e-29,1.6401963109393456e-15
3.206685548686619e-07,0.05595639656,0.054,0.0,0.0,0.01338493446857769,0.8710728995244537,0.0015715231071990788,0.00041025197766631063,2.05307462023208e-11,0.06492356496334488,0.0,0.016077421502379667,1.6116104621435568e-06,5.051752690836137e-08,2.5979335201252815e-05,4.948524900646413e-06,4.165181625187284e-08,2.848739798009866e-08,1.0613027189603833e-05,2.1684054316589113e-05,0.00018350212744889998,5.317392609908114e-07,3.264451375418816e-06,3.9702443667883444e-29,1.6422189812288549e-15
3.21122764701409e-07,0.05595639656,0.054,0.0,0.0,0.013374939829730443,0.8710671313215961,0.0015730220113259806,0.0004106849885178559,2.0580477066017665e-11,0.06492259548647075,0.0,0.016087310133651656,1.610694019957563e-06,5.0418280470104475e-08,2.5952870557906973e-05,4.940523090501904e-06,4.1628135404907425e-08,2.8474358142410957e-08,1.0607111312376851e-05,2.1685297229384466e-05,0.00018364979152295656,5.311082229655351e-07,3.2630058671073192e-06,3.989501612447839e-29,1.6442397465160559e-15
3.215769745341561e-07,0.05595639656,0.054,0.0,0.0,0.01336496071210122,0.8710613717644887,0.0015745192061255402,0.0004111175186543203,2.0630247566530894e-11,0.06492162708995941,0.0,0.01609718338481058,1.6097786641515182e-06,5.031934413992619e-08,2.592645713532151e-05,4.932542656444773e-06,4.1604482474494524e-08,2.846132695875512e-08,1.060120202649162e-05,2.168651803582733e-05,0.00018379727560741414,5.30478216644547e-07,3.2615607714730746e-06,4.0088208520415085e-29,1.6462586084602736e-15
3.220311843669032e-07,0.05595639656,0.054,0.0,0.0,0.013354997078952923,0.8710556208331862,0.001576014694613504,0.00041154956887215526,2.0680057654973962e-11,0.06492065977196915,0.0,0.016107041292256666,1.6088643932679147e-06,5.0220716544189544e-08,2.5900094792345014e-05,4.9245835193097e-06,4.158085778643049e-08,2.8448304450429846e-08,1.0595299324538508e-05,2.1687716829216998e-05,0.00018394458008213192,5.298492402863106e-07,3.2601160926441726e-06,4.02820217801288e-29,1.6482755687225199e-15
3.2293960403239747e-07,0.05595639656,0.054,0.0,0.0,0.013335116119738356,0.8710441447685282,0.0015790005646870464,0.00041241223273050134,2.0779796400622315e-11,0.06491872836420323,0.0,0.016126711221030605,1.6070391004309166e-06,5.002438231554177e-08,2.584752278306428e-05,4.908728821018444e-06,4.153369233518296e-08,2.8422285533525847e-08,1.058351364273185e-05,2.1690048748081273e-05,0.00018423865171635217,5.285943704588209e-07,3.257228001782497e-06,4.06715145859136e-29,1.6523037908631191e-15
3.237368131485944e-07,0.05595639656,0.054,0.0,0.0,0.013317719704440071,0.8710341018618591,0.001581615304415126,0.00041316771364414046,2.086745492148503e-11,0.06491703693979477,0.0,0.01614392290133354,1.6054408248499245e-06,4.985308847682228e-08,2.5801553726085582e-05,4.894884515274712e-06,4.1492393076361855e-08,2.839948062970992e-08,1.057319241309444e-05,2.1692023535548945e-05,0.00018449613425260199,5.274965016736896e-07,3.2546948894461292e-06,4.101537980550923e-29,1.6558326191653712e-15
3.2453402226479133e-07,0.05595639656,0.054,0.0,0.0,0.013300370457061552,0.8710240852380884,0.0015842248316367414,0.00041392172773870153,2.0955234684141807e-11,0.06491534881102426,0.0,0.0161610878424782,1.6038458700669238e-06,4.968272647683979e-08,2.5755739976712724e-05,4.881104672511341e-06,4.145117982888419e-08,2.837670263665667e-08,1.0562891356673608e-05,2.1693931859840896e-05,0.00018475306900664627,5.26401780171431e-07,3.2521631202576306e-06,4.13611711595823e-29,1.6593556136749482e-15
3.2533123138098825e-07,0.05595639656,0.054,0.0,0.0,0.013283068182832312,0.8710140947914198,0.0015868291624503048,0.0004146742792725442,2.104313542769102e-11,0.06491366396805276,0.0,0.01617820623745029,1.602254228181345e-06,4.951328935571661e-08,2.571008078785678e-05,4.867388876975266e-06,4.141005211708772e-08,2.8353951631745185e-08,1.0552610433004368e-05,2.1695774212167383e-05,0.00018500945799701805,5.253101965111814e-07,3.2496327154838743e-06,4.1708893628471817e-29,1.6628727834809614e-15
3.261284404971852e-07,0.05595639656,0.054,0.0,0.0,0.013265812688069301,0.8710041304166315,0.0015894283128948341,0.00041542537249034095,2.113115689219947e-11,0.06491198240107524,0.0,0.016195278278157567,1.600665891293372e-06,4.934477017415553e-08,2.5664575416963457e-05,4.853736716350069e-06,4.1369009855881633e-08,2.8331227670036543e-08,1.0542349601511879e-05,2.1697551079973052e-05,0.00018526530323233203,5.24221741263106e-07,3.2471036960826286e-06,4.205855218737373e-29,1.6663841377018959e-15
3.269256496133821e-07,0.05595639656,0.054,0.0,0.0,0.013248603780169517,0.8709941920090735,0.0015920222989502422,0.0004161750116230947,2.1219298818697708e-11,0.06491030410032024,0.0,0.016212304155437434,1.5990808515005077e-06,4.917716204811562e-08,2.5619223125979586e-05,4.840147781719399e-06,4.132805303979752e-08,2.8308530801006627e-08,1.053210882151611e-05,2.1699262946985712e-05,0.0001855206067113238,5.231364050035267e-07,3.2445760827115044e-06,4.241015180634199e-29,1.6698896854845563e-15
3.2772285872957903e-07,0.05595639656,0.054,0.0,0.0,0.013231441267602383,0.8709842794646636,0.001594611136537709,0.0004169232008881586,2.130756094917525e-11,0.06490862905605006,0.0,0.01622928405906486,1.5974991008954634e-06,4.901045821339039e-08,2.5574023181321987e-05,4.826621667532283e-06,4.128718123525543e-08,2.8285861096777668e-08,1.0521888052239072e-05,2.1700910293276567e-05,0.0001857753704228777,5.220541783080531e-07,3.2420498957390374e-06,4.2763697450294144e-29,1.6733894360027537e-15
3.288726099310519e-07,0.05595639656,0.054,0.0,0.0,0.013206770465559757,0.8709700287303007,0.001598335775781768,0.00041799970977841715,2.1435065562073375e-11,0.06490621898856154,0.0,0.01625369223787944,1.5952236446500309e-06,4.877161352135125e-08,2.55091017280629e-05,4.80722385223406e-06,4.1228384423869654e-08,2.8253214336907368e-08,1.0507182609372884e-05,2.170317346339709e-05,0.00018614184923647066,5.20498826219106e-07,3.238409130049649e-06,4.3277025353657964e-29,1.6784266563574826e-15
3.3002236113252474e-07,0.05595639656,0.054,0.0,0.0,0.01318219520232231,0.8709558312675705,0.0016020497865677442,0.0004190732242463467,2.1562818897044063e-11,0.06490381564539344,0.0,0.016278005746149942,1.592954989753092e-06,4.853461582243466e-08,2.5444493468120084e-05,4.787954672917795e-06,4.1169763400005186e-08,2.8220624360606838e-08,1.0492518580805334e-05,2.1705304836619065e-05,0.00018650721535030091,5.189498942237591e-07,3.2347714321307777e-06,4.3794426163046763e-29,1.6834518652425363e-15
3.311721123339976e-07,0.05595639656,0.054,0.0,0.0,0.01315771491492078,0.8709416867703811,0.0016057532160133313,0.00042014375679376117,2.1690820190517702e-11,0.06490141899770203,0.0,0.01630222514168276,1.5906931124971807e-06,4.8299445357754325e-08,2.538019624918651e-05,4.768812949127913e-06,4.1111318125267715e-08,2.8188091276446864e-08,1.0477895843210162e-05,2.170730581336796e-05,0.00018687147462427024,5.174073541480978e-07,3.2311368599134465e-06,4.4315914715893873e-29,1.6884650904622126e-15
3.3232186353547044e-07,0.05595639656,0.054,0.0,0.0,0.013133329044869193,0.8709275949350153,0.00160944611098573,0.0004212113198638569,2.181906868297508e-11,0.06489902901678767,0.0,0.0163263509778427,1.5884379891494424e-06,4.806608287624155e-08,2.5316207937649327e-05,4.749797514280572e-06,4.105304698031729e-08,2.8155615335014333e-08,1.0463314272905271e-05,2.1709177778876342e-05,0.00018723463287690205,5.158711778248909e-07,3.2275054701542262e-06,4.484150582744745e-29,1.6934663599244472e-15
3.334716147369433e-07,0.05595639656,0.054,0.0,0.0,0.013109037038120903,0.8709135554601086,0.0016131285181015661,0.0004222759258413474,2.1947563618919758e-11,0.06489664567409398,0.0,0.016350383803593705,1.5861895960325747e-06,4.783450900164715e-08,2.525252641840015e-05,4.730907215469362e-06,4.0994950671209866e-08,2.812319651780375e-08,1.0448773745894129e-05,2.171092210316998e-05,0.00018759669588585762,5.14341337169971e-07,3.2238773183843504e-06,4.5371214290807014e-29,1.6984557016367816e-15
3.3462136593841615e-07,0.05595639656,0.054,0.0,0.0,0.013084838345022465,0.870899568046625,0.0016168004837296282,0.00042333758705261423,2.2076304246848387e-11,0.0648942689412077,0.0,0.01637432416354858,1.583947909387045e-06,4.760470526549134e-08,2.5189149594637027e-05,4.7121409132474715e-06,4.093702646651703e-08,2.8090835264145173e-08,1.04342741378449e-05,2.171254014156198e-05,0.000187957669388041,5.128178040692028e-07,3.220252459045809e-06,4.59050548768971e-29,1.703433143702803e-15
3.35771117139889e-07,0.05595639656,0.054,0.0,0.0,0.013060732420267162,0.8708856323978343,0.0016204620539899738,0.0004243963157658579,2.2205289819221265e-11,0.06489189878985764,0.0,0.01639817259800921,1.5817129056443426e-06,4.737665229118339e-08,2.5126075387695313e-05,4.693497481464762e-06,4.0879277187180845e-08,2.8058531152961345e-08,1.0419815324194482e-05,2.171403323429796e-05,0.0001883175590804227,5.113005505747957e-07,3.216630945323954e-06,4.6443042334543055e-29,1.7083987143188168e-15
3.368058932212146e-07,0.05595639656,0.054,0.0,0.0,0.013039115957693775,0.8708731343293268,0.0016237486171058618,0.0004253466744148745,2.2321585647187576e-11,0.06488977125760446,0.0,0.016419558035851867,1.5797070964753896e-06,4.717288719365681e-08,2.5069565635312433e-05,4.676822526891728e-06,4.082744824423454e-08,2.8029507074134043e-08,1.0406837167874857e-05,2.171527128564754e-05,0.00018864053782223454,5.099403682829141e-07,3.213374486679294e-06,4.6930788793636805e-29,1.712857601158185e-15
3.378406693025402e-07,0.05595639656,0.054,0.0,0.0,0.013017573807774857,0.8708606777386035,0.0016270268304083464,0.00042629467649260675,2.2438078738406514e-11,0.06488764901320082,0.0,0.016440869836135415,1.5777066640178156e-06,4.697051219233231e-08,2.5013297843258648e-05,4.6602453931937695e-06,4.0775759063950054e-08,2.8000529530225174e-08,1.039389186268733e-05,2.1716410161878494e-05,0.00018896264735714511,5.085852294293045e-07,3.21012081750259e-06,4.7421916868034467e-29,1.7173069157097832e-15
3.3877196777573326e-07,0.05595639656,0.054,0.0,0.0,0.012998249088877834,0.8708495020955282,0.0016299701106603844,0.00042714587078732065,2.254309073684247e-11,0.06488574349755617,0.0,0.01645998781461868,1.575910857526951e-06,4.678955286071987e-08,2.4962862484287964e-05,4.645408953143153e-06,4.072935738220514e-08,2.7974489936293203e-08,1.038226910019802e-05,2.171735113901278e-05,0.00018925180613157646,5.073698997700301e-07,3.207194930481671e-06,4.7866832264841223e-29,1.7213031316325697e-15
3.397032662489263e-07,0.05595639656,0.054,0.0,0.0,0.012978983966941948,0.8708383597247746,0.001632906678415175,0.0004279951698126044,2.2648261694053966e-11,0.06488384223386631,0.0,0.01647904673749662,1.5741193796544109e-06,4.660969974251691e-08,2.491262084561859e-05,4.6306505313895435e-06,4.068306711322591e-08,2.7948488374494515e-08,1.0370672806439433e-05,2.17182132360176e-05,0.00018954026709579294,5.061586240097443e-07,3.2042713587164976e-06,4.8314503236672057e-29,1.7252916259414925e-15
3.4063456472211934e-07,0.05595639656,0.054,0.0,0.0,0.012959778162319613,0.8708272504740344,0.001635836557596258,0.0004288425799497184,2.2753591222098228e-11,0.06488194520744547,0.0,0.016498046881849752,1.5723322177387729e-06,4.64309433210569e-08,2.4862571864689548e-05,4.615969559959783e-06,4.063688935788202e-08,2.792252464552567e-08,1.0359102914635573e-05,2.1718997131011418e-05,0.00018982803318302413,5.049513874062204e-07,3.201350127881532e-06,4.876493756866631e-29,1.7292724138170817e-15
3.415658631953124e-07,0.05595639656,0.054,0.0,0.0,0.012940631397135359,0.8708161741919412,0.0016387597720239524,0.00042968810755525594,2.285907893467507e-11,0.06488005240366722,0.0,0.016516988523002877,1.5705493593521273e-06,4.6253274695606556e-08,2.481271448659832e-05,4.601365476388382e-06,4.0590822869194504e-08,2.78965991989645e-08,1.0347559357916442e-05,2.1719703496385522e-05,0.00019011510730978482,5.037481751776031e-07,3.1984312632727935e-06,4.921814303645522e-29,1.7332455104702496e-15
3.4249716166850543e-07,0.05595639656,0.054,0.0,0.0,0.012921543395273636,0.8708051307280624,0.0016416763454159505,0.00043053175896120107,2.2964724447117653e-11,0.06487816380796488,0.0,0.016535871934537927,1.5687707920507397e-06,4.607668472860898e-08,2.476304766380358e-05,4.586837723463846e-06,4.054486621388545e-08,2.7870711988911587e-08,1.0336042069377356e-05,2.1720332998519054e-05,0.0001904014923762901,5.025489726017165e-07,3.195514789715076e-06,4.9674127406213095e-29,1.737210931142526e-15
3.4342846014169847e-07,0.05595639656,0.054,0.0,0.0,0.012902513882362727,0.8707941199328928,0.0016445863013853513,0.0004313735404749926,2.3070527376383242e-11,0.06487627940583193,0.0,0.016554697388306495,1.5669965030598307e-06,4.5901164179212466e-08,2.471357035592095e-05,4.572385749037215e-06,4.049902122754068e-08,2.784486278252901e-08,1.0324550982025282e-05,2.1720886297899488e-05,0.00019068719126657805,5.01353765017071e-07,3.1926007315646202e-06,5.0132898434651995e-29,1.7411686911035968e-15
3.443597586148915e-07,0.05595639656,0.054,0.0,0.0,0.012883542585761366,0.8707831416578464,0.0016474896634433233,0.00043221345837958654,2.3176487341043968e-11,0.06487439918282113,0.0,0.016573465154446805,1.5652264800001666e-06,4.572670428016377e-08,2.4664281529718666e-05,4.558009006013991e-06,4.045328695798801e-08,2.7819052007980267e-08,1.031308602881419e-05,2.1721364049454764e-05,0.0001909722068482773,5.001625377234825e-07,3.189689112818054e-06,5.059446386900011e-29,1.7451188056501609e-15
3.4529105708808456e-07,0.05595639656,0.054,0.0,0.0,0.01286462923454628,0.8707721957552506,0.001650386455000036,0.00043305151893351633,2.328260396127767e-11,0.06487252312454439,0.0,0.01659217550139686,1.5634607105527099e-06,4.555329634815334e-08,2.461518015907133e-05,4.543706952351657e-06,4.0407660949622935e-08,2.7793279608471037e-08,1.030164714265253e-05,2.172176690228177e-05,0.00019125654197299957,4.989752760766031e-07,3.186779957026053e-06,5.105883144705062e-29,1.7490612901063353e-15
3.462223555612776e-07,0.05595639656,0.054,0.0,0.0,0.012845773559495684,0.870761282078337,0.001653276699361704,0.0004338877283709594,2.338887685885888e-11,0.06487065121667294,0.0,0.016610828695904387,1.5616991819969685e-06,4.538093136196016e-08,2.456626522509629e-05,4.529479051140751e-06,4.036214576343599e-08,2.7767545339877083e-08,1.0290234256383061e-05,2.1722095499741642e-05,0.00019154019947648603,4.977919654990389e-07,3.183873287286301e-06,5.15260088971569e-29,1.7529961598205061e-15
3.4715365403447064e-07,0.05595639656,0.054,0.0,0.0,0.012826975293077318,0.8707504004812369,0.001656160419733839,0.00043472209290180194,2.3495305657149793e-11,0.06486878344493659,0.0,0.01662942500304451,1.559941881859313e-06,4.5209600732059915e-08,2.451753571591973e-05,4.515324770360462e-06,4.031674111595076e-08,2.7741849638108866e-08,1.0278847302819892e-05,2.1722350479803436e-05,0.0001918231821784113,4.96612591376043e-07,3.1809691263547913e-06,5.199600393821405e-29,1.756923430164762e-15
3.480849525076637e-07,0.05595639656,0.054,0.0,0.0,0.012808234169437086,0.8707395508189724,0.0016590376392232654,0.00043555461871170177,2.3601889981091362e-11,0.06486691979512396,0.0,0.016647964686233654,1.5581887979176154e-06,4.503929626673541e-08,2.44689906264967e-05,4.50124358276015e-06,4.027144281341114e-08,2.7716192447864217e-08,1.026748621474132e-05,2.172253247478371e-05,0.00019210549288278342,4.954371391465594e-07,3.1780674965633637e-06,5.246882427970675e-29,1.7608431165358036e-15
3.4901625098085673e-07,0.05595639656,0.054,0.0,0.0,0.012789549924381353,0.8707287329474505,0.001661908380833083,0.0004363853119621568,2.3708629457194413e-11,0.06486506025308206,0.0,0.0166664480072365,1.5564399176343166e-06,4.48700091209036e-08,2.4420628958832712e-05,4.48723496605434e-06,4.022625416571139e-08,2.769057349041685e-08,1.0256150924881292e-05,2.1722642111412137e-05,0.00019238713437807174,4.942655943239548e-07,3.175168419803085e-06,5.294447762170444e-29,1.7647552343507085e-15
3.4994754945404977e-07,0.05595639656,0.054,0.0,0.0,0.01277092229536573,0.870717946723456,0.001664772667466349,0.0004372141787905734,2.3815523713530832e-11,0.06486320480471625,0.0,0.016684875226184216,1.5546952284296335e-06,4.4701730805006506e-08,2.437244972185213e-05,4.473298402754147e-06,4.0181176623764026e-08,2.766499321188404e-08,1.024484136595968e-05,2.1722680011187665e-05,0.00019266810943699907,4.930979423851289e-07,3.1722719176413274e-06,5.342297165484536e-29,1.768659799046898e-15
3.507857180799235e-07,0.05595639656,0.054,0.0,0.0,0.01275420562029516,0.8707082660628318,0.0016673450252840873,0.0004379586023985081,2.3911860575185583e-11,0.06486153838967758,0.0,0.01670141196967546,1.5531285814099453e-06,4.455113660162685e-08,2.4329243573025353e-05,4.46081667741759e-06,4.014069573823027e-08,2.76420039589136e-08,1.023468470725796e-05,2.172265329521207e-05,0.0001929204194662372,4.920503720975696e-07,3.16966728447438e-06,5.385605142435166e-29,1.772167462134339e-15
3.5162388670579723e-07,0.05595639656,0.054,0.0,0.0,0.012737534403786529,0.8706986108182252,0.0016699121896003558,0.00043870155599679423,2.400832223987052e-11,0.06485987526895334,0.0,0.01671790366725625,1.5515653102971314e-06,4.440134691337267e-08,2.428618368264693e-05,4.448392529210704e-06,4.01003032473853e-08,2.7619045832452633e-08,1.022454878701976e-05,2.1722569416752946e-05,0.00019317219391523733,4.910059328245829e-07,3.1670647690176044e-06,5.429144396874799e-29,1.7756690309990899e-15
3.5237823846908356e-07,0.05595639656,0.054,0.0,0.0,0.012722569020579916,0.8706899427439581,0.0016722182106718943,0.00043936896103407706,2.4095244223215364e-11,0.06485838126854679,0.0,0.016732707834816774,1.5501612451103279e-06,4.4267219206627516e-08,2.4247554246663867e-05,4.437259720461647e-06,4.0064025715910446e-08,2.759841032508659e-08,1.0215444149624453e-05,2.1722445417553223e-05,0.00019339833464273763,4.900686058093781e-07,3.1647243280879374e-06,5.46852792989899e-29,1.7788152417508875e-15
3.531325902323699e-07,0.05595639656,0.054,0.0,0.0,0.012707640170163409,0.8706812950991336,0.001674520050344227,0.00044003518216203835,2.41822668853567e-11,0.06485688992093233,0.0,0.0167474758011869,1.5487599003917067e-06,4.413373455641626e-08,2.4209042192678125e-05,4.4261729855845355e-06,4.002781550179063e-08,2.7577800265878755e-08,1.0206356234844283e-05,2.172227579454835e-05,0.00019362404460530062,4.891337987539411e-07,3.1623856253078086e-06,5.508099657105475e-29,1.781956533571922e-15
3.5388694199565623e-07,0.05595639656,0.054,0.0,0.0,0.012692747716882478,0.8706726678097039,0.0016768177205498955,0.00044070022258498693,2.42693900323251e-11,0.0648554012187579,0.0,0.0167622077007703,1.547361269731783e-06,4.40008879659724e-08,2.4170647009968613e-05,4.415132060578907e-06,3.99916784142322e-08,2.7557215291450606e-08,1.0197285006885536e-05,2.172206086520865e-05,0.00019384932523998095,4.88201504060726e-07,3.160048671196881e-06,5.5478599849552e-29,1.7850929147087966e-15
3.5448784307683473e-07,0.05595639656,0.054,0.0,0.0,0.012680910649506735,0.8706658100049194,0.0016786450217570847,0.00044122913735827456,2.4338862311036372e-11,0.06485421723734099,0.0,0.016773917109933922,1.5462490870072595e-06,4.389551907998173e-08,2.4140145487510934e-05,4.406369691904164e-06,3.996294382135813e-08,2.754083594535696e-08,1.0190070970022225e-05,2.172185744799672e-05,0.0001940284728995659,4.874606499601379e-07,3.1581883598990796e-06,5.579667469156693e-29,1.78758778296008e-15
3.5508874415801324e-07,0.05595639656,0.054,0.0,0.0,0.01266909652395066,0.870658965032577,0.001680469690817618,0.00044175730656531635,2.4408398131164933e-11,0.06485303492621579,0.0,0.0167856037854913,1.5451386188858831e-06,4.379055104583523e-08,2.4109717546749475e-05,4.3976360935441505e-06,3.993424938407848e-08,2.7524472908115878e-08,1.01828674808005e-05,2.1721625640717054e-05,0.00019420734976189968,4.867213813553389e-07,3.1563291700047107e-06,5.61159509050561e-29,1.7900795446062663e-15
3.5568964523919174e-07,0.05595639656,0.054,0.0,0.0,0.012657305272567575,0.8706521328557392,0.0016822917337049464,0.00044228473181188413,2.447799739555151e-11,0.06485185428169939,0.0,0.016797267794463302,1.544029862128581e-06,4.368598102193253e-08,2.4079362933427714e-05,4.388931134731869e-06,3.990560052383375e-08,2.750812573790758e-08,1.0175674521128402e-05,2.1721365600805222e-05,0.00019438595654464494,4.859836944371178e-07,3.1544711066108205e-06,5.643643053903557e-29,1.7925682038238098e-15
3.5629054632037025e-07,0.05595639656,0.054,0.0,0.0,0.012645536827980388,0.8706453134376123,0.0016841111563766142,0.0004428114146996643,2.454766000729625e-11,0.06485067530011893,0.0,0.01680890920360639,1.5429228134566443e-06,4.358180696874622e-08,2.4049081394385365e-05,4.380254685431711e-06,3.9876998486396156e-08,2.749179473459871e-08,1.0168492072919673e-05,2.172107748490512e-05,0.000194564293962819,4.852475853700417e-07,3.1526141747854537e-06,5.675811564089794e-29,1.7950537647923426e-15
3.568313572934309e-07,0.05595639656,0.054,0.0,0.0,0.01263496467219372,0.8706391868397013,0.0016857464014098703,0.00044328479590241196,2.4610410439978315e-11,0.06484961563547896,0.0,0.016819367203944637,1.541927927293003e-06,4.348838760853952e-08,2.4021890279414042e-05,4.372470149817934e-06,3.985129209698269e-08,2.7477110706297924e-08,1.0162036841889884e-05,2.172079430438438e-05,0.00019472456792137124,4.845864331052554e-07,3.1509439077760163e-06,5.704866459848305e-29,1.797288124118788e-15
3.5737216826649155e-07,0.05595639656,0.054,0.0,0.0,0.012624410886814751,0.8706330705200378,0.0016873795332023056,0.0004437575782504974,2.46732120354645e-11,0.06484855731218624,0.0,0.016829807000573075,1.5409344195918155e-06,4.339528588160649e-08,2.399475796745508e-05,4.364708508452724e-06,3.982562184354365e-08,2.7462439653636885e-08,1.015559009731691e-05,2.1720488621420454e-05,0.00019488462478940778,4.839265530213788e-07,3.1492745649932454e-06,5.734019313240653e-29,1.7995199803018802e-15
3.579129792395522e-07,0.05595639656,0.054,0.0,0.0,0.01261387542328055,0.8706269644520942,0.0016890105560628873,0.00044422976290309506,2.4736064723650076e-11,0.06484750032758355,0.0,0.016840228641608543,1.5399422879477192e-06,4.330250043953527e-08,2.3967684276273718e-05,4.356969668117083e-06,3.979998730773203e-08,2.744778172593939e-08,1.0149151826021325e-05,2.1720160548393575e-05,0.0001950444650829074,4.83267942338881e-07,3.1476061500041913e-06,5.763270273186047e-29,1.801749336393402e-15
3.5845379021261286e-07,0.05595639656,0.054,0.0,0.0,0.01260335823320198,0.8706208686094364,0.00169063947428994,0.0004447013510167199,2.4798968434598138e-11,0.06484644467901997,0.0,0.016850632174996,1.5389515299573247e-06,4.3210029758334854e-08,2.394066902434641e-05,4.349253536067836e-06,3.977438816905679e-08,2.743313684136216e-08,1.0142722014826311e-05,2.1719810197120358e-05,0.00019520408931620364,4.82610598283063e-07,3.145938666336736e-06,5.792619488497738e-29,1.803976195446381e-15
3.589946011856735e-07,0.05595639656,0.054,0.0,0.0,0.012592859268362224,0.870614782965722,0.0016922662921705159,0.0004451723437452311,2.4861923098539225e-11,0.0648453903638511,0.0,0.01686101764850905,1.5379621432328296e-06,4.31178723851036e-08,2.3913712030858742e-05,4.341560020039484e-06,3.9748824546484334e-08,2.7418505045734442e-08,1.0136300650556933e-05,2.1719437678857295e-05,0.00019536349800198632,4.819545180845825e-07,3.1442721174793606e-06,5.822067107883192e-29,1.806200560514957e-15
3.5953541215873417e-07,0.05595639656,0.054,0.0,0.0,0.012582378480716633,0.8706087074947005,0.0016938910139810658,0.00044564274223983735,2.492492864587069e-11,0.06484433737943882,0.0,0.016871385109751127,1.5369741253825774e-06,4.302602683201415e-08,2.388681311571278e-05,4.333889028249509e-06,3.9723296261311616e-08,2.7403886295456277e-08,1.0129887720041415e-05,2.171904310430613e-05,0.0001955226916513043,4.812996989774358e-07,3.1426065068835425e-06,5.85161327994402e-29,1.808422434654525e-15
3.600762231317948e-07,0.05595639656,0.054,0.0,0.0,0.012571915822391231,0.870602642170212,0.0016955136439869272,0.00044611254764910264,2.498798500715613e-11,0.0648432857231514,0.0,0.01688173460615609,1.5359874740181607e-06,4.2934491687943094e-08,2.3859972099521837e-05,4.326240469394624e-06,3.969780339728534e-08,2.7389280661216724e-08,1.0123483210110557e-05,2.1718626583616326e-05,0.0001956816707735744,4.806461382003737e-07,3.1409418379627155e-06,5.881258153176179e-29,1.810641820921509e-15
3.606170341048555e-07,0.05595639656,0.054,0.0,0.0,0.012561471245682743,0.8705965869661881,0.0016971341864429669,0.0004465817611189498,2.5051092113124882e-11,0.06484223539236338,0.0,0.01689206618498922,1.5350021867502525e-06,4.284326547097468e-08,2.3833188803607148e-05,4.31861425264523e-06,3.967234571337153e-08,2.73746880804197e-08,1.011708710759896e-05,2.171818822638852e-05,0.0001958404358765872,4.799938329955465e-07,3.1392781140939234e-06,5.911001875969893e-29,1.8128587223734985e-15
3.6115784507791613e-07,0.05595639656,0.054,0.0,0.0,0.012551044703057018,0.8705905418566507,0.0016987526455929265,0.00044705038379266654,2.5114249894671466e-11,0.06484118638445574,0.0,0.01690237989334765,1.5340182611962907e-06,4.2752346783662425e-08,2.3806463049990785e-05,4.311010287641224e-06,3.9646923324671226e-08,2.7360108618574946e-08,1.0110699399344225e-05,2.1717728141676927e-05,0.00019599898746651488,4.793427806101962e-07,3.137615338616464e-06,5.940844596609884e-29,1.8150731420689624e-15
3.616986560509768e-07,0.05595639656,0.054,0.0,0.0,0.012540636147149125,0.8705845068157115,0.0017003690256701476,0.00044751841681090984,2.517745828285512e-11,0.06484013869681567,0.0,0.016912675778161423,1.5330356949748621e-06,4.26617341544252e-08,2.377979466139673e-05,4.3034284844909155e-06,3.962153598844364e-08,2.7345542209412477e-08,1.0104320072188341e-05,2.1717246437992804e-05,0.00019615732604791547,4.78692978294921e-07,3.1359535148339394e-06,5.970786463275282e-29,1.817285083067446e-15
3.6223946702403744e-07,0.05595639656,0.054,0.0,0.0,0.012530245530761687,0.8705784818175724,0.0017019833308968698,0.0004479858613117107,2.5240717208899225e-11,0.06483909232683663,0.0,0.016922953886193925,1.5320544857068332e-06,4.2571426214387455e-08,2.375318346124463e-05,4.295868753767783e-06,3.959618383623706e-08,2.733098892701719e-08,1.0097949112976681e-05,2.1716743223307357e-05,0.00019631545212374084,4.780444233055026e-07,3.134292646012775e-06,6.00082762403987e-29,1.819494548429234e-15
3.627802779970981e-07,0.05595639656,0.054,0.0,0.0,0.012519872806865074,0.8705724668365243,0.001703595565485031,0.0004484527184304792,2.530402660419078e-11,0.06483804727191847,0.0,0.016933214264043005,1.5310746310163984e-06,4.248142149925176e-08,2.3726629273649684e-05,4.28833100650777e-06,3.957086660695742e-08,2.7316448700051487e-08,1.0091586508559632e-05,2.1716218605054536e-05,0.00019647336619534132,4.77397112901009e-07,3.1326327353844286e-06,6.030968226871951e-29,1.821701541215621e-15
3.6332108897015874e-07,0.05595639656,0.054,0.0,0.0,0.012509517928595651,0.8705664618469465,0.001705205733635485,0.0004489189893000098,2.5367386400279877e-11,0.0648370035294672,0.0,0.01694345695814137,1.5300961285278537e-06,4.239171866922501e-08,2.3700131923415206e-05,4.280815154205208e-06,3.954558444209317e-08,2.7301921606615992e-08,1.0085232245791286e-05,2.1715672690134554e-05,0.00019663106876247383,4.7675104434586394e-07,3.1309737861436616e-06,6.061208419634661e-29,1.8239060644885022e-15
3.638618999432194e-07,0.05595639656,0.054,0.0,0.0,0.012499180849256096,0.8705604668233081,0.0017068138395388722,0.000449384675050486,2.5430796528879212e-11,0.06483596109689518,0.0,0.016953682014757596,1.529118975873157e-06,4.230231626030027e-08,2.3673691236033834e-05,4.273321108811078e-06,3.952033707377989e-08,2.728740756936385e-08,1.007888631153145e-05,2.171510558491579e-05,0.00019678856032330648,4.7610621490772013e-07,3.1293158014509526e-06,6.091548350085761e-29,1.8261081213107006e-15
3.6440271091628005e-07,0.05595639656,0.054,0.0,0.0,0.012488861522313528,0.8705544817401648,0.0017084198873747662,0.0004498497768094856,2.5494256921863523e-11,0.06483491997162093,0.0,0.016963889479996646,1.5281431706793856e-06,4.2213212968867556e-08,2.3647307037679853e-05,4.265848782729151e-06,3.9495124648643316e-08,2.727290667158515e-08,1.0072548692643852e-05,2.171451739523931e-05,0.00019694584137442596,4.7546262185974673e-07,3.1276587844305614e-06,6.121988165878036e-29,1.8283077147455063e-15
3.649435218893407e-07,0.05595639656,0.054,0.0,0.0,0.012478559901399964,0.8705485065721609,0.0017100238813126207,0.00045031429570198525,2.5557767511269096e-11,0.06483388015106922,0.0,0.0169740793998008,1.5271687105868337e-06,4.212440732356737e-08,2.3620979155211146e-05,4.258398088814506e-06,3.94699468982022e-08,2.7258418830401e-08,1.0066219375998693e-05,2.1713908226419548e-05,0.00019710291241084298,4.748202624782647e-07,3.126002738173164e-06,6.152528014558987e-29,1.8305048478570688e-15
3.6548433286240136e-07,0.05595639656,0.054,0.0,0.0,0.012468275940310311,0.8705425412940283,0.0017116258255108375,0.00045077823285036593,2.562132822929324e-11,0.06483284163267106,0.0,0.016984251819950207,1.5261955932239588e-06,4.203589806635644e-08,2.3594707416160164e-05,4.250968940368881e-06,3.944480396546641e-08,2.724394413409041e-08,1.0059898348470174e-05,2.171327818325018e-05,0.0001972597739259985,4.7417913404527874e-07,3.1243476657336723e-06,6.183168043571347e-29,1.832699523709863e-15
3.66025143835462e-07,0.05595639656,0.054,0.0,0.0,0.012458009593003019,0.870536585880585,0.0017132257241177916,0.0004512415893744177,2.5684939008293778e-11,0.06483180441386359,0.0,0.01699440678606376,1.5252238162413834e-06,4.194768370624573e-08,2.3568491648737257e-05,4.2435612511399955e-06,3.9419695590075024e-08,2.7229482494125524e-08,1.0053585596939922e-05,2.1712627370003138e-05,0.00019741642641177049,4.7353923384586607e-07,3.1226935701341132e-06,6.213908400252643e-29,1.8348917453691698e-15
3.6656595480852267e-07,0.05595639656,0.054,0.0,0.0,0.012447760813597837,0.8705306403067362,0.0017148235812708174,0.00045170436639134493,2.5748599780788547e-11,0.06483076849209017,0.0,0.017004544343599683,1.5242533772670296e-06,4.1859763044930505e-08,2.354233168182025e-05,4.23617493531613e-06,3.9394621902635384e-08,2.72150340035741e-08,1.0047281108293387e-05,2.1711955890436333e-05,0.00019757287035847875,4.7290055917095636e-07,3.121040454361184e-06,6.244749231835864e-29,1.837081515900434e-15
3.671067657815833e-07,0.05595639656,0.054,0.0,0.0,0.012437529556376748,0.8705247045474731,0.001716419401097328,0.00045216656501577147,2.581231047945486e-11,0.06482973386480036,0.0,0.017014664537856338,1.523284273964554e-06,4.17721345539638e-08,2.3516227344959756e-05,4.228809907526738e-06,3.936958266035215e-08,2.7200598568757177e-08,1.0040984869424682e-05,2.1711263847790444e-05,0.0001977291062548929,4.7226310731446454e-07,3.11938832136939e-06,6.275690685448857e-29,1.8392688383698748e-15
3.67647576754644e-07,0.05595639656,0.054,0.0,0.0,0.012427315775781442,0.8705187785778731,0.0017180131877136899,0.000452628186359745,2.5876071037129015e-11,0.06482870052944985,0.0,0.01702476741397294,1.522316503957972e-06,4.1684797116240823e-08,2.3490178468366235e-05,4.221466082835392e-06,3.934457797159858e-08,2.718617628681194e-08,1.0034696867231135e-05,2.1710551344799182e-05,0.00019788513458823584,4.716268755763299e-07,3.117737174078329e-06,6.306732908115164e-29,1.8414537158437066e-15
3.6818838772770463e-07,0.05595639656,0.054,0.0,0.0,0.012417119426414599,0.8705128623730987,0.0017196049452264705,0.0004530892315327433,2.5939881386805806e-11,0.0648276684835004,0.0,0.01703485301693013,1.5213500649283999e-06,4.159774913893509e-08,2.346418488291861e-05,4.214143376742554e-06,3.931960762118119e-08,2.717176706008491e-08,1.0028417088620528e-05,2.170981848368301e-05,0.0001980409558441927,4.7099186125938636e-07,3.116087015376094e-06,6.337876046753242e-29,1.843636151388899e-15
3.687291987007653e-07,0.05595639656,0.054,0.0,0.0,0.01240694046303694,0.8705069559083973,0.0017211946777311643,0.000453549701641678,2.600374146163797e-11,0.06482663772442007,0.0,0.01704492139155096,1.5203849544905523e-06,4.151098961887512e-08,2.3438246420147032e-05,4.206841705175776e-06,3.92946716849289e-08,2.7157370987969626e-08,1.0022145520502525e-05,2.170906536616295e-05,0.00019819657050691378,4.703580616726614e-07,3.1144378481162848e-06,6.369120248177514e-29,1.845816148072224e-15
3.6927000967382594e-07,0.05595639656,0.054,0.0,0.0,0.012396778840569053,0.8705010591591016,0.0017227823893136186,0.0004540095977909011,2.606765119493575e-11,0.06482560824968282,0.0,0.01705497258250114,1.5194211703501212e-06,4.1424516857734024e-08,2.3412362912247222e-05,4.199560984496192e-06,3.926976998590998e-08,2.7142987971518894e-08,1.0015882149799932e-05,2.1708292093450036e-05,0.0001983519790590236,4.6972547412798663e-07,3.1127896751216708e-06,6.400465659097327e-29,1.8479937089612288e-15
3.698108206468866e-07,0.05595639656,0.054,0.0,0.0,0.012386634514087808,0.8704951721006284,0.001724368084048541,0.0004544689210822087,2.6131610520166347e-11,0.0648245800567689,0.0,0.01706500663429041,1.5184587101035912e-06,4.133833001697724e-08,2.3386534192055868e-05,4.1923011314839544e-06,3.9244902556323974e-08,2.7128618108556694e-08,1.0009626963434903e-05,2.1707498766264124e-05,0.0001985071819816236,4.690940959435516e-07,3.1111424991809286e-06,6.431912426118315e-29,1.850168837123037e-15
3.7035163161994724e-07,0.05595639656,0.054,0.0,0.0,0.012376507438828942,0.8704892947084786,0.0017259517660011927,0.00045492767261484706,2.619561937095344e-11,0.06482355314316446,0.0,0.017075023591272314,1.5174975714928614e-06,4.125242722891025e-08,2.336076009307462e-05,4.185062063351042e-06,3.922006926921561e-08,2.711426130424066e-08,1.0003379948346962e-05,2.1706685484817247e-05,0.00019866217975430132,4.6846392444026337e-07,3.10949632305258e-06,6.463460695741e-29,1.8523415356256075e-15
3.708924425930079e-07,0.05595639656,0.054,0.0,0.0,0.012366397570182602,0.8704834269582366,0.0017275334392255683,0.00045538585348551755,2.6259677681076695e-11,0.06482252750636192,0.0,0.01708502349764607,1.5165377520814091e-06,4.116680789926819e-08,2.3335040449432957e-05,4.1778436977184945e-06,3.919527010050907e-08,2.7099917647372774e-08,9.99714109147038e-06,2.1705852348839735e-05,0.00019881697285513338,4.6783495694554034e-07,3.1078511494614365e-06,6.495110614362564e-29,1.8545118075361968e-15
3.7143325356606855e-07,0.05595639656,0.054,0.0,0.0,0.012356304863697026,0.8704775688255697,0.0017291131077664952,0.0004558434647883814,2.6323785384471242e-11,0.06482150314385957,0.0,0.017095006397455745,1.5155792496665897e-06,4.1081469890212506e-08,2.330937509592862e-05,4.170645952640093e-06,3.917050498724274e-08,2.708558705740048e-08,9.990910379763793e-06,2.170499945755468e-05,0.00019897156176069326,4.672071907894434e-07,3.106206981102825e-06,6.526862328274967e-29,1.8566796559230265e-15
3.719740645391292e-07,0.05595639656,0.054,0.0,0.0,0.01234622927507268,0.8704717202862293,0.001730690775657305,0.0004563005076150653,2.6387942415227242e-11,0.06482048005316195,0.0,0.01710497233459288,1.5146220617541625e-06,4.099641297863127e-08,2.3283763867969106e-05,4.163468746565391e-06,3.914577383309232e-08,2.707126960036348e-08,9.984687800172268e-06,2.1704126909714723e-05,0.00019912594694605692,4.6658062330867884e-07,3.104563820638737e-06,6.558715983667309e-29,1.8588450838532667e-15
3.7251487551218986e-07,0.05595639656,0.054,0.0,0.0,0.012336170760167766,0.8704658813160482,0.0017322664469225696,0.00045675698305466637,2.6452148707589314e-11,0.06481945823177927,0.0,0.017114921352794688,1.5136661862291493e-06,4.091163459511004e-08,2.3258206601640123e-05,4.156311998382183e-06,3.9121076657821286e-08,2.7056965228412768e-08,9.978473339677095e-06,2.1703234803563395e-05,0.00019928012888480564,4.659552518425444e-07,3.1029216707023386e-06,6.59067172662325e-29,1.8610080943952685e-15
3.730556864852505e-07,0.05595639656,0.054,0.0,0.0,0.012326129274990097,0.8704600518909419,0.0017338401255749731,0.0004572128921937573,2.651640419595614e-11,0.06481843767722834,0.0,0.017124853495647872,1.512711620497896e-06,4.082713509269585e-08,2.323270313361028e-05,4.149175627354819e-06,3.909641327033222e-08,2.704267396034869e-08,9.97226698523119e-06,2.1702323236888068e-05,0.0001994341080490398,4.6533107373707926e-07,3.1012805338938263e-06,6.622729703124176e-29,1.8631686906158784e-15
3.7359649745831117e-07,0.05595639656,0.054,0.0,0.0,0.012316104775705399,0.8704542319869074,0.0017354118156190559,0.0004576682361163916,2.6580708814879896e-11,0.06481741838703119,0.0,0.017134768806585307,1.511758362587602e-06,4.0742911208063444e-08,2.3207253301248205e-05,4.142059553199472e-06,3.9071783800793115e-08,2.7028395813423205e-08,9.966068723844235e-06,2.1701392306961084e-05,0.00019958788490936967,4.64708086340909e-07,3.0996404127852254e-06,6.654890059045705e-29,1.8653268755834656e-15
3.741373084313718e-07,0.05595639656,0.054,0.0,0.0,0.012306097218625755,0.8704484215800241,0.0017369815210468117,0.0004581230159041089,2.6645062499065822e-11,0.0648164003587168,0.0,0.017144667328891795,1.5108064097341388e-06,4.065896420615693e-08,2.3181856942463066e-05,4.134963695979066e-06,3.9047187928755985e-08,2.7014130716522373e-08,9.959878542471027e-06,2.170044211061802e-05,0.0001997414599349456,4.6408628700943266e-07,3.098001309915936e-06,6.68715294016189e-29,1.867482652364299e-15
3.746781194044325e-07,0.05595639656,0.054,0.0,0.0,0.012296106560222226,0.8704426206464515,0.001738549245843051,0.00045857723263593953,2.670946518337171e-11,0.0648153835898189,0.0,0.017154549105698233,1.5098557602001551e-06,4.0575289697541956e-08,2.315651389590655e-05,4.127887976236237e-06,3.902262593853572e-08,2.699987880807474e-08,9.953696428159446e-06,2.169947274416671e-05,0.00019989483359342532,4.634656731007157e-07,3.0963632277978583e-06,6.719518492140552e-29,1.869636024026692e-15
3.7521893037749313e-07,0.05595639656,0.054,0.0,0.0,0.012286132757107809,0.8704368291624305,0.0017401149939789294,0.0004590308873884108,2.677391680280746e-11,0.06481436807787877,0.0,0.017164414179990536,1.508906410928673e-06,4.0491890416179263e-08,2.3131224000701037e-05,4.120832314811567e-06,3.899809732451512e-08,2.698563985355368e-08,9.94752236785458e-06,2.1698484303506276e-05,0.0002000480063510383,4.628462419795093e-07,3.094726168910569e-06,6.751986860548832e-29,1.871786993636049e-15
3.757056602532477e-07,0.05595639656,0.054,0.0,0.0,0.012277170709847742,0.8704316248866062,0.0017415224805336863,0.0004594386970610185,2.6831965046243483e-11,0.06481345518980329,0.0,0.017173278501607707,1.5080531068474187e-06,4.0417061749370975e-08,2.3108508406898527e-05,4.114499304218237e-06,3.897605050637547e-08,2.6972836136205608e-08,9.941972589086172e-06,2.1697578477277686e-05,0.0002001856904467461,4.622897630780155e-07,3.0932536928017898e-06,6.78129642038872e-29,1.873720815064986e-15
3.761923901290023e-07,0.05595639656,0.054,0.0,0.0,0.012268222248941661,0.8704264282285311,0.0017429283720863191,0.00045984605318158,2.6890052827450924e-11,0.06481254331609153,0.0,0.017182129360009294,1.507200852743246e-06,4.0342452991488146e-08,2.3085835619419816e-05,4.108182419858885e-06,3.895403071784573e-08,2.696004293515751e-08,9.936429314103518e-06,2.169665734741551e-05,0.0002003232125269524,4.617342381874025e-07,3.091782049262921e-06,6.810689485331919e-29,1.8756526955506028e-15
3.766791200047569e-07,0.05595639656,0.054,0.0,0.0,0.012259287343075576,0.870421239171052,0.0017443326715133743,0.0004602529565297026,2.694818009936604e-11,0.06481163245496127,0.0,0.01719096678622074,1.5063496475350477e-06,4.026806239841038e-08,2.3063205522773434e-05,4.101881605266252e-06,3.893203800542677e-08,2.6947260373836605e-08,9.93089253347738e-06,2.1695720982823934e-05,0.0002004605729285144,4.6117966539592094e-07,3.090311240041989e-06,6.840166161280588e-29,1.8775826373279596e-15
3.7716584988051146e-07,0.05595639656,0.054,0.0,0.0,0.012250365961032206,0.8704160576970668,0.001745735381683288,0.00046065940788336373,2.70063468150237e-11,0.06481072260463645,0.0,0.017199790811172653,1.5054994886600702e-06,4.0193889614670015e-08,2.3040618001486353e-05,4.095596803893783e-06,3.891007240865918e-08,2.6934488398461178e-08,9.925362237749974e-06,2.1694769452115633e-05,0.00020059777198738472,4.6062604279443205e-07,3.0888412668677484e-06,6.869726554069166e-29,1.8795106426319424e-15
3.7765257975626604e-07,0.05595639656,0.054,0.0,0.0,0.012241458071692492,0.8704108837895254,0.0017471365054588118,0.0004610654080189142,2.7064552927557098e-11,0.06480981376334412,0.0,0.017208601465698727,1.5046503745726956e-06,4.0119933260118583e-08,2.3018072940312744e-05,4.08932795927554e-06,3.8888133815789075e-08,2.6921727035574285e-08,9.919838417499424e-06,2.169380282359828e-05,0.00020073481003854714,4.600733684774974e-07,3.087372131450229e-06,6.899370769464619e-29,1.881436713696975e-15
3.781393096320206e-07,0.05595639656,0.054,0.0,0.0,0.012232563644032905,0.87040571743143,0.0017485360456956475,0.0004614709577110815,2.712279839019746e-11,0.0648089059293154,0.0,0.017217398780537463,1.5038023037874803e-06,4.0046192775614446e-08,2.2995570224253923e-05,4.083075015106213e-06,3.886622216431512e-08,2.6908976264840665e-08,9.914321063283734e-06,2.1692821165275163e-05,0.0002008716874160202,4.5952164054255853e-07,3.085903835480903e-06,6.929098913166093e-29,1.883360852757204e-15
3.786260395077752e-07,0.05595639656,0.054,0.0,0.0,0.012223682647126557,0.8704005586058343,0.001749934005243417,0.00046187605773297287,2.7181083156273777e-11,0.06480799910078489,0.0,0.017226182786331444,1.5029552747975277e-06,3.997266709695316e-08,2.297310973900579e-05,4.076837915600081e-06,3.8844337476270644e-08,2.6896236099288174e-08,9.908810165684565e-06,2.1691824544845693e-05,0.0002010084044528627,4.589708570902998e-07,3.0844363806329575e-06,6.958911090805125e-29,1.8852830620464357e-15
3.791127693835298e-07,0.05595639656,0.054,0.0,0.0,0.012214815050142198,0.8703954072958427,0.0017513303869450306,0.00046228070885607803,2.7239407179212526e-11,0.06480709327599112,0.0,0.017234953513628595,1.502109285720393e-06,3.989935550782416e-08,2.295069137071355e-05,4.070616605265214e-06,3.8822479664597316e-08,2.6883506526405198e-08,9.903305715277373e-06,2.1690813029715096e-05,0.00020114496148121775,4.58421016224516e-07,3.082969768560956e-06,6.988807407945696e-29,1.887203343798091e-15
3.795994992592844e-07,0.05595639656,0.054,0.0,0.0,0.01220596082234437,0.8703902634846118,0.0017527251936370965,0.0004626849118502728,2.7297770412537387e-11,0.0648061884531764,0.0,0.01724371099288195,1.5012643349009211e-06,3.982625704912259e-08,2.292831500586871e-05,4.064411028804881e-06,3.880064868427944e-08,2.6870787551696065e-08,9.897807702655685e-06,2.1689786686990312e-05,0.00020128135883230327,4.5787211605221784e-07,3.0815040009012915e-06,7.018787970084235e-29,1.8891217002452197e-15
3.8008622913503896e-07,0.05595639656,0.054,0.0,0.0,0.012197119933092592,0.8703851271553481,0.0017541184281496167,0.0004630886674838216,2.7356172809868957e-11,0.06480528463058705,0.0,0.017252455254450398,1.5004204207110361e-06,3.9753370937123243e-08,2.2905980531266202e-05,4.058221131096818e-06,3.8778844514747695e-08,2.6858079167964063e-08,9.892316118411761e-06,2.168874558348487e-05,0.000201417596836414,4.5732415468352637e-07,3.0800390792721997e-06,7.048852882649683e-29,1.891038133620439e-15
3.8057295901079354e-07,0.05595639656,0.054,0.0,0.0,0.012188292351841296,0.8703799982913095,0.0017555100933062638,0.0004634919765233809,2.7414614324924542e-11,0.06480438180647301,0.0,0.01726118632859885,1.4995775415334736e-06,3.968069627509125e-08,2.288368783413661e-05,4.052046857305682e-06,3.875706710211079e-08,2.684538137744326e-08,9.886830953151212e-06,2.168768978571668e-05,0.00020155367582291517,4.567771302318041e-07,3.078575005274024e-06,7.079002251003571e-29,1.8929526461559487e-15
3.815464187623027e-07,0.05595639656,0.054,0.0,0.0,0.012170676991628458,0.8703697628921915,0.0017582887268142748,0.000464297257879143,2.753161452355794e-11,0.06480257914669021,0.0,0.017278609035229136,1.4978948814362504e-06,3.9535978018228345e-08,2.2839227323176738e-05,4.0397449633758135e-06,3.871359236553803e-08,2.682001756062711e-08,9.875879842020542e-06,2.1685534372004264e-05,0.00020182535805596662,4.556858845485171e-07,3.075649406482772e-06,7.139554776185545e-29,1.896775917634504e-15
3.825198785138119e-07,0.05595639656,0.054,0.0,0.0,0.012153114499222158,0.8703595571543282,0.001761061116622054,0.0004651007620187708,2.7648770640098702e-11,0.06480078045990412,0.0,0.017295979353028214,1.4962163413431661e-06,3.9392095569240254e-08,2.2794932578715676e-05,4.0275049133329605e-06,3.867022414026043e-08,2.679469608236928e-08,9.864954294229824e-06,2.1683320972174744e-05,0.0002020964081480421,4.5459836397293915e-07,3.072727216975955e-06,7.200446387175519e-29,1.9005915325289414e-15
3.8349333826532104e-07,0.05595639656,0.054,0.0,0.0,0.012135604633632198,0.8703493809455908,0.001763827285088422,0.00046590249501794235,2.7766082307737662e-11,0.06479898573225144,0.0,0.017313297520771806,1.4945419080304672e-06,3.924904231188284e-08,2.2750802712562406e-05,4.015326277292469e-06,3.862696208474329e-08,2.6769416925601417e-08,9.854054234863505e-06,2.1681050107938382e-05,0.00020236682870115644,4.535145535269201e-07,3.0698084489226742e-06,7.261677924443334e-29,1.90439950867885e-15
3.844667980168302e-07,0.05595639656,0.054,0.0,0.0,0.012118147155349738,0.8703392341346442,0.0017665872544706512,0.0004667024629269057,2.7883549161186413e-11,0.06479719494992932,0.0,0.01733056377576804,1.4928715683276253e-06,3.910681167786407e-08,2.2706836842579718e-05,4.003208629150952e-06,3.858380585599209e-08,2.6744180069794074e-08,9.8431795891279e-06,2.167872229643758e-05,0.00020263662230285347,4.52434438283811e-07,3.066893114217182e-06,7.323250227384692e-29,1.908199863914812e-15
3.8544025776833937e-07,0.05595639656,0.054,0.0,0.0,0.012100741826335429,0.8703291165909417,0.0017693410469249678,0.00046750067177058125,2.8001170836668585e-11,0.06479540809919483,0.0,0.017347778353869053,1.4912053090874677e-06,3.896539717441699e-08,2.266303409268056e-05,3.9911515465926454e-06,3.8540755113635186e-08,2.6718985493594422e-08,9.832330282351934e-06,2.1676338050290045e-05,0.00020290579152629998,4.5135800336863233e-07,3.063981224483077e-06,7.385164134322752e-29,1.911992616057756e-15
3.8641371751984854e-07,0.05595639656,0.054,0.0,0.0,0.0120833884100081,0.8703190281847184,0.001772088684507054,0.00046829712754866093,2.8118946971911472e-11,0.06479362516636476,0.0,0.017364941489482227,1.4895431171932966e-06,3.882479237018404e-08,2.2619393592790255e-05,3.979154611057577e-06,3.8497809518139544e-08,2.6693833174896664e-08,9.821506239990474e-06,2.1673897877632166e-05,0.00020317433893038262,4.5028523395823277e-07,3.0610727910771913e-06,7.447420482509733e-29,1.9157777829183047e-15
3.883606370228668e-07,0.05595639656,0.054,0.0,0.0,0.012048836376316116,0.8702989382695263,0.0017775655827772837,0.00046988480378123054,2.8354961180058826e-11,0.0647900709999826,0.0,0.017399114363714867,1.4862308831652415e-06,3.854598646348972e-08,2.253259589242163e-05,3.955339525261415e-06,3.84122324135301e-08,2.664365521492851e-08,9.799933650976646e-06,2.1668851763187603e-05,0.00020370957844517205,4.4815063261912154e-07,3.0552663373656167e-06,7.572963846295802e-29,1.923325431978608e-15
3.903075565258851e-07,0.05595639656,0.054,0.0,0.0,0.012014489190365676,0.8702789633663685,0.001783018123734119,0.00047146553912133705,2.8591588917205435e-11,0.06478653234250233,0.0,0.01743308424524868,1.482934762053282e-06,3.827034379682784e-08,2.2446436899006836e-05,3.9317600965608835e-06,3.8327071843476735e-08,2.6593645988710804e-08,9.7784612283393e-06,2.1663587930216067e-05,0.00020424236103646886,4.4603051672310726e-07,3.0494738387461856e-06,7.699886995406923e-29,1.9308429533493096e-15
3.922544760289034e-07,0.05595639656,0.054,0.0,0.0,0.011980345010869956,0.8702591024646861,0.001788446480252403,0.00047303938066841885,2.882882733845708e-11,0.06478300908658292,0.0,0.017466852958453877,1.4796546502328687e-06,3.79978152095375e-08,2.23609098628647e-05,3.908413106959836e-06,3.824232512472185e-08,2.6543805277978144e-08,9.757088380500662e-06,2.1658110286859494e-05,0.00020477270667131276,4.439247695645972e-07,3.0436953768566984e-06,7.828196589478631e-29,1.9383304890786905e-15
3.9420139553192166e-07,0.05595639656,0.054,0.0,0.0,0.011946402018818195,0.8702393545658806,0.001793850823644323,0.0004746063751278167,2.9066673622189102e-11,0.06477950112581447,0.0,0.017500422305630304,1.4763904446530103e-06,3.7728352512527035e-08,2.2276008125606126e-05,3.885295394490081e-06,3.815798958854538e-08,2.649413284745974e-08,9.735814518121935e-06,2.165242267360573e-05,0.00020530063509749074,4.418332752793724e-07,3.0379310294256624e-06,7.957899271173945e-29,1.945788180990379e-15
3.9614831503493994e-07,0.05595639656,0.054,0.0,0.0,0.011912658417136523,0.8702197186831354,0.0017992313236746404,0.00047616656881396515,2.930512496979014e-11,0.06477600835470976,0.0,0.01753379406734345,1.4731420428501288e-06,3.746190846931575e-08,2.219172511872028e-05,3.862403852086208e-06,3.8074062581618866e-08,2.644462844582197e-08,9.71463905416807e-06,2.1646528864569816e-05,0.0002058261658464733,4.3975591884756613e-07,3.0321808703855476e-06,8.089001666235882e-29,1.953216170665272e-15
3.980952345379582e-07,0.05595639656,0.054,0.0,0.0,0.011879112430353946,0.8702001938412409,0.001804588148575887,0.0004777200076535898,2.9544178605408654e-11,0.06477253066869605,0.0,0.01756697000275544,1.4699093429488543e-06,3.719843676965833e-08,2.210805436214618e-05,3.8397354264214915e-06,3.799054146613435e-08,2.6395291806345067e-08,9.693561403971522e-06,2.1640432568761683e-05,0.0002063493182363595,4.3769258609621676e-07,3.02644496998292e-06,8.221510383544347e-29,1.9606145994238847e-15
4.000421540409765e-07,0.05595639656,0.054,0.0,0.0,0.011845762304274239,0.8701807790764231,0.001809921465063431,0.0004792667371889035,2.9783831775702534e-11,0.06476906796410674,0.0,0.017599951849950224,1.4666922436614256e-06,3.693789200996207e-08,2.2024989462815096e-05,3.817287116732688e-06,3.790742361945667e-08,2.6346122647327145e-08,9.672580985291687e-06,2.1634137431320637e-05,0.00020687011137479378,4.356431637013044e-07,3.020723394885645e-06,8.35543201516973e-29,1.9679836083098985e-15
4.019890735439948e-07,0.05595639656,0.054,0.0,0.0,0.011812606305654286,0.8701614734361727,0.001815231438350395,0.0004808068025807932,3.002408174959256e-11,0.06476562013817341,0.0,0.017632741326252376,1.4634906442984192e-06,3.668022966948925e-08,2.194252411322842e-05,3.795055973708994e-06,3.7824706434632837e-08,2.6297120672788412e-08,9.651697218370313e-06,2.1627647034723975e-05,0.0002073885641617921,4.3360753918937454e-07,3.015016208286939e-06,8.490773136429245e-29,1.9753233380740278e-15
4.0393599304701305e-07,0.05595639656,0.054,0.0,0.0,0.011779642721888646,0.8701422759790818,0.0018205182321624491,0.0004823402486119986,3.02649258180196e-11,0.06476218708901761,0.0,0.017665340128539687,1.4603044447698598e-06,3.6425406091374315e-08,2.1860652090096622e-05,3.773039098442151e-06,3.774238732030102e-08,2.6248285572937618e-08,9.630909525982526e-06,2.1620964899967357e-05,0.0002079046952925041,4.315856009386898e-07,3.0093234700060753e-06,8.627540305943101e-29,1.9826339291585336e-15
4.0588291255003133e-07,0.05595639656,0.054,0.0,0.0,0.011746869860699853,0.8701231857746792,0.001825782008752516,0.00048386711969028543,3.0506361293704745e-11,0.06475876871564255,0.0,0.017697749933550062,1.4571335455867334e-06,3.6173378460448285e-08,2.1779367253012096e-05,3.751233641390993e-06,3.766046370075771e-08,2.6199617024821113e-08,9.610217333485865e-06,2.1614094487721832e-05,0.00020841852325995233,4.295772381799382e-07,3.003645236585974e-06,8.765740065691077e-29,1.989915521682355e-15
4.078298320530496e-07,0.05595639656,0.054,0.0,0.0,0.011714286049834153,0.870104201903272,0.0018310229289153705,0.0004853874598516103,3.0748385510912734e-11,0.0647553649179254,0.0,0.017729972398182987,1.4539778478650874e-06,3.5924104785133286e-08,2.16986635431245e-05,3.7296368013452047e-06,3.757893301613054e-08,2.6151114692742233e-08,9.589620068866835e-06,2.1607039199468973e-05,0.00020893006635774527,4.2758234099656157e-07,2.9979815613880807e-06,8.905378941069501e-29,1.9971682554268566e-15
4.097767515560679e-07,0.05595639656,0.054,0.0,0.0,0.01168188963676269,0.8700853234557873,0.0018362411520021246,0.0004869013127632789,3.099099582521838e-11,0.06475197559660886,0.0,0.0177620091597957,1.4508372533305701e-06,3.567754387645673e-08,2.161853498183324e-05,3.7082458244185547e-06,3.7497792722384144e-08,2.610277822884807e-08,9.569117162784599e-06,2.1599802378611352e-05,0.00020943934268274303,4.2560080032474755e-07,2.9923324946847483e-06,9.04646344094853e-29,2.0043922698222087e-15
4.1172367105908617e-07,0.05595639656,0.054,0.0,0.0,0.011649678988388175,0.8700665495336182,0.0018414368359345793,0.0004884087217270918,3.123418961327633e-11,0.06474860065329364,0.0,0.01779386183649384,1.4477116643168946e-06,3.5433655331096574e-08,2.153897566950859e-05,3.687058003079172e-06,3.741704029127749e-08,2.6054607273528867e-08,9.548708048610993e-06,2.1592387311558516e-05,0.00020994637013766978,4.2363250795307817e-07,2.9866980837489995e-06,9.189000057729822e-29,2.0115877039342837e-15
4.1367059056210445e-07,0.05595639656,0.054,0.0,0.0,0.011617652490756867,0.8700478792484723,0.0018466101372194652,0.0004899097296824795,3.1477964272593796e-11,0.06474523999043012,0.0,0.017825532027416876,1.4446009837699764e-06,3.519239951128704e-08,2.145997978424462e-05,3.666070675206803e-06,3.7336673210602054e-08,2.6006601455990547e-08,9.528392162468043e-06,2.158479722879003e-05,0.00021045116643368428,4.2167735652181967e-07,2.981078372941526e-06,9.332995267404448e-29,2.0187546964521043e-15
4.1561751006512273e-07,0.05595639656,0.054,0.0,0.0,0.011585808548775726,0.8700293117222222,0.001851761210962563,0.0004914043792096272,3.172231722130642e-11,0.06474189351131084,0.0,0.01785702131301835,1.4415051152491811e-06,3.495373752915537e-08,2.1381541580631416e-05,3.6452812231642276e-06,3.725668898406101e-08,2.5958760394609556e-08,9.508168943263124e-06,2.157703530589732e-05,0.00021095374909291663,4.197352395218751e-07,2.975473403795076e-06,9.478455529611219e-29,2.0258933856758152e-15
4.17564429568141e-07,0.05595639656,0.054,0.0,0.0,0.011554145585934622,0.8700108460867602,0.0018568902108827166,0.0004928927125325845,3.196724589795699e-11,0.06473856112006228,0.0,0.017888331255341196,1.4384239629289463e-06,3.4717631227200996e-08,2.1303655388549365e-05,3.6246870728907194e-06,3.7177085131349505e-08,2.5911083697482593e-08,9.488037832722252e-06,2.156910466460436e-05,0.00021145413545096953,4.178060512934527e-07,2.969883215096533e-06,9.625387287695154e-29,2.033003909505158e-15
4.195113490711593e-07,0.05595639656,0.054,0.0,0.0,0.01152266204403343,0.869992481483853,0.0018619972893257146,0.0004943747715223649,3.221274776127719e-11,0.06473524272163755,0.0,0.01791946339828813,1.4353574315975103e-06,3.4484043164141304e-08,2.1226315611979063e-05,3.6042856930160657e-06,3.7097859188192024e-08,2.586357096272747e-08,9.46799827542036e-06,2.156100837376663e-05,0.0002119523426593778,4.1588968702446393e-07,2.9643078429667636e-06,9.773796968766336e-29,2.0400864054284657e-15
4.2145826857417757e-07,0.05595639656,0.054,0.0,0.0,0.011491356382914028,0.8699742170650014,0.0018670825972780586,0.0004958505977000284,3.2458820289972145e-11,0.06473193822180823,0.0,0.017950419267887215,1.4323054266616295e-06,3.425293659554371e-08,2.1149516727838476e-05,3.5840745940023464e-06,3.7019008706382416e-08,2.581622177904395e-08,9.448049718809736e-06,2.1552749450349185e-05,0.00021244838768802658,4.1398604274866024e-07,2.9587473209381935e-06,9.923690983758899e-29,2.0471410105121066e-15
4.2340518807719585e-07,0.05595639656,0.054,0.0,0.0,0.01146022708019704,0.8699560519913011,0.0018721462843806038,0.0004973202322397517,3.2705460982507934e-11,0.064728647527157,0.0,0.017981200372552755,1.4292678541431984e-06,3.4024275461628555e-08,2.107325328483827e-05,3.5640513273019783e-06,3.6940531253651764e-08,2.5769035725940335e-08,9.4281916132456e-06,2.1544330860384624e-05,0.00021294228732753322,4.120950153434863e-07,2.9532016800300583e-06,1.0075075727490305e-28,2.0541678613904174e-15
4.2535210758021413e-07,0.05595639656,0.054,0.0,0.0,0.011429272631023222,0.8699379854333057,0.0018771884989420876,0.0004987837159718822,3.295266735690174e-11,0.06472537054506992,0.0,0.018011808203341508,1.4262446206824698e-06,3.379802436733028e-08,2.0997519902364106e-05,3.5442134845388393e-06,3.68624244139199e-08,2.5722012374330244e-08,9.408423412010831e-06,2.1535755519911555e-05,0.00021343405819159513,4.1021650252770337e-07,2.947670948821524e-06,1.0227957578720788e-28,2.0611670942560506e-15
4.272990270832324e-07,0.05595639656,0.054,0.0,0.0,0.011398491547799391,0.8699200165708931,0.0018822093879525261,0.000500241089385975,3.3200436950514966e-11,0.06472210718372887,0.0,0.018042244234204453,1.4232356335346937e-06,3.357414857285891e-08,2.0922311269367466e-05,3.5245586967005714e-06,3.678468578703677e-08,2.5675151286646946e-08,9.388744571337402e-06,2.1527026295894016e-05,0.0002139237167193012,4.083504028587702e-07,2.942155153522754e-06,1.0382342900213064e-28,2.0681388448507806e-15
4.292459465862507e-07,0.05595639656,0.054,0.0,0.0,0.011367882359948825,0.8699021445931335,0.0018872090970965079,0.0005016923926338163,3.344876731984887e-11,0.06471885735210402,0.0,0.018072509922234137,1.4202408005759908e-06,3.33526139719831e-08,2.0847622143288935e-05,3.5050846333615253e-06,3.670731298896788e-08,2.5628452017531115e-08,9.369154550427582e-06,2.151814600712164e-05,0.00021441127917740612,4.064966157300498e-07,2.936654318044085e-06,1.0538238038792125e-28,2.0750832484567226e-15
4.3119286608926897e-07,0.05595639656,0.054,0.0,0.0,0.011337443613666023,0.8698843686981595,0.0018921877707663345,0.0005031376655324269,3.369765604034296e-11,0.06471562095994646,0.0,0.018102606707907642,1.4172600302937792e-06,3.313338708692525e-08,2.077344734898622e-05,3.4857890019118474e-06,3.663030365160899e-08,2.5581914113763555e-08,9.349652811470987e-06,2.1509117425091637e-05,0.0002148967616625708,4.0465504136776644e-07,2.9311684640631293e-06,1.0695649325405233e-28,2.0820004398879485e-15
4.3313978559228725e-07,0.05595639656,0.054,0.0,0.0,0.011307173871675718,0.8698666880930387,0.0018971455520750851,0.0005045769475670512,3.394710070617602e-11,0.06471239791778068,0.0,0.018132536015325374,1.4142932317975258e-06,3.291643504248887e-08,2.069978177770128e-05,3.46666954681998e-06,3.6553655423073214e-08,2.5535537115150095e-08,9.330238819663075e-06,2.1499943274872527e-05,0.00021538018010356792,4.028255808278188e-07,2.925697611090086e-06,1.0854583075182076e-28,2.0888905534825036e-15
4.350867050953055e-07,0.05595639656,0.054,0.0,0.0,0.01127707171299613,0.8698491019936487,0.001902082582869501,0.0005060102778941252,3.419709893006977e-11,0.06470918813689741,0.0,0.01816229925244568,1.4113403148048237e-06,3.2701725568585383e-08,2.0626620386017347e-05,3.4477240488894397e-06,3.647736596710513e-08,2.548932055412467e-08,9.310912043217719e-06,2.1490626235950892e-05,0.00021586155026345527,4.0100813599233533e-07,2.9202417765310337e-06,1.1015045587495074e-28,2.095753723094801e-15
4.370336245983238e-07,0.05595639656,0.054,0.0,0.0,0.011247135732706267,0.8698316096245542,0.0019069990037428215,0.0005074376953442297,3.4447648343094925e-11,0.06470599152934615,0.0,0.01819189781131534,1.4084011896581087e-06,3.24892269653531e-08,2.0553958194874605e-05,3.428950324565603e-06,3.6401432963880595e-08,2.5443263957041963e-08,9.291671953384278e-06,2.1481168943060174e-05,0.0002163408877417141,3.9920260956617653e-07,2.9148009757497528e-06,1.1177043146019714e-28,2.1025900820883788e-15
4.389805441013421e-07,0.05595639656,0.054,0.0,0.0,0.011217364541717283,0.8698142102188847,0.0019118949540474028,0.0005088592384250225,3.469874659447995e-11,0.06470280800792808,0.0,0.018221333068296194,1.4054757672972412e-06,3.227890812022366e-08,2.0481790288547215e-05,3.4103462252129086e-06,3.6325854108978045e-08,2.5397366843150697e-08,9.272518024454397e-06,2.147157398699367e-05,0.0002168182079763582,3.9740890507311483e-07,2.9093752221274346e-06,1.1340582018795114e-28,2.10939976332901e-15
4.4092746360436036e-07,0.05595639656,0.054,0.0,0.0,0.01118775676654773,0.8697969030182164,0.0019167705719073524,0.0005102749453241524,3.4950391351422215e-11,0.06469963748618882,0.0,0.01825060638428774,1.4025639592968824e-06,3.207073845378382e-08,2.041011181371657e-05,3.3919096364724706e-06,3.625062711452224e-08,2.535162872674218e-08,9.253449733780028e-06,2.146184391539964e-05,0.00021729352624600548,3.9562692685210484e-07,2.9039645271213013e-06,1.1505668458284603e-28,2.1161828991781737e-15
4.4287438310737864e-07,0.05595639656,0.054,0.0,0.0,0.011158311049102735,0.869779687272456,0.001921625994230842,0.0005116848539121538,3.5202580298901483e-11,0.06469647987841143,0.0,0.018279719104946072,1.3996656778113972e-06,3.186468796655694e-08,2.03389179784492e-05,3.37363847754362e-06,3.617574970752375e-08,2.5306049114828714e-08,9.234466561771405e-06,2.145198123356258e-05,0.0002177668576719263,3.938565800530435e-07,2.8985689003206807e-06,1.167230870143638e-28,2.1229396214868358e-15
4.448213026103969e-07,0.05595639656,0.054,0.0,0.0,0.011129026046456868,0.8697625622397236,0.0019264613567225922,0.000513089001745324,3.5455311139496004e-11,0.06469333509960913,0.0,0.01830867256089879,1.3967808356480325e-06,3.166072714264324e-08,2.0268204051357313e-05,3.3555307006149767e-06,3.610121963238819e-08,2.5260627511147482e-08,9.215567991921587e-06,2.1441988405165586e-05,0.00021823821722004945,3.9209777063295525e-07,2.8931883495029056e-06,1.184050896974426e-28,2.1296700615895643e-15
4.467682221134152e-07,0.05595639656,0.054,0.0,0.0,0.011099900430640814,0.8697455271862402,0.0019312767938958117,0.0005144874260685755,3.570858159320085e-11,0.06469020306551876,0.0,0.01833746806795668,1.3939093461566078e-06,3.145882706096305e-08,2.0197965360529294e-05,3.3375842901099288e-06,3.602703464690846e-08,2.521536341103946e-08,9.196753510787648e-06,2.1431867853042247e-05,0.00021870761970295562,3.9035040535120123e-07,2.887822880685568e-06,1.2010275469308585e-28,2.1363743502989503e-15
4.487151416164335e-07,0.05595639656,0.054,0.0,0.0,0.011070932888431561,0.8697285813862186,0.0019360724390846448,0.0005158801638182745,3.596238939724848e-11,0.06468708369259307,0.0,0.018366106927321157,1.3910511233912172e-06,3.125895920344113e-08,2.012819729284341e-05,3.3197972622463273e-06,3.59531925279732e-08,2.5170256309605126e-08,9.17802260803484e-06,2.1421621959905958e-05,0.00021917507978181237,3.886143917658965e-07,2.882472498180584e-06,1.2181614390896912e-28,2.143052617900339e-15
4.5066206111945176e-07,0.05595639656,0.054,0.0,0.0,0.011042122121146273,0.8697117241217502,0.0019408484244555573,0.0005172672516250543,3.621673230593187e-11,0.064683976897995,0.0,0.018394590425789135,1.3882060818616634e-06,3.106109571283478e-08,2.005889529274599e-05,3.302167664159478e-06,3.587969106339238e-08,2.512530569024517e-08,9.159374776380516e-06,2.141125306907662e-05,0.00021964061196832533,3.868896382281446e-07,2.8771372046416683e-06,1.2354531910005046e-28,2.1497049941468344e-15
4.5260898062247004e-07,0.05595639656,0.054,0.0,0.0,0.011013466844439473,0.8696949546827001,0.0019456048810200344,0.0005186487258166106,3.647160809042959e-11,0.06468088259958933,0.0,0.018422919835953008,1.3853741369021776e-06,3.086520897718815e-08,1.9990054861886786e-05,3.2846935737257395e-06,3.5806528063713156e-08,2.5080511042487567e-08,9.14080951169158e-06,2.1400763485173597e-05,0.00022010423062658903,3.8517605387944836e-07,2.8718170011185346e-06,1.2529034186917874e-28,2.1563316082546135e-15
4.545559001254883e-07,0.05595639656,0.054,0.0,0.0,0.010984965788103934,0.8696782723666008,0.0019503419386449675,0.0005200246224204761,3.672701453863338e-11,0.06467780071593808,0.0,0.01845109641639941,1.3825552041066068e-06,3.067127223635587e-08,1.9921671557467162e-05,3.2673730983364007e-06,3.573370134386052e-08,2.503587183551177e-08,9.122326312836998e-06,2.1390155474826278e-05,0.00022056594997502384,3.8347354864378875e-07,2.8665118870967668e-06,1.2705127366770348e-28,2.1629325888984624e-15
4.565028196285066e-07,0.05595639656,0.054,0.0,0.0,0.010956617695874415,0.8696616764785468,0.001955059726066318,0.0005213949771667728,3.69829494549777e-11,0.06467473116629055,0.0,0.018479121411901358,1.3797492001963952e-06,3.047925862122313e-08,1.98537409926381e-05,3.250204375347629e-06,3.5661208751911615e-08,2.4991387559411832e-08,9.103924681928006e-06,2.1379431267319057e-05,0.00022102578408809753,3.8178203322807737e-07,2.8612218605573395e-06,1.2882817579608432e-28,2.169508064207666e-15
4.584497391315249e-07,0.05595639656,0.054,0.0,0.0,0.01092842132523554,0.8696451663310939,0.001959758370897345,0.0005227598254909448,3.723941066027154e-11,0.06467167387058177,0.0,0.018506996053612217,1.3769560416526834e-06,3.028914262451587e-08,1.9786258833707044e-05,3.2331855699194245e-06,3.558904812397405e-08,2.4947057661686475e-08,9.085604123931273e-06,2.1368593055308512e-05,0.00022148374689833072,3.8010141910872915e-07,2.855946918000674e-06,1.3062110940449928e-28,2.1760581617619974e-15
4.6039665863454316e-07,0.05595639656,0.054,0.0,0.0,0.010900375447231422,0.8696287412441568,0.001964437999645148,0.0005241192025364714,3.749639599153241e-11,0.06466862874941783,0.0,0.018534721559248537,1.3741756468735612e-06,3.010089776044531e-08,1.9719220802460004e-05,3.216314877043609e-06,3.5517217354067567e-08,2.490288164749397e-08,9.06736414729977e-06,2.1357642995385078e-05,0.00022193985219775734,3.784316185408801e-07,2.850687054525727e-06,1.3243013549345612e-28,2.1825830085882122e-15
4.6234357813756144e-07,0.05595639656,0.054,0.0,0.0,0.010872478846280965,0.869612400544912,0.0019690987377135984,0.0005254731431575504,3.77539033018223e-11,0.06466559572408254,0.0,0.01856229913328245,1.3714079327317682e-06,2.9914500261866026e-08,1.965262267029381e-05,3.1995905168645874e-06,3.544571428425207e-08,2.4858858921165816e-08,9.049204262929133e-06,2.134658320886092e-05,0.0002223941136402253,3.7677254452977244e-07,2.845442263814362e-06,1.3425531491439847e-28,2.189082731156364e-15
4.642904976405797e-07,0.05595639656,0.054,0.0,0.0,0.010844730319991908,0.8695961435676977,0.001973740709427955,0.0005268216819217819,3.801193046008571e-11,0.0646625747165094,0.0,0.01858972996711045,1.3686528201064274e-06,2.9729923116960034e-08,1.958646026569082e-05,3.1830107409335424e-06,3.5374536880629876e-08,2.481498904070937e-08,9.031123985889347e-06,2.133541578214043e-05,0.00022284654474220703,3.7512411086542046e-07,2.840212538271375e-06,1.3609670837031856e-28,2.1955574553770086e-15
4.660427251932962e-07,0.05595639656,0.054,0.0,0.0,0.010819882266877393,0.8695815833260688,0.0019779025406204977,0.000528030776563243,3.824459762389567e-11,0.06465986602089575,0.0,0.01861429322898292,1.3661839244865993e-06,2.9565342490762704e-08,1.9527283239413617e-05,3.168211136002586e-06,3.531075385630574e-08,2.4775636273436628e-08,9.014919401225676e-06,2.1325274762927044e-05,0.00022325217885714492,3.736495473948135e-07,2.8355186586470048e-06,1.3776787553242996e-28,2.2013634371983945e-15
4.67619729990741e-07,0.05595639656,0.054,0.0,0.0,0.010797620034893552,0.8695685362411948,0.0019816353510778914,0.000529115264930027,3.8454355361072506e-11,0.06465743641786831,0.0,0.018636300059022715,1.363970539984467e-06,2.9418449884877522e-08,1.9474320362851983e-05,3.1549894014578436e-06,3.525357198961418e-08,2.4740323924228442e-08,9.00038978375803e-06,2.1316075939072878e-05,0.00022361599921623648,3.723296989563587e-07,2.8313045880724777e-06,1.392832333506292e-28,2.206571670256502e-15
4.691967347881858e-07,0.05595639656,0.054,0.0,0.0,0.01077545285915191,0.8695555429257834,0.00198535606646286,0.0005301962696743553,3.866445043269726e-11,0.0646550145630536,0.0,0.01865821268921689,1.3617652804091384e-06,2.927270982876061e-08,1.942163610741105e-05,3.141859499306636e-06,3.519660005398173e-08,2.470511083628802e-08,8.985911543062746e-06,2.1306810091535423e-05,0.0002239786422821321,3.71016680796505e-07,2.8271003839664737e-06,1.4080933664524908e-28,2.2117637239216315e-15
4.707737395856306e-07,0.05595639656,0.054,0.0,0.0,0.010753380125206491,0.8695426030394197,0.0019890647508047834,0.0005312738086278299,3.887488173605427e-11,0.06465260041621058,0.0,0.01868003172839605,1.3595681038821963e-06,2.9128110134878866e-08,1.936922835316702e-05,3.128820551258263e-06,3.5139836977808544e-08,2.466999673241963e-08,8.971484426900785e-06,2.129747826495272e-05,0.0002243401149820159,3.697104485255573e-07,2.82290603989278e-06,1.423462173938221e-28,2.2169396640195943e-15
4.7235074438307543e-07,0.05595639656,0.054,0.0,0.0,0.010731401223953378,0.8695297162445901,0.0019927614676859915,0.0005323478995037635,3.908564817496022e-11,0.06465019393737456,0.0,0.01870175778010175,1.357378967090152e-06,2.8984638407648838e-08,1.9317094999898944e-05,3.115871687943012e-06,3.508328175041981e-08,2.463498134703799e-08,8.957108184538038e-06,2.1288081490326596e-05,0.00022470042418865495,3.684109580761779e-07,2.8187215488859626e-06,1.438939075111448e-28,2.2220995561308483e-15
4.7392774918052024e-07,0.05595639656,0.054,0.0,0.0,0.010709515551568382,0.8695168822066524,0.0019964462802461312,0.0005334185598980661,3.9296748659711874e-11,0.06464779508685216,0.0,0.018723391442644958,1.3551978295164555e-06,2.8842282870270725e-08,1.9265233966307556e-05,3.1030120490343478e-06,3.5026933156507464e-08,2.4600064317448026e-08,8.942782566395485e-06,2.1278620785154173e-05,0.00022505957672029208,3.6711816569621675e-07,2.8145469034985398e-06,1.4545243884953158e-28,2.2272434655885707e-15
4.7550475397796505e-07,0.05595639656,0.054,0.0,0.0,0.010687722509447538,0.8695041005938046,0.002000119251185357,0.0005344858072901217,3.95081821070344e-11,0.06464540382521773,0.0,0.018744933309164387,1.353024651546833e-06,2.8701031558410722e-08,1.9213643191766056e-05,3.0902407856481993e-06,3.4970790102400985e-08,2.4565245379386925e-08,8.928507324324255e-06,2.126909715331964e-05,0.00022541757933982665,3.658320279394681e-07,2.810382095827557e-06,1.4702184319897953e-28,2.2323714574779633e-15
4.770817587754099e-07,0.05595639656,0.054,0.0,0.0,0.010666021504152684,0.8694913710770541,0.0020037804427653454,0.0005355496590436662,3.9719947440029313e-11,0.0646430201133165,0.0,0.018766383967684614,1.3508593885088334e-06,2.8560872525347518e-08,1.9162320636709072e-05,3.0775570599313277e-06,3.491485189554143e-08,2.453052433560087e-08,8.91428221153239e-06,2.1259511585492665e-05,0.00022577443875586623,3.645525016738104e-07,2.806227117475718e-06,1.4860215228737522e-28,2.2374835966377565e-15
4.786587635728547e-07,0.05595639656,0.054,0.0,0.0,0.01064441194735281,0.8694786933301888,0.0020074299168165908,0.0005366101324076622,3.9932043588122606e-11,0.0646406439122563,0.0,0.01878774400116887,1.3487019996718268e-06,2.8421794603564972e-08,1.9111264280827695e-05,3.064960043290535e-06,3.485911712507154e-08,2.4495900729595887e-08,8.900106982251875e-06,2.1249865059403954e-05,0.0002261301616236551,3.6327954408820953e-07,2.8020819595915828e-06,1.5019339778079294e-28,2.24257994765789e-15
4.80078067890555e-07,0.05595639656,0.054,0.0,0.0,0.010625041052512768,0.8694673273538638,0.0020107044757339213,0.0005375616840766566,4.012321208854271e-11,0.06463851172113645,0.0,0.01880689102468195,1.3467670519361992e-06,2.829753926609489e-08,1.9065539506225943e-05,3.0536961873196545e-06,3.480912879284721e-08,2.4464822610557737e-08,8.887391724484159e-06,2.124113186422491e-05,0.00022644934591357918,3.6213946333094795e-07,2.798359706353216e-06,1.5163489547342632e-28,2.247153217898281e-15
4.814973722082553e-07,0.05595639656,0.054,0.0,0.0,0.01060574333668792,0.8694560028151885,0.0020139696376623153,0.0005385105255440954,4.031464691546673e-11,0.06463638555452124,0.0,0.018825965528021515,1.3448384215460181e-06,2.8174142006080168e-08,1.902002728781167e-05,3.0425013134233277e-06,3.475930395834398e-08,2.443382306542559e-08,8.874716497407295e-06,2.123235076901213e-05,0.00022676761972461834,3.610046379768847e-07,2.7946453931406305e-06,1.5308530025143258e-28,2.2517137985949592e-15
4.829166765259556e-07,0.05595639656,0.054,0.0,0.0,0.010586518381381178,0.8694447194820125,0.0020172254467921394,0.0005394566691494417,4.050634730138619e-11,0.06463426538460036,0.0,0.018844967925868924,1.3429160775003664e-06,2.8051594838167204e-08,1.8974726193806838e-05,3.0313748385361552e-06,3.4709641579658976e-08,2.4402901792030044e-08,8.86208112466622e-06,2.122352246015847e-05,0.00022708498779973896,3.5987503745099344e-07,2.790939012602991e-06,1.545446350716464e-28,2.2562617363152376e-15
4.843359808436559e-07,0.05595639656,0.054,0.0,0.0,0.01056736577131131,0.869433477123938,0.0020204719470393,0.0005404001271589944,4.069831248281796e-11,0.06463215118373147,0.0,0.018863898629719277,1.3409999929319998e-06,2.7929889775837522e-08,1.89296348032974e-05,3.0203161844372676e-06,3.466014029986724e-08,2.4372058567626623e-08,8.849485430839808e-06,2.1214647615911836e-05,0.0002274014548479426,3.587506313676859e-07,2.787240557134909e-06,1.5601292285080665e-28,2.260797077461701e-15
4.857552851613561e-07,0.05595639656,0.054,0.0,0.0,0.010548285094380584,0.8694222755123013,0.0020237091820453413,0.000541340911766382,4.089054170027522e-11,0.0646300429244395,0.0,0.01888275804791189,1.3390901391534715e-06,2.7809018723582015e-08,1.8884751708806845e-05,3.0093247802488488e-06,3.4610800895778986e-08,2.434129333029237e-08,8.836929241316413e-06,2.12057269064787e-05,0.00022771702554451955,3.576313895333815e-07,2.7835500188747297e-06,1.5749018646564777e-28,2.265319868273028e-15
4.871745894790564e-07,0.05595639656,0.054,0.0,0.0,0.010529275941646488,0.8694111144201573,0.0020269371951820835,0.0005422790350930563,4.10830341982386e-11,0.06462794057941569,0.0,0.01890154658566238,1.3371864852058911e-06,2.768897401725296e-08,1.8840075516360468e-05,2.9984000622938493e-06,3.4561621951173633e-08,2.4310605708266347e-08,8.824412382285869e-06,2.119676099419287e-05,0.00022803170453165671,3.5651728196903365e-07,2.779867389682507e-06,1.589764487531737e-28,2.2698301548230806e-15
4.885938937967567e-07,0.05595639656,0.054,0.0,0.0,0.010510337907291173,0.8693999936222631,0.002030156029553129,0.0005432145091887865,4.127578922512812e-11,0.06462584412151602,0.0,0.018920264645091316,1.3352890034074474e-06,2.756974803232713e-08,1.8795604842538412e-05,2.987541471428886e-06,3.4512601192602416e-08,2.4279995476421217e-08,8.811934680855192e-06,2.1187750533595985e-05,0.00022834549641879355,3.554082788786692e-07,2.776192661179246e-06,1.6047173251063054e-28,2.274327983020826e-15
4.90013198114457e-07,0.05595639656,0.054,0.0,0.0,0.01049147058858918,0.8693889128950623,0.0020333657279935015,0.0005441473460321497,4.146880603327545e-11,0.0646237535237601,0.0,0.01893891262525193,1.333397666677625e-06,2.7451332939549613e-08,1.875133831572488e-05,2.976748454420394e-06,3.446374009466925e-08,2.4249462524757146e-08,8.79949596494989e-06,2.1178696171514285e-05,0.00022865840578281161,3.5430435065414813e-07,2.7725258247497332e-06,1.6197606049564348e-28,2.278813398610068e-15
4.914325024321573e-07,0.05595639656,0.054,0.0,0.0,0.01047267358588013,0.8693778720166683,0.0020365663330742705,0.0005450775575310105,4.166208387889592e-11,0.06462166875933048,0.0,0.018957490922163426,1.331512445074582e-06,2.7333721252386376e-08,1.8707274577629658e-05,2.9660204652612894e-06,3.441503778459454e-08,2.4219006544648523e-08,8.787096063319806e-06,2.1169598547164133e-05,0.00022897043716826513,3.532054678950627e-07,2.7688668715226224e-06,1.6348945542645591e-28,2.2832864471695205e-15
4.928518067498576e-07,0.05595639656,0.054,0.0,0.0,0.010453946502539554,0.8693668707668488,0.002039757887104497,0.000546005155523002,4.185562202206079e-11,0.06461958980157143,0.0,0.018975999928839925,1.3296333100045105e-06,2.7216905720856942e-08,1.866341228096918e-05,2.9553569629860836e-06,3.436649084267475e-08,2.4188627331292882e-08,8.774734805582713e-06,2.116045829226339e-05,0.00022928159508770813,3.521116013831121e-07,2.7652157924000227e-06,1.6501193998192723e-28,2.2877471741133245e-15
4.942711110675579e-07,0.05595639656,0.054,0.0,0.0,0.010435288944946598,0.8693559089270114,0.0020429404321296992,0.000546930151776007,4.204941972667019e-11,0.06461751662398754,0.0,0.01899444003531471,1.32776023513898e-06,2.7100878746912865e-08,1.8619750089018593e-05,2.944757411516993e-06,3.431810134926167e-08,2.415832470992866e-08,8.762412022176927e-06,2.1151276031097256e-05,0.000229591884021908,3.5102272208636856e-07,2.7615725780621606e-06,1.6654353680168227e-28,2.2921956246895884e-15
4.956904153852581e-07,0.05595639656,0.054,0.0,0.0,0.010416700522458163,0.8693449862801866,0.002046114009937168,0.0005478525579886331,4.2243476260425955e-11,0.06461544920024259,0.0,0.019012811628672823,1.3258931920831674e-06,2.698563301853184e-08,1.857628667773843e-05,2.9342212816246176e-06,3.426986943274912e-08,2.412809840894104e-08,8.750127544364748e-06,2.114205238061046e-05,0.00022990130842011426,3.499388011744282e-07,2.7579372189546506e-06,1.6808426848631173e-28,2.296631843981042e-15
4.969677892711884e-07,0.05595639656,0.054,0.0,0.0,0.010400029732245061,0.869335189230042,0.0020489625973247483,0.0005486805187089201,4.2418347837524153e-11,0.06461359341676504,0.0,0.01902928780155406,1.3242179863675858e-06,2.6882574207926587e-08,1.853733848029504e-05,2.9247925575104995e-06,3.422659074065894e-08,2.4100959834300635e-08,8.739104126838258e-06,2.113371621139856e-05,0.00023017905485247928,3.4896748808969854e-07,2.7546721039121255e-06,1.6947875595989517e-28,2.3006140207235426e-15
4.982451631571187e-07,0.05595639656,0.054,0.0,0.0,0.010383414346792755,0.8693254235958812,0.0020518039850082313,0.0005495063993483033,4.25934279475822e-11,0.06461174225371585,0.0,0.01904570906807194,1.3225476238263e-06,2.6780137267007823e-08,1.8498549282160935e-05,2.9154144020712414e-06,3.418343737711806e-08,2.4073882768173716e-08,8.72811147902291e-06,2.1125347450362537e-05,0.00023045610778927756,3.4800014732680717e-07,2.7514133364362356e-06,1.7088067736986915e-28,2.304586359141646e-15
4.995225370430489e-07,0.05595639656,0.054,0.0,0.0,0.010366854087394727,0.869315689222847,0.00205463820291829,0.0005503302082930086,4.276871606454715e-11,0.06460989569222238,0.0,0.019062075704393038,1.320882085098805e-06,2.6678316812792117e-08,1.845991814093074e-05,2.9060864404702765e-06,3.4140412393495785e-08,2.4046867010647853e-08,8.717149479631946e-06,2.1116946532390074e-05,0.00023073247040974633,3.470367582582651e-07,2.748160909118661e-06,1.7229004911133308e-28,2.3085488917563205e-15
5.007999109289792e-07,0.05595639656,0.054,0.0,0.0,0.01035034867723215,0.8693059859571106,0.002057465280824995,0.0005511519538849754,4.29442116647942e-11,0.06460805371351382,0.0,0.01907838798482364,1.3192213487373629e-06,2.657710836064798e-08,1.842144412256688e-05,2.896808302395865e-06,3.4097508103340204e-08,2.401991246830475e-08,8.706218007924992e-06,2.110851388780424e-05,0.00023100814587314003,3.4607730037230315e-07,2.7449148144215564e-06,1.7370688755400954e-28,2.3125016509824846e-15
5.018070972064204e-07,0.05595639656,0.054,0.0,0.0,0.010337372952460946,0.8692983569403827,0.002059689365821118,0.0005517984360522638,4.3082732734638575e-11,0.06460660456556355,0.0,0.01909121177649526,1.3179152612748902e-06,2.6497735310839944e-08,1.8391218230752734e-05,2.889527546935425e-06,3.406376587326545e-08,2.3998702296322254e-08,8.69762018564355e-06,2.1101842808598885e-05,0.000231225028554208,3.453235436039177e-07,2.74235978735137e-06,1.7482931455046806e-28,2.3156114603909554e-15
5.028142834838615e-07,0.05595639656,0.054,0.0,0.0,0.010324431022721374,0.8692907470936942,0.0020619090446957096,0.0005524436446334637,4.3221382219097297e-11,0.06460515824603114,0.0,0.019104002077072524,1.3166121383054261e-06,2.6418736974784132e-08,1.8361088993903927e-05,2.8822773592560365e-06,3.403010099530941e-08,2.3977530014508623e-08,8.689041209114357e-06,2.109515247639819e-05,0.0002314414875097897,3.4457220824335546e-07,2.7398086887169937e-06,1.7595640178650222e-28,2.3187152295204006e-15
5.038214697613027e-07,0.05595639656,0.054,0.0,0.0,0.010311522754754455,0.8692831563429696,0.0020641243318262033,0.0005530875836602229,4.336015986464507e-11,0.0646037147458473,0.0,0.019116759018603133,1.3153119699028838e-06,2.6340110952594013e-08,1.8331055963274235e-05,2.875057562188355e-06,3.399651238342919e-08,2.3956395492218168e-08,8.680481019856852e-06,2.108844309624105e-05,0.0002316575242626791,3.4382328439226765e-07,2.737261514657047e-06,1.7708815725342078e-28,2.321812974117503e-15
5.048286560387439e-07,0.05595639656,0.054,0.0,0.0,0.010298648016006932,0.8692755846145183,0.0020663352415270903,0.0005537302571474448,4.3499065418674115e-11,0.06460227405598117,0.0,0.01912948273243467,1.3140147460849705e-06,2.6261854851705605e-08,1.8301118692869782e-05,2.8678679799031532e-06,3.3962999888087e-08,2.393529866548357e-08,8.671939559596717e-06,2.1081714871463346e-05,0.0002318731403281838,3.4307676219904785e-07,2.734718261261223e-06,1.7822458893284111e-28,2.3249047098867838e-15
5.058358423161851e-07,0.05595639656,0.054,0.0,0.0,0.010285806674627192,0.8692680318350331,0.002068541788050872,0.0005543716690933699,4.363809862948967e-11,0.06460083616744013,0.0,0.019142173349219686,1.3127204575204193e-06,2.618396629658747e-08,1.8271276739066106e-05,2.8607084375482772e-06,3.3929563273614277e-08,2.3914239464528484e-08,8.663416770266983e-06,2.1074968003717004e-05,0.00023208833721419242,3.423326318584781e-07,2.732178924571611e-06,1.7936570479670416e-28,2.3279904524908556e-15
5.068430285936263e-07,0.05595639656,0.054,0.0,0.0,0.010272998599460507,0.8692604979315877,0.0020707439855883426,0.0005550118234796551,4.3777259246305504e-11,0.06459940107126966,0.0,0.019154830998920427,1.3114290948497053e-06,2.6106442930682954e-08,1.824152966093792e-05,2.8535787615965585e-06,3.389620221469729e-08,2.3893217801763338e-08,8.654912594006361e-06,2.106820269298265e-05,0.0002323031164211805,3.415908836105951e-07,2.72964350058492e-06,1.8051151280729643e-28,2.3310702175504652e-15
5.078502148710675e-07,0.05595639656,0.054,0.0,0.0,0.01026022366004427,0.8692529828316334,0.002072941848268755,0.0005556507242714557,4.391654701923938e-11,0.06459796875855293,0.0,0.01916745581081333,1.3101406484225945e-06,2.60292824090044e-08,1.8211877020376466e-05,2.846478779970425e-06,3.386291653343819e-08,2.387223360079828e-08,8.646426973158017e-06,2.106141913758196e-05,0.0002325174794422435,3.4085150774093836e-07,2.727111985252849e-06,1.8166202091727118e-28,2.3341440206444684e-15
5.088574011485087e-07,0.05595639656,0.054,0.0,0.0,0.01024748172660351,0.8692454864629977,0.0020751353901602753,0.0005562883754175045,4.4055961699308664e-11,0.06459653922041105,0.0,0.019180047913493693,1.3088551087389633e-06,2.5952482414128584e-08,1.818231838183985e-05,2.8394083218026466e-06,3.382970596643564e-08,2.3851286784146288e-08,8.637959850269539e-06,2.1054617534193918e-05,0.00023273142776315822,3.401144945802183e-07,2.7245843744827008e-06,1.8281723706967039e-28,2.337211877309886e-15
5.098645874259498e-07,0.05595639656,0.054,0.0,0.0,0.010234772670046306,0.8692380087538809,0.00207732462527027,0.0005569247808501905,4.4195503038425856e-11,0.06459511244800237,0.0,0.0191926074348801,1.3075724664972624e-06,2.587604064424226e-08,1.8152853312310736e-05,2.832367217399243e-06,3.3796570256261126e-08,2.3830377271535635e-08,8.629511168092768e-06,2.104779807786984e-05,0.00023294496286243167,3.393798345040672e-07,2.7220606641381043e-06,1.8397716919794623e-28,2.3402738030419058e-15
5.10871773703391e-07,0.05595639656,0.054,0.0,0.0,0.010222096361959242,0.8692305496328542,0.0020795095675455923,0.0005575599444856394,4.433517078939411e-11,0.0645936884325227,0.0,0.019205134502218942,1.306292712322917e-06,2.579995481517342e-08,1.8123481381418213e-05,2.8253552983604285e-06,3.3763509180969757e-08,2.380950498485116e-08,8.62108086958314e-06,2.104096096204729e-05,0.00023315808621134302,3.3864751793289305e-07,2.719540850039862e-06,1.8514182522598194e-28,2.3433298132939015e-15
5.118789599808322e-07,0.05595639656,0.054,0.0,0.0,0.01020945267460294,0.869223109028857,0.0020816902308729273,0.0005581938702237921,4.447496470590302e-11,0.06459226716520479,0.0,0.01921762924208885,1.3050158368099681e-06,2.5724222663221478e-08,1.8094202161395652e-05,2.8183723975489626e-06,3.3730522487696404e-08,2.3788669845580553e-08,8.612668897899065e-06,2.103410637856409e-05,0.00023337079927398724,3.379175353316756e-07,2.717024927966838e-06,1.8631121306811428e-28,2.346379923477464e-15
5.128861462582734e-07,0.05595639656,0.054,0.0,0.0,0.010196841480907595,0.8692156868711949,0.0020838666290790915,0.0005588265619484821,4.46148845425241e-11,0.06459084863731852,0.0,0.019230091780405124,1.303741830673361e-06,2.5648841942230883e-08,1.80650152269829e-05,2.8114183490096823e-06,3.3697609935423766e-08,2.376787177464938e-08,8.604275196401282e-06,2.1027234517672118e-05,0.00023358310350731748,3.3718987720976395e-07,2.7145128936566975e-06,1.8748534062915414e-28,2.349424148962428e-15
5.149005188131559e-07,0.05595639656,0.054,0.0,0.0,0.010171716069541998,0.8692008976139137,0.0020882066851376645,0.0005600882588127399,4.489510099877304e-11,0.06458801976510332,0.0,0.019254920752747446,1.3012023895107033e-06,2.5499125897711788e-08,1.800691652662405e-05,2.797596150997069e-06,3.363200631030324e-08,2.3726386523707386e-08,8.587542378416586e-06,2.1013439716823523e-05,0.00023400649127840127,3.357414966618688e-07,2.7095004710737878e-06,1.8984784647970105e-28,2.3554950071072426e-15
5.167134541125501e-07,0.05595639656,0.054,0.0,0.0,0.010149213066422701,0.8691876496670287,0.002092098286371712,0.0005612196043001178,4.514772401194839e-11,0.06458548306213358,0.0,0.019277157948297007,1.2989266132846918e-06,2.5365561185907823e-08,1.79549390984854e-05,2.7852532073544117e-06,3.357321422492138e-08,2.3689175783655604e-08,8.572544762187144e-06,2.100096718394607e-05,0.0002343861565475795,3.3444580957901216e-07,2.7050025433196566e-06,1.919903906906469e-28,2.36093880710454e-15
5.185263894119443e-07,0.05595639656,0.054,0.0,0.0,0.010126813396714928,0.8691744604033066,0.002095976280944027,0.0005623470112572848,4.540075122924136e-11,0.06458295510081788,0.0,0.01929929273918848,1.296659990835466e-06,2.5233100995884886e-08,1.7903254176877223e-05,2.7730012189625385e-06,3.35146586605648e-08,2.3652083922622415e-08,8.557605469700641e-06,2.0988441560030127e-05,0.0002347645195464703,3.3315750821700954e-07,2.7005171438210246e-06,1.9414841409336125e-28,2.3663637778044823e-15
5.203393247113385e-07,0.05595639656,0.054,0.0,0.0,0.010104516342983955,0.869161329423381,0.0020998407473682775,0.0005634705017625449,4.5654181250640736e-11,0.06458043583155262,0.0,0.019321325836343564,1.2944024690775664e-06,2.5101732865205718e-08,1.785185937164277e-05,2.7608392608209274e-06,3.345633826767093e-08,2.3615110483545495e-08,8.542724177883606e-06,2.0975863899079336e-05,0.00023514158851948788,3.318765388042071e-07,2.696044246323907e-06,1.9632196244708286e-28,2.3717700073380495e-15
5.221522600107327e-07,0.05595639656,0.054,0.0,0.0,0.010082321194480735,0.8691482563315437,0.002103691763553951,0.0005645900977312353,4.5908012685056096e-11,0.06457792520510733,0.0,0.019343257944060534,1.2921539955817172e-06,2.497144451357805e-08,1.78007523178175e-05,2.7487664197732908e-06,3.339825167024783e-08,2.357825500930019e-08,8.527900565743008e-06,2.0963235239520567e-05,0.00023551737163947763,3.306028480188134e-07,2.6915838241982345e-06,1.985110814127548e-28,2.377157583400471e-15
5.257781306095211e-07,0.05595639656,0.054,0.0,0.0,0.01003823380312309,0.8691222822473349,0.0021113537538597965,0.0005668176929138702,4.6416874272712774e-11,0.0645729296856004,0.0,0.01938682197571826,1.2876839846235908e-06,2.4714058892070084e-08,1.7699392129763947e-05,2.7248844955869046e-06,3.328277446313902e-08,2.3504896125136615e-08,8.49842510685729e-06,2.0937829001850022e-05,0.00023626511265846867,3.2807709127008333e-07,2.682700297734737e-06,2.0293621333464044e-28,2.387877123717932e-15
5.2876780461158e-07,0.05595639656,0.054,0.0,0.0,0.010002182564114174,0.8691010363897719,0.002117631564752262,0.0005686429028049483,4.6837646679809974e-11,0.06456883626575737,0.0,0.01942244438445713,1.2840250579476305e-06,2.4504979572871662e-08,1.761666234532138e-05,2.7054533221310255e-06,3.31882507593241e-08,2.3444759790645185e-08,8.474292221594072e-06,2.091673585034468e-05,0.00023687785554415424,3.2601594993648934e-07,2.675412776949768e-06,2.0663215337611397e-28,2.3966604379050656e-15
5.31757478613639e-07,0.05595639656,0.054,0.0,0.0,0.009966399701610154,0.8690799430823977,0.002123873761874444,0.0005704577929567412,4.725949344274055e-11,0.06456476574051924,0.0,0.019457800827777177,1.2803900858593312e-06,2.429868758466389e-08,1.753468607956322e-05,2.6862533729064454e-06,3.3094346000851086e-08,2.3384938493623634e-08,8.450312209948213e-06,2.0895516595921008e-05,0.00023748720240864452,3.2397394434780107e-07,2.668158833205272e-06,2.10371010886351e-28,2.405394117742728e-15
5.34747152615698e-07,0.05595639656,0.054,0.0,0.0,0.00993088220006204,0.8690590006447095,0.0021300806789528058,0.0005722624574167581,4.768240855477761e-11,0.06456071789879311,0.0,0.019492894293897747,1.2767788415870853e-06,2.4095132343513574e-08,1.7453453376045342e-05,2.667280857149366e-06,3.3001054332176e-08,2.3325430192991772e-08,8.426483687090926e-06,2.0874175500419817e-05,0.00023809318805839303,3.219508470792645e-07,2.660938338137584e-06,2.141529880409203e-28,2.4140785449161376e-15
5.377368266177569e-07,0.05595639656,0.054,0.0,0.0,0.009895627089322834,0.8690382074210783,0.002136252645537746,0.000574056989101494,4.810638607111154e-11,0.06455669253207105,0.0,0.01952772772605853,1.273191101604272e-06,2.389426442578996e-08,1.7372954448558225e-05,2.6485320627934058e-06,3.2908370013020105e-08,2.3266232859363963e-08,8.402805282985987e-06,2.0852716722870302e-05,0.00023869584681079082,3.1994643383519993e-07,2.653751161230348e-06,2.1797828630975378e-28,2.4227140979360676e-15
5.407265006198159e-07,0.05595639656,0.054,0.0,0.0,0.009860631443786785,0.8690175617802842,0.002142389987066909,0.0005758414798125619,4.8531420107974404e-11,0.0645526894343921,0.0,0.019562304023372237,1.2696266456369307e-06,2.3696035549101884e-08,1.729317967757465e-05,2.630003354527698e-06,3.281628730452842e-08,2.3207344477008266e-08,8.379275642251507e-06,2.0831144322101407e-05,0.00023929521250272125,3.1796048340498263e-07,2.646597169941288e-06,2.2184710646193325e-28,2.4313011521511137e-15
5.437161746218749e-07,0.05595639656,0.054,0.0,0.0,0.00982589238155272,0.868997062115068,0.0021484930249271337,0.000577616020252534,4.8957504841783057e-11,0.06454870840230524,0.0,0.01959662604165348,1.2660852545333442e-06,2.3500398525492322e-08,1.7214119607865307e-05,2.6116911728097746e-06,3.272480049632991e-08,2.3148763018904573e-08,8.355893424016013e-06,2.080946225922394e-05,0.0002398913184990229,3.159927776200247e-07,2.639476229824314e-06,2.2575964857033885e-28,2.439840079763759e-15
5.467058486239338e-07,0.05595639656,0.054,0.0,0.0,0.009791407063602986,0.8689767068416859,0.002154562076515522,0.0005793807000405852,4.9384634508294694e-11,0.0645447492348326,0.0,0.019630696594232028,1.2625667114577369e-06,2.3307307221231424e-08,1.7135764944415256e-05,2.5935920312464726e-06,3.263390409259699e-08,2.309048646622614e-08,8.332657301782203e-06,2.0787674400083554e-05,0.00024048419770086114,3.140431013107859e-07,2.6323882046462505e-06,2.2971611201631282e-28,2.448331249845732e-15
5.496955226259928e-07,0.05595639656,0.054,0.0,0.0,0.009757172693003458,0.8689564943994806,0.0021605974552994867,0.000581135607727862,4.981280340177948e-11,0.0645408117334335,0.0,0.01966451845274516,1.2590708043103187e-06,2.311671656124611e-08,1.705810654791215e-05,2.5757025138041937e-06,3.254359261363676e-08,2.3032512835736133e-08,8.309565963293601e-06,2.0765784517706998e-05,0.00024107388255357817,3.1211124226396274e-07,2.6253329564994655e-06,2.33716695494469e-28,2.4567750283484907e-15
5.526851966280517e-07,0.05595639656,0.054,0.0,0.0,0.00972318651411969,0.8689364232504566,0.002166599470875822,0.000582880830812645,5.0242005874206056e-11,0.06453689570196876,0.0,0.0196980943479145,1.2555973223106111e-06,2.292858249016601e-08,1.698113543332234e-05,2.558019274779278e-06,3.245386040552113e-08,2.2974840124824606e-08,8.286618110380879e-06,2.0743796294561327e-05,0.00024166040505455564,3.101969911806249e-07,2.6183103459092714e-06,2.3776159701724117e-28,2.465171778122455e-15
5.556748706301107e-07,0.05595639656,0.054,0.0,0.0,0.00968944581185284,0.8689164918788688,0.002172568429028404,0.0005846164557552601,5.067223633444233e-11,0.06453300094666621,0.0,0.019731426970302734,1.252146054251733e-06,2.274286189833001e-08,1.6904842767467564e-05,2.540539037412348e-06,3.236470215099635e-08,2.2917466313529453e-08,8.263812458823514e-06,2.072171332475368e-05,0.00024224379676132318,3.083001416351126e-07,2.6113202319375576e-06,2.418510139193293e-28,2.4735218589378348e-15
5.586645446321697e-07,0.05595639656,0.054,0.0,0.0,0.009655947910890474,0.8688966987908169,0.002178504631785342,0.0005863425679927786,5.1103489247469286e-11,0.06452912727608609,0.0,0.0197645189710554,1.2487167948849721e-06,2.2559512646905255e-08,1.6829219862677788e-05,2.523258589322061e-06,3.2276112832068787e-08,2.2860389457078704e-08,8.241147738224587e-06,2.069953911636826e-05,0.00024282408879891374,3.064204900329326e-07,2.6043624722817984e-06,2.459851428625677e-28,2.48182562749202e-15
5.616542186342286e-07,0.05595639656,0.054,0.0,0.0,0.009622690174974724,0.8688770425138514,0.00218440837747547,0.0005880592519534798,5.153575913360894e-11,0.06452527450108672,0.0,0.01979737296262631,1.2453093437531212e-06,2.237849357997795e-08,1.6754258174666283e-05,2.506174782222073e-06,3.218808678849965e-08,2.2803607604603718e-08,8.218622691853199e-06,2.067727709357065e-05,0.00024340131186675057,3.0455783557007303e-07,2.597436923370124e-06,2.501641798405016e-28,2.49008343742733e-15
5.646438926362876e-07,0.05595639656,0.054,0.0,0.0,0.009589670006187587,0.8688575215965877,0.0021902799607829817,0.0005897665910711029,5.196904056776502e-11,0.06452144243479212,0.0,0.01982999151948588,1.2419234954303892e-06,2.219976439157838e-08,1.6679949304324803e-05,2.4892845340599975e-06,3.2100618490816737e-08,2.274711871281091e-08,8.196236076495034e-06,2.0654930598467713e-05,0.00024397549624673707,3.0271198019421166e-07,2.590543440452667e-06,2.5438832018240015e-28,2.4982956393645848e-15
5.676335666383466e-07,0.05595639656,0.054,0.0,0.0,0.009556884844249896,0.8688381346083243,0.002196119672801253,0.0005914646677988941,5.240332817867597e-11,0.06451763089255898,0.0,0.019862377178813877,1.2385590489589188e-06,2.2023285616345913e-08,1.660628498980054e-05,2.4725848224468226e-06,3.201370384824124e-08,2.2690920886434996e-08,8.173986662338362e-06,2.0632502893382846e-05,0.000244546671810622,3.0088272856326667e-07,2.583681877688612e-06,2.5865775855822543e-28,2.5064625809044176e-15
5.703242732401996e-07,0.05595639656,0.054,0.0,0.0,0.009527577043082679,0.8688207996620856,0.002201348401403664,0.0005929850848789834,5.279504291307771e-11,0.06451421790178773,0.0,0.01989132721228514,1.2355491865428628e-06,2.186634699218146e-08,1.6540531480456332e-05,2.4577155390865286e-06,3.1935949222602134e-08,2.2640590101486315e-08,8.154078490876163e-06,2.061225115788497e-05,0.0002450581816434029,2.992504390002734e-07,2.577533641584254e-06,2.62539143282531e-28,2.5137744155218885e-15
5.730149798420527e-07,0.05595639656,0.054,0.0,0.0,0.009498455738757629,0.8688035710413315,0.002206551754441492,0.0005944981241827592,5.3187564501636925e-11,0.06451082125620153,0.0,0.019920092422670527,1.2325563606943757e-06,2.1711172494306538e-08,1.6475287643523384e-05,2.442996069907572e-06,3.185863435523098e-08,2.2590492057373807e-08,8.134279589003047e-06,2.0591938491437443e-05,0.0002455672994151203,2.976313037415722e-07,2.5714110341766268e-06,2.6645751756122408e-28,2.52105011753589e-15
5.757056864439058e-07,0.05595639656,0.054,0.0,0.0,0.009469519140347,0.8687864477446061,0.002211729936872171,0.0005960038438359274,5.3580889137668574e-11,0.06450744082570684,0.0,0.019948674584758547,1.2295804288195914e-06,2.1557735088292724e-08,1.6410547733774925e-05,2.4284243343714793e-06,3.178175642482951e-08,2.2540625382765864e-08,8.114589087437194e-06,2.0571567114010155e-05,0.0002460740460760273,2.9602518585948564e-07,2.56531394720734e-06,2.7041302195639115e-28,2.5282899341572208e-15
5.783963930457588e-07,0.05595639656,0.054,0.0,0.0,0.00944076547996448,0.8687694287831297,0.0022168831514278444,0.0005975023013545887,5.397501304802404e-11,0.06450407648159642,0.0,0.019977075450510758,1.2266212532576388e-06,2.1406008316806855e-08,1.6346306088261046e-05,2.413998286675651e-06,3.170531188290107e-08,2.2490988705567882e-08,8.095006125351355e-06,2.0551139198000067e-05,0.00024657844232400274,2.9443195010833255e-07,2.559242271901027e-06,2.7440579660861573e-28,2.535494110661945e-15
5.810870996476119e-07,0.05595639656,0.054,0.0,0.0,0.009412193012390397,0.8687525131805967,0.0022220115986454196,0.0005989935536529644,5.4369932492683366e-11,0.06450072809653119,0.0,0.020005296749434066,1.223678698472138e-06,2.125596632178716e-08,1.6282557126433557e-05,2.3997159171687363e-06,3.16292953081612e-08,2.244158053754461e-08,8.075529850258825e-06,2.0530656869054038e-05,0.0002470805086079108,2.9285146290325946e-07,2.553195899009747e-06,2.7843598123921336e-28,2.542662890416198e-15
5.83777806249465e-07,0.05595639656,0.054,0.0,0.0,0.009383800014707771,0.8687356999729787,0.0022271154768927844,0.0006004776570509544,5.4765643764357525e-11,0.06449739554452315,0.0,0.02003334018893708,1.2207526239445256e-06,2.1107583580993162e-08,1.6219295352194977e-05,2.385575254326708e-06,3.1553704119825626e-08,2.239239950478789e-08,8.056159417926656e-06,2.0510122207104616e-05,0.0002475802651316748,2.912835922978764e-07,2.5471747188528287e-06,2.8250371515293294e-28,2.5497965148801255e-15
5.86468512851318e-07,0.05595639656,0.054,0.0,0.0,0.009355584785943833,0.8687189882083309,0.0022321949823983895,0.0006019546672816344,5.516214318809305e-11,0.06449407870091743,0.0,0.02006120745468473,1.2178428945896965e-06,2.0960834954280737e-08,1.6156515347168293e-05,2.37157435881972e-06,3.1478538117988684e-08,2.2343444403932482e-08,8.036893992323294e-06,2.048953724777845e-05,0.0002480777318580076,2.8972820796034043e-07,2.541178621350633e-06,2.8660913724112725e-28,2.556895223597686e-15
5.888901487929857e-07,0.05595639656,0.054,0.0,0.0,0.009330341684038887,0.8687040335766922,0.0022367458591442757,0.0006032779574275052,5.5519663527870606e-11,0.0644911068703898,0.0,0.020086138741255092,1.2152380068583756e-06,2.0830138312223454e-08,1.6100420838193234e-05,2.3590914766895483e-06,3.1411245850014614e-08,2.2299576709574573e-08,8.019644205602415e-06,2.0470969427205827e-05,0.00024852351044238764,2.883389313832417e-07,2.5358034879975274e-06,2.9033635497127726e-28,2.5632544049662277e-15
5.913117847346534e-07,0.05595639656,0.054,0.0,0.0,0.009305240004859484,0.868689159675085,0.0022412772913050346,0.0006045955866000413,5.587781668570604e-11,0.06448814757473326,0.0,0.020110929874074226,1.2126461559211181e-06,2.0700728149043468e-08,1.604470839557977e-05,2.3467188958586555e-06,3.1344288621418984e-08,2.225588973590429e-08,8.002478205618081e-06,2.045236390192388e-05,0.0002489674644880323,2.869595716303308e-07,2.5304485014115945e-06,2.940943129643323e-28,2.569585669105995e-15
5.934912570821543e-07,0.05595639656,0.054,0.0,0.0,0.009282768421425603,0.8686758416342286,0.002245339069806845,0.0006057766453272666,5.6200693426814685e-11,0.06448549485306677,0.0,0.02013312304186742,1.210324555389225e-06,2.0585344443616065e-08,1.599489073177632e-05,2.3356767696883725e-06,3.128431564573533e-08,2.2216725294576636e-08,7.987099953254949e-06,2.043558784526452e-05,0.00024936547477681057,2.857265508951416e-07,2.5256461720935245e-06,2.9750284107047946e-28,2.5752600787382733e-15
5.956707294296552e-07,0.05595639656,0.054,0.0,0.0,0.009260409559293085,0.8686625879592474,0.002249385310776449,0.0006069531791135256,5.6524078742334446e-11,0.06448285214951767,0.0,0.02015520449977222,1.2080133693855658e-06,2.0470976410959234e-08,1.594537674178644e-05,2.324721931145661e-06,3.122461139656995e-08,2.2177705770206953e-08,7.971788659400629e-06,2.0418783376462962e-05,0.00024976202873460747,2.8450142228960063e-07,2.5208600370049463e-06,3.0093642312721397e-28,2.580912137366112e-15
5.978502017771561e-07,0.05595639656,0.054,0.0,0.0,0.009238162564894254,0.8686493981720054,0.0022534161135514762,0.0006081252162174258,5.6847970754321756e-11,0.06448021940092726,0.0,0.02017717509369278,1.2057125297519787e-06,2.0357612075483326e-08,1.589616372828002e-05,2.3138534278401247e-06,3.1165170798063024e-08,2.213883036748935e-08,7.956543898862023e-06,2.040195147627574e-05,0.0002501571364146283,2.8328412029088895e-07,2.516090036936275e-06,3.0439513196985786e-28,2.586541967844559e-15
5.998117268899069e-07,0.05595639656,0.054,0.0,0.0,0.009218235218352367,0.868637581596177,0.0022570307177998093,0.0006091762281131,5.713990524898336e-11,0.0644778583869163,0.0,0.020196854531731118,1.2036505608538802e-06,2.0256431966065923e-08,1.585212714866071e-05,2.304144816620427e-06,3.111190514443249e-08,2.2103965275763735e-08,7.942880151628938e-06,2.0386780109378802e-05,0.0002505115049907858,2.8219518660645244e-07,2.511810783308492e-06,3.075295133902469e-28,2.591589911089003e-15
6.017732520026577e-07,0.05595639656,0.054,0.0,0.0,0.009198397190180995,0.8686258160441266,0.0022606329680926024,0.000610223640664141,5.7432247306489876e-11,0.0644755053404048,0.0,0.020216445452812145,1.201596866943838e-06,2.015604645363875e-08,1.5808330278645736e-05,2.2945047008411494e-06,3.1058851962883585e-08,2.2069215900815883e-08,7.929269649419895e-06,2.0371587995131526e-05,0.0002508647173422562,2.811124930641466e-07,2.507544507733278e-06,3.106843592193947e-28,2.5966200368412274e-15
6.035386246041335e-07,0.05595639656,0.054,0.0,0.0,0.00918061883233101,0.8686152703925712,0.0022638644891297137,0.0006111632511484885,5.7695702515013466e-11,0.06447339437360564,0.0,0.020234002095003915,1.1997555784486108e-06,2.0066371742282267e-08,1.576911647403056e-05,2.2858866079500586e-06,3.101128560830976e-08,2.2038039933174445e-08,7.917065471388482e-06,2.0357897915764838e-05,0.0002511816257823603,2.8014336581046113e-07,2.50371592014207e-06,3.135412611275765e-28,2.6011319887422115e-15
6.051274599454617e-07,0.05595639656,0.054,0.0,0.0,0.009164679387887991,0.8686058142056419,0.002266764393531643,0.0006120064338259629,5.793309272671571e-11,0.06447149996336332,0.0,0.020249742543374576,1.1981040865969088e-06,1.9986203767362983e-08,1.5733987608006324e-05,2.2781769014054993e-06,3.096862272806347e-08,2.201006105517614e-08,7.906118194664268e-06,2.0345563350867744e-05,0.00025146605183805793,2.7927541298174113e-07,2.50027912312789e-06,3.161267137128387e-28,2.605180519538681e-15
6.067162952867899e-07,0.05595639656,0.054,0.0,0.0,0.009148797478685473,0.8685963908976337,0.002269656317308468,0.000612847290512893,5.817074796649029e-11,0.06446961070120183,0.0,0.02026542597274243,1.1964579373872617e-06,1.99065421748206e-08,1.569901266279812e-05,2.270510960978642e-06,3.0926097340474677e-08,2.1982157196899934e-08,7.895205316325458e-06,2.033321636717188e-05,0.0002517497318845654,2.7841147236442e-07,2.4968507639206024e-06,3.1872568660380368e-28,2.6092175158513985e-15
6.083051306281181e-07,0.05595639656,0.054,0.0,0.0,0.009132972791038928,0.8685870002926879,0.002272540297255254,0.0006136858316915796,5.84086675325602e-11,0.0644677265637082,0.0,0.02028105269397862,1.1948171066883693e-06,1.9827382508148286e-08,1.5664190653822714e-05,2.2628884427023425e-06,3.0883709310053377e-08,2.1954328013552876e-08,7.8843266782609e-06,2.0320857311581333e-05,0.00025203266962849427,2.775515198489617e-07,2.493430819446017e-06,3.213382076745464e-28,2.6132430237028367e-15
6.098939659694463e-07,0.05595639656,0.054,0.0,0.0,0.009117205013556404,0.8685776422162098,0.0022754163699370954,0.0006145220677810325,5.864685072665815e-11,0.06446584752761289,0.0,0.020296623015681924,1.1931815689449969e-06,1.974872041339522e-08,1.562952060552702e-05,2.255309006888572e-06,3.084145925612197e-08,2.192657330749301e-08,7.873482123263354e-06,2.030848652660091e-05,0.0002523148687509007,2.7669553149878443e-07,2.4900192666200723e-06,3.239643047516652e-28,2.6172570888990353e-15
6.114828013107744e-07,0.05595639656,0.054,0.0,0.0,0.00910149383711937,0.8685683164948602,0.0022782845716929965,0.0006153560091374349,5.888529685400222e-11,0.0644639735697887,0.0,0.02031213724420179,1.1915512975875815e-06,1.9670551849709228e-08,1.5595001551098004e-05,2.247772317841694e-06,3.079934444786362e-08,2.1898892887166965e-08,7.86267149502909e-06,2.029610435035109e-05,0.00025259633290758594,2.7584348354930155e-07,2.4866160823499755e-06,3.2660400561430003e-28,2.621259757036982e-15
6.130716366521026e-07,0.05595639656,0.054,0.0,0.0,0.009085838954861054,0.8685590229565419,0.002281144938635993,0.000616187666054606,5.912400522327192e-11,0.06446210466724979,0.0,0.020327595683656014,1.18992626880975e-06,1.959287251744315e-08,1.5560632530363973e-05,2.2402780418665908e-06,3.075736344848259e-08,2.1871286297460964e-08,7.85189463813904e-06,2.0283711116676194e-05,0.0002528770657294178,2.7499535240609924e-07,2.4832212435360133e-06,3.2925733799455904e-28,2.625251073495129e-15
6.146604719934308e-07,0.05595639656,0.054,0.0,0.0,0.009070240062143008,0.86854976143039,0.002283997506652327,0.0006170170487644562,5.936297514658437e-11,0.0644602407971505,0.0,0.02034299863594945,1.188306459132e-06,1.9515677915009525e-08,1.5526412591005808e-05,2.2328258485214464e-06,3.07155200449451e-08,2.184375327545741e-08,7.841151398057492e-06,2.027130715523216e-05,0.00025315707082238545,2.741511146431426e-07,2.4798347270737747e-06,3.3192432957774393e-28,2.629231083431328e-15
6.16249307334759e-07,0.05595639656,0.054,0.0,0.0,0.009054696856539634,0.8685405317467602,0.002286842311409134,0.0006178441674374419,5.960220593947058e-11,0.06445838193678435,0.0,0.02035834640080165,1.1866918416694615e-06,1.94389644286218e-08,1.549234079048086e-05,2.2254154124161324e-06,3.0673809775520314e-08,2.1816293857272155e-08,7.830441621151382e-06,2.0258892791412032e-05,0.00025343635176786045,2.7331074700271295e-07,2.4764565098547863e-06,3.3460500800195838e-28,2.6331998318071213e-15
6.176792591419544e-07,0.05595639656,0.054,0.0,0.0,0.009040755335790388,0.8685322521176129,0.002289396027403796,0.0006185866468483236,5.981773613357281e-11,0.06445671322712108,0.0,0.02037211244987344,1.1852431050659511e-06,1.9370330086463542e-08,1.5461802054988343e-05,2.218781455037927e-06,3.063638370626872e-08,2.179164283335546e-08,7.820831306662357e-06,2.0247711235584124e-05,0.00025368708841313467,2.725577059923722e-07,2.473423191110607e-06,3.3702934363837775e-28,2.636762113692221e-15
6.189662157684303e-07,0.05595639656,0.054,0.0,0.0,0.009028246145590854,0.8685248222864412,0.002291689041136798,0.0006192533234186208,6.001189309329081e-11,0.0644552148287625,0.0,0.02038446405813898,1.18394280772294e-06,1.9308886768714386e-08,1.5434418577969e-05,2.2128393946739894e-06,3.060279402708782e-08,2.1769507308739523e-08,7.812205001166872e-06,2.023764104506844e-05,0.00025391225447899204,2.718826195212954e-07,2.4706989219537914e-06,3.39220760240703e-28,2.6399604260173157e-15
6.202531723949061e-07,0.05595639656,0.054,0.0,0.0,0.00901577296113088,0.8685174130494626,0.0022939770240896725,0.0006199185324384668,6.020622000360611e-11,0.06445371967736818,0.0,0.020396779983750047,1.1826458743565067e-06,1.924775193013644e-08,1.5407130641853194e-05,2.2069241607824644e-06,3.056929040852261e-08,2.1747419609313026e-08,7.803600380538062e-06,2.0227564594729927e-05,0.0002541369517200336,2.712100314270488e-07,2.46798005684222e-06,3.41421205768575e-28,2.643151428868517e-15
6.21540129021382e-07,0.05595639656,0.054,0.0,0.0,0.009003335625847847,0.8685100243188173,0.0022962599947972356,0.0006205822791967619,6.040071650722033e-11,0.06445222776113389,0.0,0.020409060381868478,1.1813522914321616e-06,1.918692333431333e-08,1.5379937760251755e-05,2.201035586308923e-06,3.053587228768658e-08,2.1725379400437935e-08,7.795017364786073e-06,2.0217482049707656e-05,0.00025436118199322305,2.7053992966553633e-07,2.4652665834965006e-06,3.4363069482099553e-28,2.6463351457300647e-15
6.228270856478578e-07,0.05595639656,0.054,0.0,0.0,0.008990933984090912,0.8685026560071513,0.00229853797170005,0.0006212445689568152,6.059538224825969e-11,0.06445073906831335,0.0,0.02042130540674913,1.1800620468435615e-06,1.9126398446761827e-08,1.5352839449239238e-05,2.1951735047717162e-06,3.050254316494296e-08,2.1703386285019463e-08,7.786455874286243e-06,2.0207393573472445e-05,0.00025458494714539047,2.698723022619879e-07,2.4625584896395328e-06,3.4584924197727603e-28,2.649511599990721e-15
6.241140422743336e-07,0.05595639656,0.054,0.0,0.0,0.008978567881116714,0.8684953080276111,0.00230081097314939,0.0006219054069564947,6.079021687226742e-11,0.0644492535872177,0.0,0.020433515211753895,1.1787751282156688e-06,1.9066176110814164e-08,1.5325835228363315e-05,2.189337751246153e-06,3.046929789929119e-08,2.1681440939102532e-08,7.777915829819982e-06,2.019729932774109e-05,0.00025480824901327135,2.692071373113927e-07,2.4598557629959136e-06,3.48076861796414e-28,2.652680814971336e-15
6.252723032381619e-07,0.05595639656,0.054,0.0,0.0,0.008967468646929428,0.8684887121586086,0.002302852435534084,0.0006224989242098017,6.096571213698945e-11,0.0644479193906416,0.0,0.02044447404929614,1.1776197341923379e-06,1.901223246665678e-08,1.5301611482539362e-05,2.1841079486972292e-06,3.0439449837103795e-08,2.1661730257060122e-08,7.770248060937268e-06,2.018820970603187e-05,0.0002550088260962287,2.686105844686291e-07,2.4574278878411812e-06,3.500894887780252e-28,2.6555269380531526e-15
6.263147381056074e-07,0.05595639656,0.054,0.0,0.0,0.008957503749796047,0.8684827898459533,0.002304686329526119,0.0006230320910579952,6.112377437868615e-11,0.06444672082297062,0.0,0.02045431280852862,1.1765821661970406e-06,1.8963889640447244e-08,1.527987465748179e-05,2.1794191491196647e-06,3.041264643091404e-08,2.164402315927386e-08,7.763361819422842e-06,2.0180025257274777e-05,0.00025518902698353944,2.6807537698993345e-07,2.4552465013744057e-06,3.5190715515338888e-28,2.658083465276902e-15
6.273571729730528e-07,0.05595639656,0.054,0.0,0.0,0.008947561897457858,0.8684768807204016,0.0023065169914513912,0.0006235643146366308,6.128194679887027e-11,0.06444552434191639,0.0,0.020464128729765236,1.1755467578701693e-06,1.8915741446012073e-08,1.5258198721380268e-05,2.1747473346794776e-06,3.0385898693752024e-08,2.1626346931248737e-08,7.756489508935673e-06,2.0171837305342825e-05,0.00025536892714295585,2.6754176418298693e-07,2.4530686145217504e-06,3.5373079992542518e-28,2.6606352839541695e-15
6.283996078404982e-07,0.05595639656,0.054,0.0,0.0,0.008937643009390692,0.8684709847367423,0.002308344430888167,0.0006240955976811078,6.144022921185685e-11,0.0644443299413761,0.0,0.02047392189281069,1.1745135025010744e-06,1.886778660631203e-08,1.5236583425043875e-05,2.170092420311987e-06,3.0359206435600676e-08,2.1608701213552745e-08,7.749631088049867e-06,2.0163645933047904e-05,0.000255548527531446,2.670097398517079e-07,2.450894220766792e-06,3.5556043079394133e-28,2.6631824062980316e-15
6.294420427079437e-07,0.05595639656,0.054,0.0,0.0,0.008927747005446516,0.8684651018499729,0.0023101686573752576,0.0006246259429161635,6.15986214325559e-11,0.06444313761527105,0.0,0.020483692377095474,1.173482393297316e-06,1.8820024143237735e-08,1.5215028520692861e-05,2.1654543215754717e-06,3.033257023139623e-08,2.159108610725498e-08,7.742786515506655e-06,2.0155451222503297e-05,0.00025572782910174584,2.664792978288753e-07,2.4487233135951225e-06,3.5739605545022166e-28,2.665724844487727e-15
6.304844775753891e-07,0.05595639656,0.054,0.0,0.0,0.008917873805853134,0.8684592320152985,0.0023119896804139574,0.0006251553530559217,6.175712327646975e-11,0.06444194735754656,0.0,0.020493440261679187,1.1724534238152725e-06,1.8772453233440473e-08,1.5193533761725188e-05,2.1608329544127787e-06,3.030598893661795e-08,2.1573501775634077e-08,7.735955750203871e-06,2.0147253255129025e-05,0.0002559068328024239,2.6595043197614e-07,2.4465558864943173e-06,3.592376815771233e-28,2.668262610667099e-15
6.315269124428346e-07,0.05595639656,0.054,0.0,0.0,0.008908023331212444,0.8684533751881306,0.0023138075094679264,0.0006256838308039462,6.191573455969038e-11,0.06444075916217179,0.0,0.020503165625251087,1.1714265875888396e-06,1.8725072533985793e-08,1.5172098902845782e-05,2.1562282352933112e-06,3.0279462277270714e-08,2.155594772223456e-08,7.729138751174336e-06,2.0139052111683676e-05,0.00025608553957788283,2.654231361836992e-07,2.44439193295444e-06,3.610853168493611e-28,2.6707957169346537e-15
6.3256934731028e-07,0.05595639656,0.054,0.0,0.0,0.008898195502495479,0.8684475313240855,0.0023156221539614823,0.0006262113788532881,6.207445509889687e-11,0.0644395730231398,0.0,0.020512868546132525,1.1704018779444258e-06,1.8677881006652993e-08,1.5150723700166789e-05,2.151640081323912e-06,3.0252991440462625e-08,2.1538423982113622e-08,7.722335477618414e-06,2.013084787224461e-05,0.0002562639503683568,2.648974043701434e-07,2.44223144646827e-06,3.6293896893316857e-28,2.673324175355749e-15
6.336117821777254e-07,0.05595639656,0.054,0.0,0.0,0.008888390241042314,0.8684417003789834,0.002317433623282039,0.0006267379998865381,6.223328471135281e-11,0.06443838893446713,0.0,0.02052254910228091,1.1693792883908104e-06,1.863087796376164e-08,1.5129407911067227e-05,2.147068410104195e-06,3.022657512890467e-08,2.1520930889255176e-08,7.715545888895476e-06,2.0122640616203532e-05,0.00025644206610996273,2.6437323048253333e-07,2.440074420531057e-06,3.6479864548633737e-28,2.6758479979635093e-15
6.346542170451709e-07,0.05595639656,0.054,0.0,0.0,0.008878607468561266,0.8684358823088476,0.0023192419267804723,0.0006272636965758746,6.239222321490366e-11,0.06443720689019401,0.0,0.02053220737128999,1.1683588125488826e-06,1.8584062057418282e-08,1.51081512941395e-05,2.1425131396846438e-06,3.0200212527951335e-08,2.1503467846260047e-08,7.7087699444918e-06,2.011443042231194e-05,0.00025661988773471726,2.6385060849604563e-07,2.4379208486409933e-06,3.6666435415865144e-28,2.678367196743554e-15
6.356966519126163e-07,0.05595639656,0.054,0.0,0.0,0.008868847107122785,0.8684300770699024,0.0023210470737682646,0.0006277884715831146,6.255127042797423e-11,0.06443602688438409,0.0,0.020541843430391286,1.167340443895901e-06,1.8537432169178332e-08,1.5086953609302496e-05,2.137974188687211e-06,3.01739055586566e-08,2.1486034785080046e-08,7.702007604060595e-06,2.0106217368659835e-05,0.0002567974161705389,2.633295324137429e-07,2.4357707242994974e-06,3.6853610259147512e-28,2.680881783648128e-15
6.367390867800617e-07,0.05595639656,0.054,0.0,0.0,0.008859109079159601,0.8684242846185729,0.0023228490735205105,0.0006283123275597613,6.271042616956609e-11,0.06443484891112418,0.0,0.020551457356459284,1.166324176002847e-06,1.8490987763075252e-08,1.506581461780562e-05,2.13345147629396e-06,3.01476529029525e-08,2.146863227688861e-08,7.695258827418004e-06,2.0098001532659118e-05,0.000256974652341302,2.628099962667513e-07,2.433624041010801e-06,3.704138984176905e-28,2.6833917706012324e-15
6.377815216475072e-07,0.05595639656,0.054,0.0,0.0,0.008849393307467283,0.8684185049114834,0.0023246479352772007,0.0006288352671470544,6.286969025925513e-11,0.06443367296452437,0.0,0.020561049226011516,1.1653100025148753e-06,1.844472752177516e-08,1.5044734082099727e-05,2.128944922134444e-06,3.012145273834127e-08,2.1451259631251514e-08,7.688523574498484e-06,2.008978299110377e-05,0.0002571515971668519,2.6229199411391225e-07,2.4314807922825458e-06,3.7229774926232648e-28,2.685897169476725e-15
6.388239565149526e-07,0.05595639656,0.054,0.0,0.0,0.008839699715196624,0.8684127379054557,0.0023264436682386195,0.0006293572929760181,6.302906251718893e-11,0.06443249903871803,0.0,0.020570619115208546,1.1642979169821286e-06,1.8398650187323695e-08,1.502371176585474e-05,2.1244544463257298e-06,3.009530800605708e-08,2.1433916576910145e-08,7.681801805401763e-06,2.0081561820148058e-05,0.0002573282515629994,2.6177552004144533e-07,2.4293409716262668e-06,3.741876627420784e-28,2.688397992113769e-15
6.398663913823981e-07,0.05595639656,0.054,0.0,0.0,0.00883002822585367,0.8684069835575093,0.002328236281568897,0.0006298784076675093,6.318854276408431e-11,0.06443132712786119,0.0,0.020580167099860526,1.1632879131185914e-06,1.835275536717711e-08,1.5002747434063445e-05,2.119979969551521e-06,3.00692178089125e-08,2.1416603994639832e-08,7.6750934803957e-06,2.0073338095270776e-05,0.00025750461644157826,2.612605681632343e-07,2.4272045725566365e-06,3.760836464650727e-28,2.690894250328812e-15
6.409088262498435e-07,0.05595639656,0.054,0.0,0.0,0.008820378763302581,0.8684012418248592,0.002330025784399108,0.0006303986138322658,6.334813082122478e-11,0.06443015722613284,0.0,0.020589693255427987,1.1622799846348534e-06,1.8307041849922567e-08,1.4981840852955665e-05,2.1155214129834667e-06,3.004317849757077e-08,2.1399321151521212e-08,7.668398559857545e-06,2.0065111891354416e-05,0.00025768069271045517,2.6074713262051037e-07,2.4250715885920846e-06,3.7798570803174768e-28,2.6933859558855146e-15
6.419512611172889e-07,0.05595639656,0.054,0.0,0.0,0.008810751251755827,0.8683955126649153,0.002331812185820041,0.000630917914070955,6.350782651045814e-11,0.06442898932773503,0.0,0.020599197657019022,1.1612741250549037e-06,1.8261508182998805e-08,1.4960991789924034e-05,2.1110786982421515e-06,3.001719419847751e-08,2.138206743408384e-08,7.661717004327181e-06,2.0056883282667584e-05,0.00025785648127352504,2.6023520758134495e-07,2.422942013255593e-06,3.7989385503433617e-28,2.695873120509737e-15
6.429936959847344e-07,0.05595639656,0.054,0.0,0.0,0.008801145615773652,0.8683897960352807,0.0023335954948859317,0.0006314363109742206,6.366762965419398e-11,0.06442782342689202,0.0,0.020608680379397414,1.1602703282369628e-06,1.8216154065300462e-08,1.494020001362504e-05,2.106651747469656e-06,2.999126545747528e-08,2.1364844103341877e-08,7.655048774518958e-06,2.0048652342801486e-05,0.0002580319830307849,2.597247872410715e-07,2.4208158400735674e-06,3.8180809505635843e-28,2.6983557559118845e-15
6.439318873654353e-07,0.05595639656,0.054,0.0,0.0,0.008792519184932608,0.8683846617471381,0.00233519783654126,0.0006319020979684992,6.381154421082813e-11,0.06442677581928731,0.0,0.020617196355328465,1.159368669649726e-06,1.8175487956322844e-08,1.4921536204906372e-05,2.1026809060158876e-06,2.9967971419069585e-08,2.134936830276889e-08,7.64905872879096e-06,2.004124256413023e-05,0.00025818969013404646,2.592666906766055e-07,2.418905187704679e-06,3.8353612686960134e-28,2.7005862649204196e-15
6.448700787461361e-07,0.05595639656,0.054,0.0,0.0,0.00878391035797316,0.8683795375437239,0.0023367976872481996,0.0006323671572259809,6.395554553353705e-11,0.06442572982086336,0.0,0.020625694885395725,1.158468672251536e-06,1.8134965408858938e-08,1.4902918445135592e-05,2.0987227146673505e-06,2.994472164768787e-08,2.1333916198481562e-08,7.643079416709961e-06,2.0033831009168585e-05,0.00025834716630102435,2.5880980404431047e-07,2.41699728112781e-06,3.852691056824552e-28,2.7028131231719115e-15
6.457144509887669e-07,0.05595639656,0.054,0.0,0.0,0.008776177420164778,0.8683749343578754,0.0023382354285185836,0.000632785089886741,6.408522080291662e-11,0.06442478979468975,0.0,0.020633328690705572,1.1576600911427817e-06,1.809861750871191e-08,1.4886201695829281e-05,2.0951711121772176e-06,2.9923834638860496e-08,2.1320029966714197e-08,7.63770718967233e-06,2.0027159134282682e-05,0.00025848869793642526,2.583996371154123e-07,2.4152825089678805e-06,3.86833020854224e-28,2.7048141811905594e-15
6.465588232313977e-07,0.05595639656,0.054,0.0,0.0,0.0087684586581251,0.8683703392937873,0.0023396711621523594,0.0006332024359510665,6.421496615560029e-11,0.06442385106555457,0.0,0.02064094844750027,1.1568528486658477e-06,1.8062385026075727e-08,1.486952199095935e-05,2.091629670624276e-06,2.990298030478517e-08,2.1306162946573117e-08,7.632343613310837e-06,2.00204859009749e-05,0.00025863004350901956,2.5799044381654565e-07,2.413569953652577e-06,3.884009515747905e-28,2.7068122950880344e-15
6.474031954740284e-07,0.05595639656,0.054,0.0,0.0,0.008760754032589545,0.8683657523293855,0.0023411048928765102,0.0006336191967719916,6.434478149854113e-11,0.06442291363044207,0.0,0.020648554194693174,1.1560469415431084e-06,1.8026267249731178e-08,1.485287921044933e-05,2.0880983497823885e-06,2.988216017362058e-08,2.1292314815483922e-08,7.62698866708227e-06,2.0013811346922047e-05,0.0002587712034877945,2.575822211266823e-07,2.411859611752384e-06,3.899729018551918e-28,2.7088074709915062e-15
6.482475677166592e-07,0.05595639656,0.054,0.0,0.0,0.008753063504436408,0.868361173442677,0.002342536625400537,0.0006340353736983438,6.447466673892844e-11,0.06442197748634587,0.0,0.0206561459710524,1.1552423665269942e-06,1.7990264003064736e-08,1.4836273234801375e-05,2.0845771096940992e-06,2.986137746623581e-08,2.127848657855324e-08,7.621642330518605e-06,2.0007135509513136e-05,0.00025891217834012395,2.571749660361263e-07,2.410151479839703e-06,3.915488757026723e-28,2.710799715023945e-15
6.4909193995929e-07,0.05595639656,0.054,0.0,0.0,0.008745387034694345,0.8683566026117487,0.0023439663644237935,0.0006344509680747617,6.460462178418669e-11,0.0644210426302691,0.0,0.020663723815205547,1.1544391203781345e-06,1.7954374873701442e-08,1.4819703945035087e-05,2.081065910583721e-06,2.984062833372742e-08,2.1264678000628467e-08,7.616304583190963e-06,2.0000458425912934e-05,0.0002590529685317631,2.567686755465821e-07,2.4084455544888998e-06,3.9312887712140092e-28,2.7127890332818442e-15
6.499363122019207e-07,0.05595639656,0.054,0.0,0.0,0.008737724584538841,0.8683520398147678,0.0023453941146318103,0.00063486598124171,6.473464654197506e-11,0.06442010905922448,0.0,0.020671287765635846,1.1536371996955117e-06,1.7918598630336648e-08,1.4803171222596958e-05,2.077564712800032e-06,2.981991061970235e-08,2.1250887095727875e-08,7.610975404725159e-06,1.999378013308121e-05,0.0002591935745268198,2.563633466707952e-07,2.4067418322769233e-06,3.9471291011247835e-28,2.7147754318321523e-15
6.507806844445515e-07,0.05595639656,0.054,0.0,0.0,0.008730076115279392,0.8683474850299808,0.0023468198806868325,0.0006352804145354973,6.486474092018622e-11,0.0644191767702342,0.0,0.020678837860681268,1.152836601339227e-06,1.788293546183821e-08,1.4786674949335629e-05,2.074073476843905e-06,2.9799229278461993e-08,2.1237115981291075e-08,7.605654774847131e-06,1.9987100667619203e-05,0.0002593339967878132,2.559589764327945e-07,2.405040309782844e-06,3.96300978672495e-28,2.7167589167621565e-15
6.516250566871822e-07,0.05595639656,0.054,0.0,0.0,0.008722441588375929,0.8683429382357144,0.002348243667242783,0.0006356942692882888,6.499490482694591e-11,0.06441824576032963,0.0,0.02068637413854111,1.1520373221452147e-06,1.784738481398126e-08,1.4770215007668786e-05,2.0705921634751653e-06,2.9778581993474654e-08,2.1223364207193164e-08,7.600342673309909e-06,1.9980420065943576e-05,0.0002594742357755831,2.555555618677067e-07,2.4033409835878036e-06,3.978930867953536e-28,2.718739494119918e-15
6.523849917055499e-07,0.05595639656,0.054,0.0,0.0,0.008715582403138541,0.8683388529349195,0.0023495233865056956,0.0006360662450109575,6.511211171419155e-11,0.06441740894258775,0.0,0.0206931450063785,1.1513190960391784e-06,1.781548487609703e-08,1.4755432026986033e-05,2.0674674330545977e-06,2.9760027678809066e-08,2.1211003600400116e-08,7.595569056977939e-06,1.9974406582876533e-05,0.00025960029454556716,2.551933034178723e-07,2.40181346502409e-06,3.993294412303331e-28,2.7205195327541895e-15
6.531449267239176e-07,0.05595639656,0.054,0.0,0.0,0.008708734452209732,0.8683347740732652,0.0023508015095015725,0.0006364377541564785,6.522937477868117e-11,0.06441657315635721,0.0,0.02069990474076938,1.1506019334364021e-06,1.778367523132138e-08,1.4740678295150906e-05,2.0643506800693033e-06,2.9741501312064066e-08,2.119865839659407e-08,7.590802317592755e-06,1.9968392234962577e-05,0.000259726205569953,2.548318145246112e-07,2.400287720206022e-06,4.007690738499881e-28,2.7222972255358347e-15
6.539048617422853e-07,0.05595639656,0.054,0.0,0.0,0.008701897707786769,0.8683307016351142,0.0023520780395907084,0.0006368087976874553,6.534669395391901e-11,0.06441573839949308,0.0,0.02070665336926776,1.1498858320720237e-06,1.7751955654832395e-08,1.4725953727508976e-05,2.061241876338051e-06,2.972300321311985e-08,2.1186328983240557e-08,7.5860424405275445e-06,1.9962377048222596e-05,0.000259851969181421,2.5447109304944986e-07,2.398763746646002e-06,4.0221198755857374e-28,2.7240725768483804e-15
6.54664796760653e-07,0.05595639656,0.054,0.0,0.0,0.008695072142161621,0.8683266356048808,0.0023533529801259565,0.0006371793765638163,6.546406917356003e-11,0.06441490466985662,0.0,0.02071339091933745,1.1491707896068535e-06,1.7720325691035065e-08,1.4711258239698477e-05,2.058140993783254e-06,2.9704531387376995e-08,2.1174014764383687e-08,7.581289411189019e-06,1.99563610485435e-05,0.0002599775857115752,2.541111368610511e-07,2.397241541858086e-06,4.036581852583439e-28,2.7258455910576115e-15
6.554247317790207e-07,0.05595639656,0.054,0.0,0.0,0.008688257727717188,0.8683225759670302,0.0023546263344494302,0.0006375494917428182,6.558150037140953e-11,0.06441407196531516,0.0,0.0207201174183501,1.1484568036244047e-06,1.7688784875663327e-08,1.4696591747698581e-05,2.0550480044755843e-06,2.9686085804725557e-08,2.1161715310877966e-08,7.576543215031816e-06,1.9950344261648025e-05,0.00026010305549099144,2.5375194383521055e-07,2.3957211033580355e-06,4.051076698491903e-28,2.727616272522924e-15
6.561846667973884e-07,0.05595639656,0.054,0.0,0.0,0.008681454436924441,0.8683185227060783,0.0023558981058907375,0.0006379191441790596,6.569898748142254e-11,0.0644132402837419,0.0,0.020726832893585387,1.1477438718718682e-06,1.765733303222498e-08,1.4681954167789107e-05,2.051962880611769e-06,2.9667669449846686e-08,2.1149431554844946e-08,7.5718038375529096e-06,1.9944326713061865e-05,0.00026022837884923203,2.5339351185490474e-07,2.3942024286629958e-06,4.065604442284678e-28,2.7293846256041548e-15
6.569446018157561e-07,0.05595639656,0.054,0.0,0.0,0.008674662242348329,0.8683144758065917,0.002357168297772697,0.0006382883348244866,6.581653043770355e-11,0.06441240962301592,0.0,0.020733537372234444,1.1470319921648106e-06,1.7625969907790904e-08,1.4667345416571358e-05,2.048885594503966e-06,2.964928139090116e-08,2.113716373327711e-08,7.567071264275416e-06,1.9938308428178205e-05,0.0002603535561148332,2.5303583881024333e-07,2.392685515291832e-06,4.080165112916051e-28,2.7311506546423444e-15
6.577045368341238e-07,0.05595639656,0.054,0.0,0.0,0.008667881116648521,0.8683104352531867,0.0023584369134121946,0.0006386570646284042,6.593412917450577e-11,0.06441157998102258,0.0,0.020740230881400357,1.1463211620696573e-06,1.7594694952465677e-08,1.4652765410971349e-05,2.0458161185907735e-06,2.9630917052034576e-08,2.1124910364813712e-08,7.562345480761126e-06,1.993228943228223e-05,0.000260478587615248,2.5267892259826653e-07,2.3911703607651987e-06,4.094758739321509e-28,2.7329143639569244e-15
6.584644718524914e-07,0.05595639656,0.054,0.0,0.0,0.008661111032568294,0.8683064010305306,0.002359703956110044,0.000639025334537484,6.605178362623106e-11,0.06441075135565297,0.0,0.02074691344809204,1.1456113792357665e-06,1.7563507832416625e-08,1.4638214068246224e-05,2.0427544254693375e-06,2.9612580913959896e-08,2.111267204269051e-08,7.557626472633331e-06,1.9926269750439297e-05,0.0002606034736769661,2.5232276112310013e-07,2.389656962605378e-06,4.109385350407223e-28,2.734675757879469e-15
6.591484133690224e-07,0.05595639656,0.054,0.0,0.0,0.008655027375027024,0.8683027756302975,0.0023608429523950055,0.0006393563850258771,6.61577202149453e-11,0.06441000646029538,0.0,0.020752918424551767,1.1449734682912054e-06,1.7535514357081333e-08,1.4625142298363547e-05,2.0400055333432898e-06,2.9596102948114218e-08,2.110167101529034e-08,7.553385146402989e-06,1.9920851470890786e-05,0.00026071574705146465,2.520028593689519e-07,2.3882964039085875e-06,4.122577526161425e-28,2.7362590363157058e-15
6.598323548855534e-07,0.05595639656,0.054,0.0,0.0,0.008648952619454052,0.8682991553344832,0.002361980679661737,0.0006396870644505653,6.626370183211927e-11,0.06440926238517054,0.0,0.020758914578981377,1.1443364022238836e-06,1.7507591638753262e-08,1.4612093618684882e-05,2.0372629032903e-06,2.9579645287634816e-08,2.1090682331099592e-08,7.549149286157482e-06,1.9915432673993583e-05,0.00026082790312083234,2.5168356574176915e-07,2.3869372640593906e-06,4.1357964639507815e-28,2.7378404459102586e-15
6.605162964020844e-07,0.05595639656,0.054,0.0,0.0,0.008642886746167757,0.8682955401320133,0.0023631171402991274,0.0006400173734962361,6.636972843023836e-11,0.06440851912875337,0.0,0.02076490193088668,1.1437001793024133e-06,1.7479739271022344e-08,1.4599067969550437e-05,2.034526515599847e-06,2.9563209260974e-08,2.1079705364759055e-08,7.54491888150118e-06,1.9910013377731703e-05,0.000260939942120937,2.5136487872806464e-07,2.385579541255206e-06,4.149042184803386e-28,2.739419989795253e-15
6.612002379186154e-07,0.05595639656,0.054,0.0,0.0,0.008636829735543099,0.8682919300118456,0.0023642523366883515,0.0006403473128458747,6.647579996188414e-11,0.06440777668952259,0.0,0.020770880499715403,1.143064797872331e-06,1.74519570194929e-08,1.4586065291463034e-05,2.031796350607162e-06,2.9546796991961854e-08,2.106874061171636e-08,7.540693922046765e-06,1.9904593599959867e-05,0.0002610518642870327,2.510467968190759e-07,2.38422323369435e-06,4.1623147097325595e-28,2.7409976710987245e-15
6.618841794351464e-07,0.05595639656,0.054,0.0,0.0,0.008630781568015675,0.86828832496297,0.002365386271207103,0.0006406768831807626,6.65819163797342e-11,0.06440703506596082,0.0,0.020776850304860726,1.1424302563418702e-06,1.7424244952474053e-08,1.4573085525100635e-05,2.029072388685558e-06,2.953040444151754e-08,2.105778885777201e-08,7.5364743974038144e-06,1.9899173358437957e-05,0.00026116366985374167,2.5072931851081077e-07,2.382868339576315e-06,4.175614059741137e-28,2.7425734929323625e-15
6.625681209516774e-07,0.05595639656,0.054,0.0,0.0,0.008624742224078963,0.8682847249744089,0.0023665189462265244,0.0006410060851804878,6.668807763656182e-11,0.06440629425655442,0.0,0.02078281136565548,1.1417965530584045e-06,1.7396602570478013e-08,1.4560128611385059e-05,2.026354610340618e-06,2.9514032983701398e-08,2.104684896966484e-08,7.532260297261871e-06,1.9893752670865644e-05,0.00026127535905494094,2.504124423033226e-07,2.381514857102229e-06,4.188940255813532e-28,2.7441474584094524e-15
6.632520624682084e-07,0.05595639656,0.054,0.0,0.0,0.008618711684288499,0.8682811300352192,0.0023676503641092647,0.0006413349195227651,6.679428368524605e-11,0.06440555425979404,0.0,0.020788763701368743,1.141163686350075e-06,1.7369029550767948e-08,1.4547194491466323e-05,2.02364299617352e-06,2.949768489849714e-08,2.103592104927037e-08,7.528051611317618e-06,1.9888331554825295e-05,0.00026138693212381597,2.5009616670153493e-07,2.3801627844745657e-06,4.202293318921921e-28,2.7457195706360038e-15
6.639360039847394e-07,0.05595639656,0.054,0.0,0.0,0.00861268992925922,0.8682775401344911,0.0023687805272134396,0.0006416633868836097,6.690053447876187e-11,0.0644048150741741,0.0,0.020794707331214114,1.140531654577986e-06,1.7341525790617785e-08,1.4534283106669127e-05,2.0209375268301786e-06,2.9481358617169175e-08,2.102500543537392e-08,7.523848329280999e-06,1.988291002781008e-05,0.0002614983892929015,2.497804902149523e-07,2.3788121198976517e-06,4.215673270027137e-28,2.7472898327061595e-15
6.646199455012704e-07,0.05595639656,0.054,0.0,0.0,0.008606676939649161,0.8682739552613379,0.002369909437893252,0.0006419914879377928,6.700682997015463e-11,0.0644040766981919,0.0,0.020800642274363297,1.139900456113871e-06,1.7314091144291548e-08,1.4521394398466004e-05,2.0182381830152103e-06,2.94650522430059e-08,2.1014102104778397e-08,7.519650440878118e-06,1.9877488107172685e-05,0.00026160973079431986,2.4946541135743255e-07,2.377462861575035e-06,4.229080130067402e-28,2.7488582477137775e-15
6.653038870178014e-07,0.05595639656,0.054,0.0,0.0,0.008600672696178832,0.868270375404908,0.0023710370984948922,0.0006423192233582196,6.711317011257504e-11,0.0644033391303489,0.0,0.02080656854992315,1.1392700893349156e-06,1.7286725249607556e-08,1.4508528308545307e-05,2.015544945525764e-06,2.9448767278195865e-08,2.100321077259865e-08,7.515457935877327e-06,1.9872065810190904e-05,0.00026172095685942563,2.4915092864726384e-07,2.3761150077124444e-06,4.242513919968012e-28,2.750424818747946e-15
6.659878285343324e-07,0.05595639656,0.054,0.0,0.0,0.008594677179623237,0.8682668005543805,0.002372163511358409,0.0006426465938161835,6.721955485926508e-11,0.06440260236915024,0.0,0.02081248617694606,1.1386405526191035e-06,1.725942779221945e-08,1.4495684778793763e-05,2.01285779524184e-06,2.943250529309927e-08,2.099233146239085e-08,7.511270804066874e-06,1.986664315407607e-05,0.00026183206771892886,2.488370406065421e-07,2.374768556516769e-06,4.255974660645866e-28,2.7519895488890678e-15
6.666717700508634e-07,0.05595639656,0.054,0.0,0.0,0.008588690370804942,0.86826323069896,0.002373288678820425,0.0006429735999816195,6.732598416354347e-11,0.06440186641310408,0.0,0.020818395174440514,1.1380118443346563e-06,1.7232198696704622e-08,1.448286375126496e-05,2.010176713104364e-06,2.9416264255593967e-08,2.0981464423454372e-08,7.507089035238402e-06,1.9861220155889702e-05,0.00026194306360310244,2.485237457621294e-07,2.373423506194674e-06,4.269462372996393e-28,2.7535524412127726e-15
6.673557115673944e-07,0.05595639656,0.054,0.0,0.0,0.008582712250616516,0.8682596658278904,0.002374412603209925,0.0006433002425224014,6.743245797884554e-11,0.06440113126072321,0.0,0.020824295561344554,1.1373839628643168e-06,1.7205037709623024e-08,1.4470065168251126e-05,2.0075016801489186e-06,2.94000437773153e-08,2.09706094314146e-08,7.502912619234896e-06,1.9855796832650436e-05,0.00026205394474133057,2.482110426452525e-07,2.3720798549553376e-06,4.282977077906584e-28,2.755113498786103e-15
6.680396530839254e-07,0.05595639656,0.054,0.0,0.0,0.008576742800014515,0.8682561059304508,0.002375535286848131,0.0006436265221044967,6.753897625871449e-11,0.06440039691052477,0.0,0.020830187356531017,1.1367569065991551e-06,1.7177944476324814e-08,1.4457288972255381e-05,2.004832677490786e-06,2.9383845381134704e-08,2.0959766287805935e-08,7.498741545930347e-06,1.9850373201291585e-05,0.00026216471136224174,2.4789892979186164e-07,2.370737601010116e-06,4.296518796250773e-28,2.7566727246686644e-15
6.687235946004563e-07,0.05595639656,0.054,0.0,0.0,0.008570782000007738,0.86825255099595,0.002376656732050826,0.000643952439392334,6.764553895678042e-11,0.06439966336102933,0.0,0.02083607057882163,1.1361306739345223e-06,1.7150918826573584e-08,1.4444535105973282e-05,2.0021696863222385e-06,2.9367669180420684e-08,2.0948935345195023e-08,7.494575805202606e-06,1.984494927860027e-05,0.000262275363693952,2.4758740574285167e-07,2.36939674257073e-06,4.3100875488836805e-28,2.758230121914037e-15
6.694075361169873e-07,0.05595639656,0.054,0.0,0.0,0.008564829831661314,0.8682490010137267,0.002377776941129484,0.000644277995048723,6.775214602676522e-11,0.06439893061076112,0.0,0.02084194524698519,1.13550526326471e-06,1.7123960723446812e-08,1.4431803512289483e-05,1.9995126879033954e-06,2.9351512492017415e-08,2.093811678719818e-08,7.490415386959087e-06,1.983952508127854e-05,0.0002623859019639429,2.472764690434643e-07,2.3680572778507757e-06,4.323683356646147e-28,2.7597856935688748e-15
6.700914776335183e-07,0.05595639656,0.054,0.0,0.0,0.008558886276090897,0.8682454559731488,0.002378895916389451,0.000644603189734973,6.785879742247563e-11,0.06439819865824781,0.0,0.020847811379737766,1.134880672978364e-06,1.7097069693436115e-08,1.4419094134254423e-05,1.9968616635628587e-06,2.9335376701872195e-08,2.0927309734323235e-08,7.486260281159503e-06,1.983410062603007e-05,0.0002624963263990052,2.469661182416526e-07,2.3667192050659316e-06,4.337306240373979e-28,2.7613394426766146e-15
6.707754191500493e-07,0.05595639656,0.054,0.0,0.0,0.008552951314465446,0.8682419158636133,0.0023800136601287497,0.0006449280241107763,6.796549309781002e-11,0.06439746750202065,0.0,0.020853668995740617,1.1342569014682133e-06,1.7070245369301066e-08,1.4406406915089025e-05,1.9942165946918097e-06,2.9319264296187987e-08,2.0916514218503645e-08,7.482110477757998e-06,1.9828675929388457e-05,0.00026260663722541173,2.4665635189066246e-07,2.36538252243195e-06,4.350956220881314e-28,2.762891372274457e-15
6.714593606665803e-07,0.05595639656,0.054,0.0,0.0,0.008547024928009858,0.8682383806745491,0.002381130174641052,0.0006452524988342029,6.807223300675869e-11,0.06439673714061457,0.0,0.020859518113604016,1.133633947171235e-06,1.7043488050320602e-08,1.4393741798230264e-05,1.991577462765041e-06,2.9303171223361214e-08,2.0905731772134293e-08,7.477965966693647e-06,1.9823251007657987e-05,0.00026271683466898673,2.4634716855007164e-07,2.364047228164255e-06,4.364633318954409e-28,2.7644414853908977e-15
6.721433021831113e-07,0.05595639656,0.054,0.0,0.0,0.008541107098006732,0.868234850395415,0.002382245462214833,0.0006455766145616581,6.817901710340616e-11,0.06439600757256818,0.0,0.020865358751879122,1.1330118085081904e-06,1.701679710366413e-08,1.4381098727320454e-05,1.9889442493541458e-06,2.9287099133529577e-08,2.089496079902081e-08,7.473826738016904e-06,1.9817825877326918e-05,0.0002628269189545568,2.460385667801189e-07,2.3627133204833313e-06,4.378337555392785e-28,2.7659897850512943e-15
6.727588495479892e-07,0.05595639656,0.054,0.0,0.0,0.008535788351344194,0.8682316773334984,0.002383248173884008,0.0006458680123160026,6.827516053299758e-11,0.06439535163844425,0.0,0.020870608091567266,1.1324525797393147e-06,1.699283187002738e-08,1.4369738766357988e-05,1.9865794024369303e-06,2.9272652720757486e-08,2.088527707698636e-08,7.470105940400798e-06,1.9812943095092695e-05,0.00026292589824696987,2.457613212453017e-07,2.361513987630778e-06,4.390694588654899e-28,2.7673817067345893e-15
6.733743969128671e-07,0.05595639656,0.054,0.0,0.0,0.008530476506722591,0.8682285082324716,0.002384249895239989,0.0006461591202901914,6.837133968416682e-11,0.06439469634470082,0.0,0.020875850591219054,1.1318940091649255e-06,1.6968920132314278e-08,1.4358396576273321e-05,1.984219321286676e-06,2.9258223296395884e-08,2.0875603032699042e-08,7.466389406181909e-06,1.9808060168825675e-05,0.0002630247862263387,2.454845445796412e-07,2.360315775174608e-06,4.403073635948178e-28,2.768772164157983e-15
6.739899442777449e-07,0.05595639656,0.054,0.0,0.0,0.008525171550609844,0.8682253430847138,0.0023852506279384137,0.0006464499389593842,6.846755452363197e-11,0.0643940416902803,0.0,0.020881086264246413,1.131336095649832e-06,1.6945061716488855e-08,1.4347072116346793e-05,1.9818639925958884e-06,2.9243810825281058e-08,2.086593858995801e-08,7.462677128127075e-06,1.9803177110265384e-05,0.0002631235830553946,2.452082357436599e-07,2.359118681819136e-06,4.415474712396736e-28,2.7701611595131342e-15
6.746054916426228e-07,0.05595639656,0.054,0.0,0.0,0.008519873469509203,0.8682221818826238,0.002386250373631019,0.000646740468797691,6.856380501817068e-11,0.06439338767412729,0.0,0.02088631512402606,1.1307788380511273e-06,1.6921256470121022e-08,1.4335765345992078e-05,1.979513403116161e-06,2.9229415330778026e-08,2.0856283780087512e-08,7.458969099015746e-06,1.9798293931083834e-05,0.0002632222888964771,2.449323937007865e-07,2.357922706269489e-06,4.427897833114778e-28,2.771548694987645e-15
6.752210390075007e-07,0.05595639656,0.054,0.0,0.0,0.008514582249959554,0.8682190246186198,0.0023872491339658798,0.00064703071027817,6.86600911346203e-11,0.06439273429518874,0.0,0.020891537183899578,1.130222235218139e-06,1.689750423142791e-08,1.4324476224750246e-05,1.9771675396506225e-06,2.921503673588147e-08,2.084663858299887e-08,7.45526531164405e-06,1.9793410642897987e-05,0.0002633209039115192,2.446570174172215e-07,2.356727847231722e-06,4.440343013207773e-28,2.7729347727651442e-15
6.764521337372564e-07,0.05595639656,0.054,0.0,0.0,0.008504020341845341,0.8682127218746425,0.0023892437051358287,0.0006476103300526435,6.88527701008987e-11,0.06439142944475493,0.0,0.0209019609571194,1.1291109892799449e-06,1.68501581268528e-08,1.4301950768352708e-05,1.9724899381860744e-06,2.9186330175600468e-08,2.0827376950076953e-08,7.447870433382517e-06,1.9783643785693056e-05,0.00026351786210921415,2.441076580066033e-07,2.3543414735206805e-06,4.465299611894228e-28,2.7757025639436376e-15
6.776832284670122e-07,0.05595639656,0.054,0.0,0.0,0.008493485719283583,0.8682064347925206,0.0023912343545577966,0.0006481888020463595,6.904559115835271e-11,0.064390127130602,0.0,0.020912357689939223,1.128002348719469e-06,1.6803022121978255e-08,1.4279495425859415e-05,1.9678310835191573e-06,2.915769092403402e-08,2.080815358525394e-08,7.4404924360227355e-06,1.977387663042994e-05,0.00026371445893595414,2.4356014929670077e-07,2.3519595503529397e-06,4.490344629115554e-28,2.7784645504376527e-15
6.789143231967679e-07,0.05595639656,0.054,0.0,0.0,0.008482978275850992,0.8682001633123047,0.0023932210952818367,0.0006487661300062469,6.9238554043812e-11,0.06438882734439066,0.0,0.020922727487837252,1.1268963044767905e-06,1.6756094947986934e-08,1.4257109877879853e-05,1.9631908716965043e-06,2.9129118746619713e-08,2.0788968383561024e-08,7.43313126249247e-06,1.9764109267972216e-05,0.000263910695672855,2.430144831164305e-07,2.3495820674104004e-06,4.515478185384875e-28,2.78122074957262e-15
6.801454179265237e-07,0.05595639656,0.054,0.0,0.0,0.008472497905680644,0.8681939073743532,0.0023952039402988764,0.0006493423176627048,6.943165849504526e-11,0.0643875300778187,0.0,0.020933070455740416,1.1257928475258206e-06,1.6709375343757874e-08,1.4234793806929155e-05,1.9585691995047554e-06,2.9100613410808858e-08,2.076982123706652e-08,7.425786855965506e-06,1.975434178827576e-05,0.0002641065735947146,2.4247065133845436e-07,2.347209014390146e-06,4.540700401069299e-28,2.7839711786106546e-15
6.813765126562794e-07,0.05595639656,0.054,0.0,0.0,0.00846204450345828,0.868187666919332,0.002397182902541052,0.0006499173687296953,6.962490425075572e-11,0.064386235322621,0.0,0.020943386698028022,1.1246919688761062e-06,1.6662862058656768e-08,1.4212546897413939e-05,1.9539659644623915e-06,2.9072174683385655e-08,2.0750712039649916e-08,7.418459159860451e-06,1.9744574280397368e-05,0.00026430209397005467,2.419286458789112e-07,2.3448403810046017e-06,4.56601139639034e-28,2.786715854750815e-15
6.826076073860352e-07,0.05595639656,0.054,0.0,0.0,0.008451617964418751,0.8681814418882112,0.002399157994882036,0.000650491286904829,6.981829105057633e-11,0.06438494307056933,0.0,0.020953676318535293,1.1235936595801554e-06,1.661655385147385e-08,1.419036883561384e-05,1.9493810648077643e-06,2.9043802333324245e-08,2.0731640685404788e-08,7.411148117839588e-06,1.9734806832503384e-05,0.00026449725806116015,2.413884586971529e-07,2.3424761569817026e-06,4.591411291424282e-28,2.7894547951293222e-15
6.850697968455465e-07,0.05595639656,0.054,0.0,0.0,0.008430845059552567,0.8681690378630673,0.0024030966210646714,0.0006516357392887267,7.020548674570297e-11,0.06438236604317385,0.0,0.020974176106849752,1.1214047134616766e-06,1.6524547753333556e-08,1.4146218009566124e-05,1.9402658681842133e-06,2.8987255845840552e-08,2.069361108436634e-08,7.396575771911697e-06,1.971527246493351e-05,0.0002648865224088416,2.40313507218915e-07,2.3377608960141174e-06,4.642478260212503e-28,2.794915536833301e-15
6.875319863050579e-07,0.05595639656,0.054,0.0,0.0,0.008410178363808524,0.8681566948327077,0.0024070199206791625,0.0006527757040716009,7.059324351591418e-11,0.06437979893053501,0.0,0.020994570640617275,1.1192259383984097e-06,1.643334730739529e-08,1.4102338855976949e-05,1.9312228097238996e-06,2.8930972119314752e-08,2.065573159307708e-08,7.382069372309843e-06,1.9695739373407707e-05,0.00026527437661274714,2.392457334328917e-07,2.3330631496272616e-06,4.69390226515533e-28,2.8003535395644525e-15
6.899941757645693e-07,0.05595639656,0.054,0.0,0.0,0.008389617058472049,0.8681444123356732,0.0024109279946432052,0.0006539112102546592,7.098155931128612e-11,0.06437724166813213,0.0,0.02101486073129061,1.1170572642335584e-06,1.6342942918974325e-08,1.4058728931163615e-05,1.9222511006841695e-06,2.887494934106772e-08,2.0618001375889274e-08,7.367628476984919e-06,1.967620823204882e-05,0.0002656608305505026,2.3818507454299184e-07,2.32838283621949e-06,4.745684261675905e-28,2.805768938174509e-15
6.924563652240807e-07,0.05595639656,0.054,0.0,0.0,0.008369160333276811,0.8681321899151964,0.0024148209429699944,0.0006550422865858699,7.137043209633932e-11,0.0643746941920146,0.0,0.021035047181951545,1.1148986214369221e-06,1.625332513792948e-08,1.4015385820145459e-05,1.9133499632949564e-06,2.8819185714445763e-08,2.0580419602343328e-08,7.353252647673532e-06,1.9656679701519026e-05,0.00026604589400356374,2.3713146841969525e-07,2.32371987445245e-06,4.797825202911725e-28,2.8111618665325613e-15
6.973807441431035e-07,0.05595639656,0.054,0.0,0.0,0.00832855742383745,0.868107923499954,0.002422561858302013,0.0006572912634346317,7.214984056495427e-11,0.0643696283456471,0.0,0.021075112334350672,1.110611154921312e-06,1.607641230438056e-08,1.392949052061444e-05,1.8957563461154901e-06,2.870842880918769e-08,2.0505698090101163e-08,7.324694452748358e-06,1.9617633049802085e-05,0.0002668118881075928,2.3504516923956e-07,2.314445681831234e-06,4.903187720725063e-28,2.8218808430998422e-15
7.01812685170224e-07,0.05595639656,0.054,0.0,0.0,0.008292364509983354,0.8680862846997569,0.00242947793758781,0.000659300475815449,7.285319296227891e-11,0.06436510192291547,0.0,0.021110824411579264,1.1067860573808407e-06,1.591978901494096e-08,1.3853073600302256e-05,1.8801558611893621e-06,2.8609616193309723e-08,2.043894818050898e-08,7.299210282634317e-06,1.9582506353262508e-05,0.00026749662354348447,2.3319101052050836e-07,2.3061574406479546e-06,4.999251093195678e-28,2.8314523968690894e-15
7.062446261973446e-07,0.05595639656,0.054,0.0,0.0,0.008256498209288214,0.8680648336522074,0.0024363465249243677,0.0006612957712747563,7.355831899584657e-11,0.06436060623859836,0.0,0.021146212813355804,1.1029924079799019e-06,1.5765573698363094e-08,1.3777484867731267e-05,1.8647724146425033e-06,2.8511616006365837e-08,2.0372666547733735e-08,7.273930279678473e-06,1.9547397801300304e-05,0.00026817700165769176,2.3135876615076427e-07,2.2979241663099034e-06,5.096492166566043e-28,2.840953184834746e-15
7.106765672244652e-07,0.05595639656,0.054,0.0,0.0,0.008220954087739056,0.8680435678554326,0.002443168172181088,0.0006632773086655334,7.426520729881527e-11,0.06435614093954882,0.0,0.021181281934454434,1.0992298229189498e-06,1.5613716133496865e-08,1.3702711223606232e-05,1.8496018435829557e-06,2.8414418331234914e-08,2.0306848533286556e-08,7.248852019995596e-06,1.9512310792178813e-05,0.00026885307616998405,2.2954809685323597e-07,2.28974539453414e-06,5.194916418493369e-28,2.8503839531792673e-15
7.151085082515857e-07,0.05595639656,0.054,0.0,0.0,0.008185727791728705,0.8680224848522788,0.0024499434225019054,0.0006652452443910678,7.497384664515913e-11,0.06435170567812838,0.0,0.021216036089976784,1.0954979244547383e-06,1.546416742059151e-08,1.3628739838733882e-05,1.8346400864481612e-06,2.8318013406888565e-08,2.0241489531516506e-08,7.223973116571467e-06,1.9477248601653603e-05,0.0002695248998802111,2.277586697311233e-07,2.2816206641177735e-06,5.294529303603691e-28,2.8597454383616215e-15
7.195404492787063e-07,0.05595639656,0.054,0.0,0.0,0.008150815046230556,0.8680015822293109,0.002456672810476873,0.0006671997324516123,7.568422594724722e-11,0.06434730011210066,0.0,0.02125047951715995,1.091796340748199e-06,1.5316879939317487e-08,1.355555814721528e-05,1.8198831800264167e-06,2.822239162550635e-08,2.0176584989207923e-08,7.199291218614505e-06,1.9442214387040392e-05,0.00027019252468813505,2.259901581301939e-07,2.2735495169974295e-06,5.395336253713777e-28,2.869038367253246e-15
7.239723903058268e-07,0.05595639656,0.054,0.0,0.0,0.008116211653023704,0.8679808576158381,0.0024633568623097326,0.0006691409244899983,7.63963342534761e-11,0.06434292390452725,0.0,0.021284616377134847,1.0881247057814363e-06,1.5171807308583417e-08,1.3483153839798044e-05,1.8053272565606971e-06,2.8127543529880047e-08,2.0112130405028838e-08,7.174804010911808e-06,1.9407211191080136e-05,0.00027085600161279777,2.2424224150499496e-07,2.2655314983031034e-06,5.497342678047323e-28,2.8782634572757013e-15
7.284043313329474e-07,0.05595639656,0.054,0.0,0.0,0.008081913488965375,0.8679603086829638,0.0024699960959816748,0.0006710689698362598,7.711016074595217e-11,0.06433857672366614,0.0,0.021318450756637596,1.0844826592785907e-06,1.502890434738793e-08,1.3411514857432594e-05,1.7909685409647037e-06,2.8033459810356276e-08,2.004812132917642e-08,7.150509213205921e-06,1.9372241945736093e-05,0.00027151538081130816,2.2251460528734383e-07,2.2575661564067798e-06,5.600553963451717e-28,2.8874214165331196e-15
7.32836272360068e-07,0.05595639656,0.054,0.0,0.0,0.00804791650431092,0.8679399331426634,0.0024765910214112645,0.0006729840155512545,7.782569473822458e-11,0.06433425824287212,0.0,0.02135198666967375,1.0808698465438383e-06,1.4888127037319221e-08,1.3340629385070383e-05,1.776803348161854e-06,2.794013130198706e-08,1.998455336298887e-08,7.126404579582449e-06,1.933730947586566e-05,0.00027217071159714294,2.2080694075775953e-07,2.2496530429657577e-06,5.704975474612744e-28,2.896512943942663e-15
7.372682133871885e-07,0.05595639656,0.054,0.0,0.0,0.008014216721079201,0.8679197287468858,0.0024831421406107048,0.0006748862064693234,7.85429256730668e-11,0.06432996814049974,0.0,0.02138522805913769,1.0772859183621201e-06,1.4749432486703119e-08,1.3270485845609466e-05,1.7628280804743788e-06,2.784754898237351e-08,1.9921422158326517e-08,7.102487897859471e-06,1.930241650267672e-05,0.00027282204245808884,2.1911894492092842e-07,2.241791712961166e-06,5.810612554262514e-28,2.9055387293681975e-15
7.417001544143091e-07,0.05595639656,0.054,0.0,0.0,0.007980810231461622,0.8678996932866789,0.002489649947838529,0.0006767756852400139,7.926184312030548e-11,0.06432570609980823,0.0,0.02141817879838869,1.0737305309698243e-06,1.4612778895556244e-08,1.3201072893982337e-05,1.7490392250900582e-06,2.7755703968744993e-08,1.9858723417177862e-08,7.078756988999218e-06,1.9267565647144047e-05,0.00027346942107362067,2.1745032038328336e-07,2.233981724733578e-06,5.9174705233885025e-28,2.914499453747862e-15
7.461320954414296e-07,0.05595639656,0.054,0.0,0.0,0.007947693196273262,0.8678798245913364,0.002496114929748824,0.0006786525923688972,7.998243677469438e-11,0.06432147180886869,0.0,0.021450842692785285,1.0702033458979175e-06,1.4478125522021476e-08,1.3132379411480997e-05,1.7354333516757732e-06,2.7664587514842548e-08,1.9796452891297e-08,7.055209706530653e-06,1.9232759433341152e-05,0.0002741128943318091,2.1580077523294816e-07,2.226222640014132e-06,6.0255546814417265e-28,2.9233957892186732e-15
7.505640364685502e-07,0.05595639656,0.054,0.0,0.0,0.007914861843445154,0.8678601205275697,0.0025025375655370902,0.0006805170662574923,8.070469645383374e-11,0.06431726496047313,0.0,0.021483223481178922,1.0667040298165578e-06,1.4345432650299416e-08,1.3064394500241443e-05,1.7220071100424124e-06,2.7574191009383382e-08,1.973460638153526e-08,7.031843935969924e-06,1.919800029152405e-05,0.00027475250834597595,2.1417002292397283e-07,2.218514023950683e-06,6.134870306536327e-28,2.9322283992465363e-15
7.549959774956708e-07,0.05595639656,0.054,0.0,0.0,0.00788231246655628,0.8678405789986987,0.002508918327082782,0.0006823692432423254,8.142861209613278e-11,0.06431308525204582,0.0,0.021515324837368333,1.0632322545620175e-06,1.4214661559218184e-08,1.2997107477802604e-05,1.7087572278251348e-06,2.748450597361288e-08,1.967317973740096e-08,7.0086575942634734e-06,1.9163290561196786e-05,0.0002753883084708084,2.1255778216233568e-07,2.210855445131671e-06,6.245422655650719e-28,2.9409979387495713e-15
7.594279185227913e-07,0.05595639656,0.054,0.0,0.0,0.007850041423404015,0.8678211979438658,0.0025152576790886364,0.0006842092576331364,8.215417375881502e-11,0.06430893238555627,0.0,0.021547150371515573,1.059787697040675e-06,1.408577449219292e-08,1.2930507871893039e-05,1.6956805083239742e-06,2.7395524057242698e-08,1.9612168856733805e-08,6.985648629244624e-06,1.9128632494155724e-05,0.00027602033931796823,2.1096377679358924e-07,2.203246475606519e-06,6.357216964829845e-28,2.9497050542163054e-15
7.638598595499119e-07,0.05595639656,0.054,0.0,0.0,0.007818045134612326,0.867801975337268,0.0025215560792168613,0.0006860372417502584,8.288137161596513e-11,0.0643048060674343,0.0,0.021578703631525024,1.0563700389608783e-06,1.395873462843388e-08,1.2864585415438101e-05,1.6827738284418883e-06,2.7307237037495423e-08,1.9551569685009342e-08,6.962815019084451e-06,1.9094028257237923e-05,0.00027664864477156687,2.0938773569534058e-07,2.195686690901447e-06,6.470258449376726e-28,2.958350383831958e-15
7.682918005770324e-07,0.05595639656,0.054,0.0,0.0,0.007786320082275958,0.8677829091874112,0.0025278139782222903,0.0006878533259611918,8.361019595661604e-11,0.06430070600848718,0.0,0.021609988104386513,1.05297896686833e-06,1.383350605465633e-08,1.2799330041552753e-05,1.6700341365534027e-06,2.7219636818373533e-08,1.949137821484555e-08,6.940154771763993e-06,1.9059479935057257e-05,0.0002772732680031579,2.078293926713211e-07,2.1881756700339255e-06,6.584552304045523e-28,2.9669345575979073e-15
7.72723741604153e-07,0.05595639656,0.054,0.0,0.0,0.007754862808639529,0.8677639975363814,0.00253403182008253,0.0006896576387163885,8.43406371828755e-11,0.06429663192381804,0.0,0.0216410072174838,1.0496141722400727e-06,1.3710053738272142e-08,1.2734731878678308e-05,1.6574584505038314e-06,2.7132715424580923e-08,1.9431590485710496e-08,6.917665924564049e-06,1.902498953281348e-05,0.00027789425148611627,2.0628848634598362e-07,2.1807129955245247e-06,6.700103703238677e-28,2.9754581974428845e-15
7.771556826312736e-07,0.05595639656,0.054,0.0,0.0,0.0077236699148110115,0.8677452384591358,0.002540210042125236,0.0006914503065842691,8.507268580809121e-11,0.06429258353274665,0.0,0.021671764339869223,1.0462753510847972e-06,1.3588343501498693e-08,1.2670781246092545e-05,1.6450438558315713e-06,2.7046464999728343e-08,1.937220258323123e-08,6.895346543545364e-06,1.8990558978741704e-05,0.00027851163701001625,2.0476476006463584e-07,2.173298253403644e-06,6.816917801190678e-28,2.983921917345575e-15
7.815876236583941e-07,0.05595639656,0.054,0.0,0.0,0.007692738059508379,0.8677266300628106,0.0025463490751525646,0.0006932314542854892,8.580633245505333e-11,0.06428856055873153,0.0,0.021702262783505486,1.0429622037825591e-06,1.3468341995628389e-08,1.2607468649384124e-05,1.6327875038446203e-06,2.696087781056661e-08,1.9313210638659712e-08,6.8731947230467225e-06,1.895619012652479e-05,0.00027912546569467176,2.0325796179527063e-07,2.1659310332176893e-06,6.93499973215263e-28,2.9923263234510197e-15
7.860195646855147e-07,0.05595639656,0.054,0.0,0.0,0.007662063957837689,0.867708170486048,0.0025524493435628405,0.0006950012047264725,8.654156785423364e-11,0.06428456272929399,0.0,0.02173250580447594,1.0396744355477706e-06,1.3350016677190573e-08,1.2544784775794813e-05,1.6206866096598942e-06,2.6875946238780045e-08,1.925461082856946e-08,6.851208585207529e-06,1.892188475791981e-05,0.00027973577800336136,2.0176784402933008e-07,2.158610928034395e-06,7.0543546105851245e-28,3.000672014174099e-15
7.904515057126352e-07,0.05595639656,0.054,0.0,0.0,0.007631644380102609,0.8676898578983397,0.0025585112654695438,0.0006967596790322286,8.727838284206042e-11,0.06428058977594356,0.0,0.021762496604164093,1.0364117561183868e-06,1.3233335784972854e-08,1.2482720490115997e-05,1.608738450687542e-06,2.679166277211308e-08,1.919639937418478e-08,6.829386279477146e-06,1.888764458495212e-05,0.0002803426137561017,2.0029416368890663e-07,2.1513375344419518e-06,7.174987531334726e-28,3.0089595803183034e-15
7.948834467397558e-07,0.05595639656,0.054,0.0,0.0,0.007601476150644674,0.8676716904993851,0.0025645352528177187,0.0006985069965784741,8.801676835922801e-11,0.06427664143410536,0.0,0.021792238330402804,1.0331738789348976e-06,1.3118268316101658e-08,1.2421266830838036e-05,1.596940365061228e-06,2.6708020018991332e-08,1.9138572540904695e-08,6.807725982134407e-06,1.8853471251989577e-05,0.000280946012142924,1.9883668203628467e-07,2.144110452547748e-06,7.296903569809305e-28,3.0171896051902094e-15
7.993153877668763e-07,0.05595639656,0.054,0.0,0.0,0.007571556146711992,0.867653666518467,0.002570521711497804,0.000700243275023072,8.87567154490408e-11,0.06427271744304884,0.0,0.0218217340785948,1.029960521907407e-06,1.3004784004461078e-08,1.2360415005630906e-05,1.5852897495777606e-06,2.662501070600712e-08,1.9081126637909467e-08,6.786225895842822e-06,1.8819366338237137e-05,0.0002815460117361195,1.9739516458001496e-07,2.1369292859790245e-06,7.420107782167569e-28,3.0253626646944432e-15
8.037473287939969e-07,0.05595639656,0.054,0.0,0.0,0.0075418812973560975,0.8676357842138436,0.002576471041456896,0.0007019686303368063,8.949821525578978e-11,0.06426881754581787,0.0,0.021850986892805475,1.0267714080553683e-06,1.2892853301502906e-08,1.2300156387207508e-05,1.5737840582187885e-06,2.6542627644742092e-08,1.9024058017382794e-08,6.764884249190431e-06,1.8785331359736776e-05,0.00028214265050227676,1.9596938098840185e-07,2.1297936418755517e-06,7.544605205489107e-28,3.033479327448255e-15
8.081792698211175e-07,0.05595639656,0.054,0.0,0.0,0.007512448582357625,0.8676180418721527,0.0025823836368077204,0.0007036831768335072,9.024125902316175e-11,0.06426494148916266,0.0,0.021879999766827616,1.023606263566306e-06,1.2782447353792694e-08,1.2240482510429474e-05,1.5624208012715207e-06,2.6460863754831764e-08,1.8967363074361215e-08,6.743699296224777e-06,1.8751367771064088e-05,0.0002827359658148572,1.9455910500707736e-07,2.1227031308812846e-06,7.670400857939278e-28,3.0415401548957273e-15
8.12611210848238e-07,0.05595639656,0.054,0.0,0.0,0.007483255031178612,0.8676004378078355,0.002588259885935242,0.0007053870271995434,9.098583809268036e-11,0.06426108902347322,0.0,0.02190877564521928,1.020464817621265e-06,1.2673537981081815e-08,1.2181385068369422e-05,1.5511975432719166e-06,2.6379712103626033e-08,1.891103824631472e-08,6.722669316039335e-06,1.8717476967728592e-05,0.00028332599446591534,1.9316411436951636e-07,2.115657367142341e-06,7.797499738956348e-28,3.0495457013932723e-15
8.170431518753586e-07,0.05595639656,0.054,0.0,0.0,0.007454297721939002,0.867582970362567,0.0025941001716007434,0.0007070802925226936,9.173194390217787e-11,0.06425725990271389,0.0,0.02193731742431757,1.0173468056172594e-06,1.2566097662516e-08,1.2122855907227856e-05,1.540111900831156e-06,2.6299165824253828e-08,1.885508001170653e-08,6.701792612348232e-06,1.8683660288076792e-05,0.00028391277267679493,1.9178419071565747e-07,2.1086559682944864e-06,7.92590682941645e-28,3.0574965143191234e-15
8.214750929024791e-07,0.05595639656,0.054,0.0,0.0,0.007425573780419304,0.867565637904709,0.0025999048710437867,0.0007087630823204179,9.24795679842965e-11,0.06425345388435859,0.0,0.02196562795322673,1.014251967347755e-06,1.2460099518794881e-08,1.206488702406635e-05,1.5291615426879023e-06,2.6219218090500052e-08,1.8799484890469224e-08,6.681067513031127e-06,1.8649919014548493e-05,0.00028449633610949855,1.9041911951836398e-07,2.1016985554471577e-06,8.05562709178636e-28,3.06539313418979e-15
8.259070339295997e-07,0.05595639656,0.054,0.0,0.0,0.007397080379090445,0.8675484388287692,0.0026056743560822905,0.0007104355045675355,9.322870196501958e-11,0.06424967072932954,0.0,0.02199371003477967,1.0111800421064593e-06,1.2355517283386681e-08,1.2007470565227841e-05,1.5183441887736e-06,2.6139862292278278e-08,1.8744249444408322e-08,6.66049236974468e-06,1.861625437598395e-05,0.0002850767198786053,1.8906868999758018e-07,2.094784753180895e-06,8.18666547030884e-28,3.073236094735083e-15
8.303389749567203e-07,0.05595639656,0.054,0.0,0.0,0.0073688147361649185,0.8675313715548773,0.002611408993210019,0.000712097665723328,9.397933756223242e-11,0.0642459102019361,0.0,0.022021566426478206,1.008130774491065e-06,1.2252325291336088e-08,1.1950598819709743e-05,1.5076576061320943e-06,2.6061091954246414e-08,1.8689370273935354e-08,6.640065557538651e-06,1.858266754957615e-05,0.0002856539585614359,1.877326950422045e-07,2.08791418953147e-06,8.319026891164784e-28,3.081025923000449e-15
8.347709159838408e-07,0.05595639656,0.054,0.0,0.0,0.007340774114666853,0.8675144345282728,0.0026171091436917016,0.0007137496707580815,9.473146658430971e-11,0.06424217206981282,0.0,0.022049199841413594,1.0051039197911318e-06,1.2150498480692717e-08,1.1894264214474304e-05,1.4970996085438342e-06,2.598290042825138e-08,1.8634844018389927e-08,6.61978547441155e-06,1.8549159661626213e-05,0.00028622808620659923,1.8641093114705207e-07,2.0810864959643683e-06,8.452716262611909e-28,3.0887631394694768e-15
8.392028570109614e-07,0.05595639656,0.054,0.0,0.0,0.007312955821531477,0.8674976262188054,0.0026227751636571034,0.0007153916231790794,9.548508092872923e-11,0.06423845610386116,0.0,0.02207661294915817,1.002099230195998e-06,1.2050012351840118e-08,1.183845931808213e-05,1.4866680597608054e-06,2.5905281267910982e-08,1.8580667359981696e-08,6.599650540935157e-06,1.8515731789694052e-05,0.0002867991363456652,1.851031983302283e-07,2.0743013073737422e-06,8.587738475167954e-28,3.0964482581282267e-15
8.431916039353699e-07,0.05595639656,0.054,0.0,0.0,0.0072881072573346565,0.8674826075482119,0.002627845690310856,0.0007168608697632017,9.616459716330331e-11,0.06423513049982106,0.0,0.022101098555500194,9.994137513374636e-07,1.1960701291282404e-08,1.1788681781233269e-05,1.4773860501337063e-06,2.5835908580042102e-08,1.853220456093829e-08,6.5816519162638225e-06,1.848571597170881e-05,0.00028731047751090493,1.839380728585745e-07,2.068230680385286e-06,8.710402073463243e-28,3.10332074093851e-15
8.471803508597784e-07,0.05595639656,0.054,0.0,0.0,0.007263434729409554,0.8674676908368076,0.002632889108198697,0.0007183221298545152,9.684530423301878e-11,0.06423182250488738,0.0,0.022125409727417406,9.96745853143303e-07,1.1872439690353327e-08,1.1739322165111575e-05,1.4682032697271967e-06,2.576698995573398e-08,1.8484019909678417e-08,6.563768481154466e-06,1.84557665218245e-05,0.0002878193763864783,1.8278401240278835e-07,2.0621939280779337e-06,8.834152760638597e-28,3.1101518014220113e-15
8.502373722726986e-07,0.05595639656,0.054,0.0,0.0,0.007244643408039197,0.8674563268479921,0.0026367362473749927,0.0007194366956047784,9.736780844060846e-11,0.06422929903897338,0.0,0.022143925175477,9.947129415531216e-07,1.1805494912159272e-08,1.170177206328941e-05,1.4612317330511205e-06,2.571447433903841e-08,1.8447277455416375e-08,6.5501396920840195e-06,1.8432858276142457e-05,0.0002882077637628358,1.8190693044395482e-07,2.057590059757413e-06,8.929734759845228e-28,3.1153593916788324e-15
8.532943936856189e-07,0.05595639656,0.054,0.0,0.0,0.007225953552176274,0.8674450216479748,0.0026405677207106547,0.0007205466450984524,9.789100620750234e-11,0.06422678575069239,0.0,0.022162340082067265,9.926901742123948e-07,1.1739149316228498e-08,1.1664462138917626e-05,1.4543169743843943e-06,2.566222108924059e-08,1.8410695964516477e-08,6.536577421475354e-06,1.8409989719852517e-05,0.00028859474073953745,1.8103620477566135e-07,2.0530058209463103e-06,9.025958957699635e-28,3.120543024661645e-15
8.563514150985392e-07,0.05595639656,0.054,0.0,0.0,0.007207364337240928,0.8674337747678039,0.0026443836381141077,0.0007216520103173579,9.841489499634504e-11,0.06422428256929581,0.0,0.022180655264588664,9.906774768001187e-07,1.1673395630844415e-08,1.1627390135884692e-05,1.4474583510098738e-06,2.5610228021383266e-08,1.8374274401935035e-08,6.523081181754215e-06,1.838716114290159e-05,0.0002889803176240619,1.8017177452293274e-07,2.0484410966211485e-06,9.122826934510845e-28,3.125702860177302e-15
8.591027343701674e-07,0.05595639656,0.054,0.0,0.0,0.007190719417494171,0.8674237020555815,0.0026478047534397135,0.0007226429456485551,9.888698364797058e-11,0.06422203828949556,0.0,0.02219705433320765,9.888746006851867e-07,1.1614717467894216e-08,1.1594226912228962e-05,1.4413330619454212e-06,2.556365497655254e-08,1.834163088043797e-08,6.510990623171618e-06,1.8366649838194184e-05,0.0002893261481736212,1.7939912013760703e-07,2.044349435164476e-06,9.210559847690802e-28,3.130326496282125e-15
8.618540536417956e-07,0.05595639656,0.054,0.0,0.0,0.007174154767657423,0.8674136758718252,0.0026512134352644494,0.0007236302162682383,9.935962816361992e-11,0.06421980208888188,0.0,0.02221337386369888,9.870797669670968e-07,1.1556507780134416e-08,1.1561252995217771e-05,1.4352522780193985e-06,2.5517289737068892e-08,1.83091153245502e-08,6.498952809479883e-06,1.834617134245743e-05,0.00028967086027390025,1.7863147293216727e-07,2.040273405106023e-06,9.298816645437245e-28,3.134931099356638e-15
8.646053729134239e-07,0.05595639656,0.054,0.0,0.0,0.007157669804987896,0.8674036958849836,0.0026546097615335724,0.000724613844869327,9.983282673192367e-11,0.06421757391726597,0.0,0.02222961443373476,9.85292920756523e-07,1.1498761487510335e-08,1.152846679856073e-05,1.4292155517090866e-06,2.5471130866923467e-08,1.8276726997708387e-08,6.486967394825543e-06,1.8325725848089887e-05,0.00029001446122040633,1.7786878999892797e-07,2.0362129241528233e-06,9.387598471872587e-28,3.1395167830918125e-15
8.670815602578893e-07,0.05595639656,0.054,0.0,0.0,0.007142900994036759,0.8673947531237203,0.0026576559550561692,0.0007254960152853306,1.0025917767089518e-10,0.06421557538646916,0.0,0.022244163908504394,9.836915457311766e-07,1.1447181880153801e-08,1.1499118424100473e-05,1.423819800375473e-06,2.5429763173928545e-08,1.8247685676429938e-08,6.4762250393729865e-06,1.8307353273747444e-05,0.00029032275801204986,1.771865847135973e-07,2.032571718158856e-06,9.46795195881597e-28,3.1436278156830385e-15
8.695577476023547e-07,0.05595639656,0.054,0.0,0.0,0.007128195845356598,0.8673858472787204,0.0026606922590504275,0.0007263752701659366,1.0068597463110865e-10,0.06421358328286768,0.0,0.022258650301948072,9.820965598891135e-07,1.1395969950501613e-08,1.1469919698559409e-05,1.4184590578917795e-06,2.5388560532150387e-08,1.8218746285232235e-08,6.465524601455082e-06,1.8289007713957515e-05,0.00029063016584915033,1.765083354554917e-07,2.028942981378078e-06,9.5487324743192e-28,3.1477236966561132e-15
8.720339349468201e-07,0.05595639656,0.054,0.0,0.0,0.0071135539457488324,0.8673769781148072,0.002663718728955894,0.0007272516256591906,1.01113216316552e-10,0.06421159757075527,0.0,0.022273074023671752,9.805079238065609e-07,1.1345122138097228e-08,1.144086950138483e-05,1.4131330103280285e-06,2.5347521924190637e-08,1.8189908299078734e-08,6.4548658350549695e-06,1.827068929722189e-05,0.0002909366899120327,1.7583401187604224e-07,2.0253266548340757e-06,9.629940847330614e-28,3.1518045071012667e-15
8.745101222912856e-07,0.05595639656,0.054,0.0,0.0,0.007098974885601729,0.8673681453988191,0.002666735419784661,0.0007281250977908547,1.015409014388083e-10,0.06420961821469817,0.0,0.02228743547972641,9.789256002546767e-07,1.129463492190746e-08,1.1411966722076872e-05,1.4078413460716187e-06,2.530664636716104e-08,1.8161171192915408e-08,6.4442484960531825e-06,1.8252398148491994e-05,0.00029124233533881985,1.7516358391333155e-07,2.0217226798647866e-06,9.711577905199172e-28,3.1558703275523946e-15
8.76986309635751e-07,0.05595639656,0.054,0.0,0.0,0.0070844582588510275,0.8673593488995857,0.002669742386125342,0.0007289957024655616,1.0196902871699331e-10,0.06420764517953277,0.0,0.022301735072647058,9.77349552089907e-07,1.1244504822143319e-08,1.1383210261145098e-05,1.4025837570614613e-06,2.5265932928007687e-08,1.813253444631391e-08,6.433672342210389e-06,1.8234134389222666e-05,0.0002915471072256289,1.744970217892475e-07,2.0181309981223694e-06,9.793644473682022e-28,3.1599212379918556e-15
8.794624969802164e-07,0.05595639656,0.054,0.0,0.0,0.007070003662941164,0.8673505883879082,0.0026727396821470584,0.0007298634554679638,1.0239759687769366e-10,0.0642056784303629,0.0,0.022315973201491323,9.757797406460312e-07,1.1194728407880763e-08,1.1354599030767445e-05,1.3973599397740064e-06,2.5225380601377677e-08,1.8103997544781492e-08,6.423137133148251e-06,1.8215898137421027e-05,0.00029185101062675087,1.7383429600686638e-07,2.014551551573895e-06,9.876141376951983e-28,3.1639573178553703e-15
8.819386843246818e-07,0.05595639656,0.054,0.0,0.0,0.007055610698787555,0.8673418636365383,0.0026757273616035897,0.0007307283724638674,1.0282660465490568e-10,0.06420371793255741,0.0,0.022330150261876767,9.742161288879052e-07,1.1145302286837717e-08,1.1326131952993074e-05,1.3921695935031875e-06,2.5184988405917895e-08,1.8075559973667034e-08,6.412642630323166e-06,1.8197689507705938e-05,0.0002921540505552447,1.731753773467104e-07,2.01098428250057e-06,9.95906943760571e-28,3.167978646035701e-15
8.844148716691472e-07,0.05595639656,0.054,0.0,0.0,0.007041278970738944,0.8673331744201559,0.002678705477837349,0.0007315904690013554,1.0325605078997446e-10,0.06420176365174744,0.0,0.022344266646018032,9.726586811862384e-07,1.1096223102579348e-08,1.1297807959818721e-05,1.387012420438521e-06,2.5144755461421425e-08,1.8047221221897195e-08,6.4021885970151216e-06,1.8179508611373588e-05,0.0002924562319833456,1.7252023686373108e-07,2.007429133494985e-06,1.0042429476671129e-27,3.171985300887187e-15
8.868910590136127e-07,0.05595639656,0.054,0.0,0.0,0.00702700808654034,0.8673245205153503,0.002681674083783356,0.0007324497605118982,1.0368593403153354e-10,0.06419981555382402,0.0,0.022358322742763725,9.711073600873114e-07,1.1047487547549215e-08,1.1269625994751512e-05,1.3818881271635977e-06,2.5104680783818987e-08,1.80189807856294e-08,6.391774798320145e-06,1.8161355556467807e-05,0.0002927575598428607,1.7186884588481454e-07,2.003886047458718e-06,1.0126222313614453e-27,3.1759773602307155e-15
8.893672463580781e-07,0.05595639656,0.054,0.0,0.0,0.007012797657296909,0.867315901700599,0.002684633231973237,0.0007333062623114478,1.0411625313544559e-10,0.06419787360493569,0.0,0.022372318937632234,9.695621284983508e-07,1.0999092353582048e-08,1.1241585011448223e-05,1.3767964233827928e-06,2.5064763370598458e-08,1.799083816042507e-08,6.381401001120572e-06,1.8143230447830393e-05,0.0002930580390257702,1.7122117600506033e-07,2.0003549676024485e-06,1.0210448766348367e-27,3.1799549013570867e-15
8.918434337025435e-07,0.05595639656,0.054,0.0,0.0,0.006998647297437579,0.8673073177562471,0.0026875829745389847,0.0007341599896015237,1.045470068647437e-10,0.06419593777148588,0.0,0.02238625561284755,9.680229518901027e-07,1.0951034281409601e-08,1.1213683972485805e-05,1.3717370210158603e-06,2.5025002409548346e-08,1.7962792843808028e-08,6.371066974069209e-06,1.8125133387149074e-05,0.0002933576743844752,1.7057719908492454e-07,1.996835837445384e-06,1.0295109651239477e-27,3.1839180010313546e-15
8.943196210470089e-07,0.05595639656,0.054,0.0,0.0,0.0069845566246791585,0.8672987684644893,0.0026905233632167633,0.0007350109574702843,1.0497819398957294e-10,0.06419400802013066,0.0,0.022400133147375018,9.664897945458308e-07,1.0903310140257899e-08,1.1185921851260824e-05,1.366709636121485e-06,2.4985396961294855e-08,1.793484434242166e-08,6.360772487585095e-06,1.8107064473027643e-05,0.0002936564707320111,1.6993688724818524e-07,1.9933286008125532e-06,1.0380205783114853e-27,3.187866735498113e-15
8.967958083914744e-07,0.05595639656,0.054,0.0,0.0,0.0069705252599918345,0.8672902536093482,0.0026934544493508366,0.0007358591808935881,1.0540981328713273e-10,0.0641920843177762,0.0,0.02241395191695566,9.64962619340514e-07,1.0855916783268644e-08,1.1158297631887866e-05,1.361713988587591e-06,2.494594595268195e-08,1.7906992162389888e-08,6.350517313823677e-06,1.8089023801036658e-05,0.0002939544328427989,1.6930021287806963e-07,1.989833201833852e-06,1.0465737975270243e-27,3.191801180484513e-15
8.992719957359398e-07,0.05595639656,0.054,0.0,0.0,0.006956552827564413,0.8672817729766571,0.0026963762838971995,0.0007367046747360429,1.0584186354161979e-10,0.06419016663157665,0.0,0.022427712294140215,9.634413921142022e-07,1.0808851082965779e-08,1.1130810306803019e-05,1.3567497999900676e-06,2.4906648646165102e-08,1.787923580919941e-08,6.340301226662137e-06,1.807101146375895e-05,0.00029425156545306446,1.68667148614198e-07,1.9863495849434323e-06,1.0551707039477563e-27,3.1957214112041413e-15
9.017481830804052e-07,0.05595639656,0.054,0.0,0.0,0.00694263895476942,0.8672733263540394,0.002699288917427247,0.0007375474537520419,1.0627434354417172e-10,0.06418825492893142,0.0,0.022441414648323853,9.619260793062428e-07,1.0762109956824114e-08,1.1103458878004141e-05,1.3518167951249975e-06,2.4867504217240335e-08,1.785157479964387e-08,6.3301240016990765e-06,1.8053027550862787e-05,0.00029454787326079146,1.6803766735116178e-07,1.9828776948769615e-06,1.0638113785990916e-27,3.199627502362762e-15
9.042243704248706e-07,0.05595639656,0.054,0.0,0.0,0.006928783272129879,0.8672649135308904,0.002702192400131592,0.0007383875325867888,1.0670725209281101e-10,0.06418634917748324,0.0,0.022455059345779627,9.604166442924879e-07,1.0715690378181808e-08,1.1076242358747871e-05,1.3469147034386727e-06,2.4828511441543363e-08,1.7824008650889026e-08,6.319985416219917e-06,1.8035072149140635e-05,0.000294843360926377,1.674117422346954e-07,1.979417476671039e-06,1.0724959023554797e-27,3.203519528161189e-15
9.06700557769336e-07,0.05595639656,0.054,0.0,0.0,0.006914985413286252,0.867256534298359,0.002705086781823492,0.0007392249257773137,1.0714058799238977e-10,0.06418444934511579,0.0,0.022468646749690423,9.589130523220804e-07,1.0669589328214496e-08,1.1049159770766821e-05,1.3420432562824853e-06,2.4789669615988034e-08,1.779653687543521e-08,6.309885249181322e-06,1.801714534254388e-05,0.00029513803307334703,1.6678934665823162e-07,1.97596887566308e-06,1.081224355941176e-27,3.2073975622984086e-15
9.091767451138015e-07,0.05595639656,0.054,0.0,0.0,0.006901245014962624,0.867248188449329,0.0027079721119424084,0.0007400596477534743,1.0757435005453487e-10,0.06418255539995132,0.0,0.022482177220182555,9.57415271920729e-07,1.0623803819655558e-08,1.1022210143619193e-05,1.3372021867765852e-06,2.47509781992315e-08,1.7769158999766758e-08,6.2998232812192234e-06,1.7999247212274833e-05,0.000295431894288162,1.661704542621357e-07,1.9725318374875534e-06,1.089996819930785e-27,3.2112616779778558e-15
9.116529324582669e-07,0.05595639656,0.054,0.0,0.0,0.006887561716934522,0.867239875778401,0.002710848439557901,0.0007408917128389485,1.080085370975939e-10,0.06418066731034837,0.0,0.02249565111435868,9.559232681552706e-07,1.0578330946418883e-08,1.0995392518085067e-05,1.3323912330122231e-06,2.471243572210109e-08,1.7741874553478394e-08,6.289799294610811e-06,1.7981377836818083e-05,0.00029572494912059237,1.6555503893003287e-07,1.9691063080752224e-06,1.098813374750067e-27,3.215111947910372e-15
9.141291198027323e-07,0.05595639656,0.054,0.0,0.0,0.006873935161997512,0.8672315960818751,0.002713715813372702,0.0007417211352522157,1.0844314794658131e-10,0.06417878504489995,0.0,0.02250906878632787,9.544370048945493e-07,1.0533167802607893e-08,1.0968705944630304e-05,1.3276101361792797e-06,2.4674041321591288e-08,1.7714683054657397e-08,6.279813073253553e-06,1.7963537291945893e-05,0.00029601720208480466,1.6494307478469408e-07,1.9656922336542726e-06,1.1076741006767511e-27,3.2189484443163012e-15
9.166053071471977e-07,0.05595639656,0.054,0.0,0.0,0.0068603649959345725,0.867223349157732,0.0027165742817260004,0.000742547929107526,1.0887818143312538e-10,0.06417690857243098,0.0,0.022522430587237286,9.529564516891113e-07,1.0488311474467922e-08,1.0942149479882185e-05,1.3228586377242458e-06,2.4635795074299977e-08,1.7687584037826975e-08,6.269864402682479e-06,1.7945725650837096e-05,0.00029630865765920835,1.6433453618806017e-07,1.96228956074574e-06,1.1165790778409982e-27,3.222771238932208e-15
9.190814944916631e-07,0.05595639656,0.054,0.0,0.0,0.0068468508674847245,0.8672151348056175,0.0027194238925977634,0.000743372108415861,1.093136363954158e-10,0.06417503786199606,0.0,0.022535736865305567,9.51481576961993e-07,1.0443759172895672e-08,1.0915722190288123e-05,1.3181364832204018e-06,2.4597695282043868e-08,1.7660577048241338e-08,6.259953070032617e-06,1.7927942984116935e-05,0.00029659932028625074,1.637293977380067e-07,1.9588982361620187e-06,1.125528386226196e-27,3.2265804030143937e-15
9.21310063101682e-07,0.05595639656,0.054,0.0,0.0,0.006834735776080166,0.8672077695735327,0.0027219810086036625,0.0007441116458533065,1.0970590526824996e-10,0.06417335912375104,0.0,0.02254766532900303,9.501590137897704e-07,1.0403919742207807e-08,1.0892047312490109e-05,1.3139114273679785e-06,2.456352959468128e-08,1.763634904357777e-08,6.251064619897338e-06,1.7911963413427464e-05,0.0002968602423244034,1.6318765944910716e-07,1.955855703131617e-06,1.1336207329554819e-27,3.229997055088769e-15
9.235386317117009e-07,0.05595639656,0.054,0.0,0.0,0.00682266554102376,0.867200430420088,0.0027245310231014002,0.0007448490868441876,1.1009851376282106e-10,0.06417168500563296,0.0,0.02255954934869145,9.488409973977888e-07,1.0364322251270642e-08,1.0868475651367651e-05,1.3097097558858345e-06,2.4529481835677043e-08,1.7612194863709006e-08,6.24220608938647e-06,1.7896007415038272e-05,0.0002971205288356986,1.6264863669808206e-07,1.9528222810367888e-06,1.1417491107446474e-27,3.2334027750354545e-15
9.257672003217198e-07,0.05595639656,0.054,0.0,0.0,0.006810639912266742,0.8671931172026135,0.0027270739703339946,0.0007455844413917049,1.1049146104559542e-10,0.06417001548555186,0.0,0.02257138917225449,9.47527507408432e-07,1.0324964705502128e-08,1.0845006543222995e-05,1.3055312877861016e-06,2.449555137125883e-08,1.7588114184363985e-08,6.233377326594076e-06,1.788007503525804e-05,0.00029738018298679155,1.621123114456806e-07,1.9497979317063083e-06,1.149913577599408e-27,3.2367976138156375e-15
9.279957689317386e-07,0.05595639656,0.054,0.0,0.0,0.006798658641624572,0.86718582977949,0.0027296098843172067,0.0007463177194336352,1.1088474628721631e-10,0.06416835054156333,0.0,0.02258318504572975,9.462185168252553e-07,1.0285845205834959e-08,1.0821639333507093e-05,1.3013758473314322e-06,2.4461735889120157e-08,1.7564106654516187e-08,6.224578180606405e-06,1.7864166318730778e-05,0.00029763920792183615,1.6157866579858044e-07,1.946782617161581e-06,1.1581141914310968e-27,3.240181622082419e-15
9.302243375417575e-07,0.05595639656,0.054,0.0,0.0,0.006786721482758484,0.8671785680101374,0.0027321387988394155,0.0007470489308428697,1.1127836866247389e-10,0.06416669015186743,0.0,0.02259493721332178,9.44914001259377e-07,1.0246961690171963e-08,1.0798373371801923e-05,1.2972432587663205e-06,2.442803689524898e-08,1.754017195020828e-08,6.215808501550332e-06,1.784828130863745e-05,0.000297897606763306,1.6104768201286205e-07,1.9437762996068276e-06,1.1663510100565653e-27,3.2435548501870594e-15
9.322300492907744e-07,0.05595639656,0.054,0.0,0.0,0.0067760155532240775,0.867172054236335,0.0027344088651168903,0.0007477052622483029,1.1163291637074802e-10,0.06416519967715913,0.0,0.0226054769959989,9.437437474990997e-07,1.0212166712830697e-08,1.0777520037963306e-05,1.2935433214766986e-06,2.4397806629702417e-08,1.751869272700112e-08,6.2079408615593155e-06,1.7834005103028306e-05,0.00029812963297374195,1.605720579484493e-07,1.9410782751463775e-06,1.1737951496283085e-27,3.2465815798139114e-15
9.342357610397914e-07,0.05595639656,0.054,0.0,0.0,0.006765344979162575,0.8671655610280147,0.002736673313337852,0.000748359934733186,1.11987735896388e-10,0.06416371285819457,0.0,0.022615981748732184,9.425770856009287e-07,1.0177560004213645e-08,1.0756747723939805e-05,1.2898616258370318e-06,2.4367668043446067e-08,1.749727198867115e-08,6.200096861317826e-06,1.7819748162668818e-05,0.00029836115680505703,1.6009856300307472e-07,1.938387480496617e-06,1.1812687038555844e-27,3.2495996543296432e-15
9.362414727888083e-07,0.05595639656,0.054,0.0,0.0,0.006754709584760972,0.8671590882848161,0.0027389321676720207,0.0007490129553621499,1.1234282664631638e-10,0.06416222967937675,0.0,0.022626451645811795,9.414139970258062e-07,1.0143140091001716e-08,1.073605596746221e-05,1.2861980480877958e-06,2.4337622395622174e-08,1.7475909495576847e-08,6.192276393621939e-06,1.780551051589028e-05,0.0002985921804880687,1.596271845405355e-07,1.9357038884918463e-06,1.1887717146927742e-27,3.2526091098170434e-15
9.382471845378253e-07,0.05595639656,0.054,0.0,0.0,0.00674410919537633,0.8671526359070382,0.0027411854521459163,0.0007496643311585639,1.1269818803010447e-10,0.06416075012520055,0.0,0.022636886860368584,9.402544660775549e-07,1.0108905541907294e-08,1.0715444308204235e-05,1.282552463846278e-06,2.4307670616492717e-08,1.7454605032056623e-08,6.184479351914711e-06,1.7791292190101263e-05,0.00029882270623988793,1.5915791001756645e-07,1.9330274720866295e-06,1.1963042240334581e-27,3.255609982164464e-15
9.402528962868422e-07,0.05595639656,0.054,0.0,0.0,0.0067335436375278454,0.8671462037956329,0.002743433190646633,0.0007503140691048376,1.130538194599556e-10,0.06415927418025189,0.0,0.022647287564387625,9.390984785332129e-07,1.0074855259706551e-08,1.069491228861984e-05,1.2789247493054139e-06,2.4277807198517542e-08,1.743335836448548e-08,6.176705630256855e-06,1.7777093211693023e-05,0.00029905273626364636,1.5869072697983979e-07,1.930358204359573e-06,1.2038662737109073e-27,3.2586023070655677e-15
9.422586080358592e-07,0.05595639656,0.054,0.0,0.0,0.006723012738880768,0.8671397918522001,0.00274567540691601,0.0007509621761427225,1.1340972035068872e-10,0.06415780182920705,0.0,0.02265765392871068,9.379460149678541e-07,1.0040987732171658e-08,1.0674459457373938e-05,1.2753147845427386e-06,2.4248034399664546e-08,1.7412169213357926e-08,6.168955123361509e-06,1.7762913606169477e-05,0.0002992822727483307,1.5822562306752728e-07,1.9276960585066444e-06,1.2114579054976393e-27,3.2615861200252015e-15
9.440637486099745e-07,0.05595639656,0.054,0.0,0.0,0.006713564422199734,0.8671340382659176,0.0027476886995595226,0.0007515440837549738,1.13730261059845e-10,0.06415647977346187,0.0,0.022666954436449963,9.369117969291907e-07,1.0010661942028092e-08,1.0656119243789286e-05,1.2720808927580403e-06,2.422131969332482e-08,1.7393147998595553e-08,6.16199942925765e-06,1.7750168545387822e-05,0.0002994884354070103,1.5780879705662072e-07,1.925306194383238e-06,1.2183157012857024e-27,3.264264303169234e-15
9.456883751266782e-07,0.05595639656,0.054,0.0,0.0,0.006705084719331449,0.8671288738793392,0.002749496869009492,0.0007520666800362045,1.140189335601514e-10,0.06415529239256935,0.0,0.022675301330634712,9.35983422378339e-07,9.983493733287142e-09,1.0639667311851153e-05,1.2691825259732719e-06,2.4197336257464574e-08,1.7376068495529774e-08,6.155755246730332e-06,1.7738711438719407e-05,0.00029967364280948156,1.574350777024113e-07,1.9231602144342157e-06,1.224508258572618e-27,3.2666688186821007e-15
9.473130016433819e-07,0.05595639656,0.054,0.0,0.0,0.0066966274536733135,0.8671237225521075,0.0027513014570807325,0.0007525882184892637,1.1430778182176572e-10,0.06415410734268435,0.0,0.022683625994618414,9.350573324383394e-07,9.956442999272695e-09,1.0623266540369992e-05,1.2662955914371781e-06,2.4173412770262288e-08,1.7359026300440414e-08,6.149526110236258e-06,1.7727267084971156e-05,0.0002998585302486721,1.5706270077975485e-07,1.9210188598797058e-06,1.2307202987577111e-27,3.2690678120141947e-15
9.487751655084154e-07,0.05595639656,0.054,0.0,0.0,0.006689035024482175,0.8671190974811233,0.002752922534475578,0.0007530567016398644,1.1456789528017482e-10,0.06415304278420893,0.0,0.022691099258656835,9.342257966181734e-07,9.932197282213282e-09,1.0608549395199096e-05,1.2637070737968878e-06,2.4151932081973425e-08,1.7343720189101753e-08,6.14393270647834e-06,1.7716978080118715e-05,0.00030002465631544603,1.56728704039941e-07,1.919095583907667e-06,1.2363278110558273e-27,3.271222199844501e-15
9.502373293734488e-07,0.05595639656,0.054,0.0,0.0,0.006681460632142458,0.8671144829097921,0.0027545407299226624,0.0007535243334974964,1.1482815063499679e-10,0.06415198010160503,0.0,0.02269855465233587,9.33396097859132e-07,9.908045761172612e-09,1.059387333057694e-05,1.2611277203188095e-06,2.413049806033865e-08,1.7328444148863672e-08,6.1383514059007486e-06,1.7706699423071373e-05,0.0003001905249585634,1.563957848493161e-07,1.917176032969154e-06,1.2419511384725586e-27,3.2733721431329632e-15
9.516994932384822e-07,0.05595639656,0.054,0.0,0.0,0.006673904212109288,0.8671098788012438,0.0027561560523459245,0.000753991116672762,1.1508854766460348e-10,0.06415091928911114,0.0,0.02270599223964074,9.325682306192569e-07,9.883987799552416e-09,1.0579238177257522e-05,1.2585574856013758e-06,2.4109112534696027e-08,1.731319803213e-08,6.1327821689382724e-06,1.769643112196007e-05,0.00030035613699948543,1.560639385955556e-07,1.9152601969142134e-06,1.2475902970731846e-27,3.2755176552623413e-15
9.531616571035157e-07,0.05595639656,0.054,0.0,0.0,0.006666365700147561,0.8671052851187824,0.0027577685106322707,0.0007544570537652727,1.1534908614807829e-10,0.06414986034099013,0.0,0.022713412084252305,9.317421880548149e-07,9.860023024287675e-09,1.05646437676431e-05,1.255996325308501e-06,2.408777423550303e-08,1.7297981852119037e-08,6.127224956187244e-06,1.768617318464996e-05,0.00030052149325584176,1.5573316068986268e-07,1.91334806562695e-06,1.2532453029064398e-27,3.2776587495626326e-15
9.54623820968549e-07,0.05595639656,0.054,0.0,0.0,0.006658845032329977,0.8671007018258848,0.0027593781136311247,0.0007549221473637061,1.1560976586521272e-10,0.06414880325152922,0.0,0.022720814249547097,9.309179639192086e-07,9.836151022176346e-09,1.0550089934740599e-05,1.253444195040306e-06,2.406648125768677e-08,1.7282795507396205e-08,6.1216797284154395e-06,1.7675925618771086e-05,0.00030068659454163244,1.5540344656757161e-07,1.911439629024471e-06,1.2589161720044278e-27,3.279795439312085e-15
9.560859848335825e-07,0.05595639656,0.054,0.0,0.0,0.006651342145032899,0.8670961288862009,0.002760984870152078,0.0007553864000458652,1.158705865965032e-10,0.06414774801503972,0.0,0.022728198798596343,9.300955528412697e-07,9.81237107894443e-09,1.0535576511989406e-05,1.2509010501836655e-06,2.4045236452172135e-08,1.7267638791514202e-08,6.11614644656916e-06,1.7665688431746137e-05,0.00030085144166723245,1.550747916894926e-07,1.909534877055286e-06,1.2646029203825075e-27,3.2819277377380515e-15
9.57548148698616e-07,0.05595639656,0.054,0.0,0.0,0.006643856974937122,0.8670915662635508,0.002762588788968457,0.0007558498143787349,1.1613154812314785e-10,0.06414669462585712,0.0,0.0227355657941725,9.292749486538461e-07,9.788682828304371e-09,1.0521103334163325e-05,1.2483668468527858e-06,2.4024039077910765e-08,1.7252511756795472e-08,6.110625071753988e-06,1.7655461630741177e-05,0.00030101603543932935,1.5474719153939226e-07,1.90763379970176e-06,1.2703055640396549e-27,3.28405565801561e-15
9.590103125636494e-07,0.05595639656,0.054,0.0,0.0,0.00663638945902646,0.8670870139219251,0.0027641898788176218,0.0007563123929185396,1.1639265022704353e-10,0.06414564307834064,0.0,0.02274291529875041,9.284561448458495e-07,9.765085960865595e-09,1.0506670237131805e-05,1.2458415416484167e-06,2.400288571536638e-08,1.7237414336101274e-08,6.105115565240618e-06,1.764524522268292e-05,0.00030118037666095575,1.544206416242794e-07,1.9057363869796792e-06,1.2760241189583955e-27,3.2861792132687748e-15
9.604724764286828e-07,0.05595639656,0.054,0.0,0.0,0.006628939534582069,0.8670824718254841,0.002765788148396689,0.0007567741382108002,1.166538926907823e-10,0.0641445933668735,0.0,0.022750247374503724,9.276391357751826e-07,9.741579676199816e-09,1.049227705718051e-05,1.243325090989418e-06,2.3981780132872618e-08,1.722234623703279e-08,6.099617888477316e-06,1.7635039214304546e-05,0.00030134446613153625,1.5409513747669855e-07,1.9038426289355063e-06,1.2817586011045763e-27,3.2882984165716516e-15
9.619346402937162e-07,0.05595639656,0.054,0.0,0.0,0.006621507139183907,0.8670779399385553,0.002767383606366881,0.0007572350527903903,1.1691527529764876e-10,0.06414354548586247,0.0,0.022757562083312522,9.268239157909855e-07,9.718163588717237e-09,1.0477923631495774e-05,1.2408174515833687e-06,2.3960722718601255e-08,1.7207307556430215e-08,6.094132003068941e-06,1.7624843612090492e-05,0.00030150830464692463,1.5377067465170468e-07,1.9019525156490631e-06,1.2875090264278132e-27,3.2904132809465108e-15
9.632505877722462e-07,0.05595639656,0.054,0.0,0.0,0.006614832919311123,0.8670738699401044,0.002768817121745938,0.000757649167739225,1.1715063928764249e-10,0.06414260395338865,0.0,0.022764130523412848,9.260917422279295e-07,9.697166099238669e-09,1.0465039404746654e-05,1.2385680744918738e-06,2.3941807290094886e-08,1.71937978723461e-08,6.089204756206122e-06,1.7615676472534605e-05,0.0003016555453989599,1.5347954478410878e-07,1.9002545217872345e-06,1.2926980538043633e-27,3.2923129598228553e-15
9.645665352507763e-07,0.05595639656,0.054,0.0,0.0,0.006608172802558866,0.8670698081568292,0.0027702483729710667,0.0007580626136885033,1.1738611646157126e-10,0.06414166389502847,0.0,0.022770684990871558,9.253610083683693e-07,9.676240882646711e-09,1.045218713077532e-05,1.236325768927773e-06,2.392293027078682e-08,1.7180311756631462e-08,6.0842870016193e-06,1.760651777146489e-05,0.00030180258409415227,1.531892515988456e-07,1.8985594649838839e-06,1.2979000196644457e-27,3.294209144097977e-15
9.658824827293063e-07,0.05595639656,0.054,0.0,0.0,0.006601526744035646,0.8670657545630703,0.002771677366280694,0.0007584753924642491,1.1762170666287532e-10,0.06414072530675312,0.0,0.022777225530192714,9.246317101426394e-07,9.655387702516208e-09,1.0439366692686672e-05,1.234090503868914e-06,2.3904091084393644e-08,1.716684927664983e-08,6.079378711658935e-06,1.7597367513148936e-05,0.00030194942130531315,1.528997919037467e-07,1.8968673380744403e-06,1.3031149356014334e-27,3.2961018431608246e-15
9.670668354599833e-07,0.05595639656,0.054,0.0,0.0,0.0065955572742026495,0.8670621133096034,0.002772961534879321,0.0007588463244327403,1.1783383435341788e-10,0.06413988183091024,0.0,0.022783100143654818,9.239765656746699e-07,9.636681233408467e-09,1.0427855422022144e-05,1.2320847595520037e-06,2.3887166248904424e-08,1.7154753193750665e-08,6.0749693201836045e-06,1.758913950263025e-05,0.00030208140299805533,1.5263998818586437e-07,1.8953469230108593e-06,1.3078194418338144e-27,3.297802300194785e-15
9.682511881906602e-07,0.05595639656,0.054,0.0,0.0,0.006589599122871024,0.8670584786503934,0.0027742438841148022,0.0007592167187857498,1.180460533561783e-10,0.06413903953966953,0.0,0.022788963543397153,9.233225773726461e-07,9.61803252189361e-09,1.0416369760020208e-05,1.2300846709610505e-06,2.3870271716454664e-08,1.714267602944784e-08,6.0705675527417645e-06,1.7580918337003543e-05,0.0003022132223651097,1.5238085471595118e-07,1.8938288701814166e-06,1.3125344554469866e-27,3.2994999485847138e-15
9.694355409213372e-07,0.05595639656,0.054,0.0,0.0,0.006583652257709143,0.867054850566958,0.0027755244184847288,0.0007595865768402843,1.1825836355794858e-10,0.06413819843012539,0.0,0.022794815761470303,9.226697422169558e-07,9.599441336443704e-09,1.040490962268293e-05,1.2280902159034006e-06,2.385340914273192e-08,1.713061788994193e-08,6.066173389396997e-06,1.7572704019089317e-05,0.00030234487981926954,1.5212238919841905e-07,1.8923131744063683e-06,1.3172599848704162e-27,3.3011947951073693e-15
9.706198936520141e-07,0.05595639656,0.054,0.0,0.0,0.006577716646511686,0.8670512290408838,0.002776803142474322,0.0007599558999089172,1.1847076484581038e-10,0.06413735849938214,0.0,0.022800656829805692,9.220180572633832e-07,9.580907762819157e-09,1.0393474926350383e-05,1.226101372252157e-06,2.3836573784121504e-08,1.7118578909635032e-08,6.061786810278932e-06,1.7564496551604176e-05,0.0003024763757718639,1.5186458934631036e-07,1.8907998305208308e-06,1.3219960385267254e-27,3.302886846518439e-15
9.71804246382691e-07,0.05595639656,0.054,0.0,0.0,0.006571792257194909,0.8670476140538277,0.0027780800605513817,0.0007603246892998079,1.1868325710713401e-10,0.06413651974455394,0.0,0.022806486780209353,9.213675192919483e-07,9.562431160494943e-09,1.0382065587850387e-05,1.224118118140143e-06,2.3819767207512225e-08,1.710655851676784e-08,6.057407795596745e-06,1.755629593720957e-05,0.00030260771063267265,1.5160745288390894e-07,1.889288833372049e-06,1.3267426248313476e-27,3.3045761095539458e-15
9.728701638403004e-07,0.05595639656,0.054,0.0,0.0,0.006566469875097294,0.8670443661412317,0.0027792277464442935,0.0007606561445347914,1.188745778317782e-10,0.06413576586823865,0.0,0.022811724255930484,9.207830132268163e-07,9.545850785495716e-09,1.0371818795639625e-05,1.2223379504618347e-06,2.3804668495693495e-08,1.7095756311082145e-08,6.053473133664769e-06,1.7548921245752926e-05,0.00030272577461144893,1.5137659539254313e-07,1.8879309381505677e-06,1.3310235648697594e-27,3.3060940677734114e-15
9.739360812979098e-07,0.05595639656,0.054,0.0,0.0,0.006561156533615508,0.8670411234971624,0.0027803739763892833,0.0007609871694943227,1.1906597207222632e-10,0.06413501293999482,0.0,0.02281695277480885,9.201994315836795e-07,9.529316429837844e-09,1.0361592415923844e-05,1.22056227675663e-06,2.3789593975913274e-08,1.708496957099938e-08,6.049544568602782e-06,1.7541552109153257e-05,0.0003028437087333285,1.5114627176474333e-07,1.8865749358870441e-06,1.3353130492896538e-27,3.307609777725917e-15
9.750019987555191e-07,0.05595639656,0.054,0.0,0.0,0.0065558522096156,0.8670378861083898,0.0027815187536137753,0.0007613177651229504,1.1925743974696667e-10,0.06413426095773893,0.0,0.022822172359782174,9.196167721597408e-07,9.512827799109125e-09,1.0351386388733473e-05,1.2187910812247086e-06,2.377454071198746e-08,1.7074197837981965e-08,6.045622086124089e-06,1.75341885291628e-05,0.0003029615132939858,1.5091648036087108e-07,1.885220822853929e-06,1.339611084211591e-27,3.309123244278829e-15
9.760679162131285e-07,0.05595639656,0.054,0.0,0.0,0.006550556880039607,0.8670346539617292,0.0027826620813320704,0.0007616479323623751,1.1944898077467436e-10,0.06413350991939376,0.0,0.022827383033706693,9.190350326716122e-07,9.496384536166154e-09,1.0341200654373444e-05,1.2170243481939555e-06,2.375951168221441e-08,1.7063440989409504e-08,6.041705671983287e-06,1.7526830507474442e-05,0.0003030791885881438,1.5068721954817442e-07,1.8838685953318783e-06,1.3439176757516403e-27,3.3106344722846653e-15
9.771338336707378e-07,0.05595639656,0.054,0.0,0.0,0.006545270521906949,0.8670314270440407,0.0027838039627475293,0.0007619776721514562,1.1964059507421046e-10,0.0641327598228883,0.0,0.022832584819360353,9.184542109625274e-07,9.479986697039656e-09,1.033103515337316e-05,1.2152620620575252e-06,2.374451021851248e-08,1.7052699656110524e-08,6.0377953119696796e-06,1.7519478045696862e-05,0.00030319673490960766,1.5045848769958357e-07,1.8825182496109488e-06,1.3482328300215432e-27,3.312143466580466e-15
9.781997511283472e-07,0.05595639656,0.054,0.0,0.0,0.00653999311232208,0.8670282053422274,0.002784944401060044,0.0007623069854262252,1.1983228256462183e-10,0.0641320106661579,0.0,0.022837777739448624,9.178743048751733e-07,9.463634263658049e-09,1.0320889826466941e-05,1.213504207221945e-06,2.372952888010874e-08,1.7041973504349416e-08,6.033890991927698e-06,1.7512131145404396e-05,0.0003033141525512066,1.502302831934392e-07,1.881169781990803e-06,1.3525565531284174e-27,3.3136502319930335e-15
9.790534058864921e-07,0.05595639656,0.054,0.0,0.0,0.00653577306340676,0.8670256289502133,0.0027858566983661216,0.0007625704135820301,1.199858508713238e-10,0.06413141136992273,0.0,0.02284193018348619,9.174105378516763e-07,9.450570560937861e-09,1.0312779309173895e-05,1.2120995899214138e-06,2.371754807635833e-08,1.70333939933118e-08,6.0307685092129804e-06,1.7506251290107664e-05,0.0003034080954981113,1.500479016464037e-07,1.8800911948775435e-06,1.356025449956502e-27,3.3148553418818447e-15
9.79907060644637e-07,0.05595639656,0.054,0.0,0.0,0.006531558727610911,0.8670230558885164,0.0027867680737652216,0.0007628335692555062,1.2013946602819267e-10,0.06413081267406848,0.0,0.022846076967397985,9.1694735553548e-07,9.43753568185603e-09,1.03046816631355e-05,1.2106977969355682e-06,2.3705582835370005e-08,1.702482420977722e-08,6.027649884148774e-06,1.750037500358313e-05,0.0003035019562486793,1.4986585646582652e-07,1.8790138080847535e-06,1.3594998497369507e-27,3.3160590277547053e-15
9.80760715402782e-07,0.05595639656,0.054,0.0,0.0,0.0065273500932805295,0.8670204861504714,0.002787678528885825,0.0007630964529235601,1.2029312799390166e-10,0.06413021457754324,0.0,0.022850218102738053,9.164847568186186e-07,9.424529513330656e-09,1.029659685822349e-05,1.2092988203589952e-06,2.3693632633996477e-08,1.7016264054581162e-08,6.024535109523341e-06,1.749450228656337e-05,0.0003035957349520192,1.4968414682760204e-07,1.8779376197235436e-06,1.362979755600533e-27,3.317261292071704e-15
9.81614370160927e-07,0.05595639656,0.054,0.0,0.0,0.006523147148793073,0.8670179197294298,0.0027885880653520712,0.0007633590650619499,1.204468367271996e-10,0.06412961707929762,0.0,0.022854353601028637,9.160227406040934e-07,9.41155197036511e-09,1.0288524864400825e-05,1.207902652315628e-06,2.3681697479607382e-08,1.7007713514095312e-08,6.021424178142281e-06,1.7488633139757178e-05,0.0003036894317568548,1.4950277191018174e-07,1.8768626279085778e-06,1.3664651706761927e-27,3.318462137287233e-15
9.82468024919072e-07,0.05595639656,0.054,0.0,0.0,0.006518949882557715,0.8670153566187621,0.0027894966847841402,0.0007636214061452892,1.2060059218691044e-10,0.06412902017828494,0.0,0.022858483473760533,9.155613057814949e-07,9.398602969818627e-09,1.028046565173301e-05,1.2065092849672396e-06,2.3669777351744333e-08,1.6999172578626008e-08,6.018317082828866e-06,1.7482767563850698e-05,0.00030378304681152597,1.4932173089449675e-07,1.875788830758131e-06,1.3699560980910434e-27,3.319661565850188e-15
9.83321679677217e-07,0.05595639656,0.054,0.0,0.0,0.006514758283015262,0.867012796811856,0.0027904043887982785,0.0007638834766470506,1.2075439433193332e-10,0.06412842387346084,0.0,0.022862607732393233,9.15100451236967e-07,9.38568242564948e-09,1.0272419190379675e-05,1.2051187105046637e-06,2.3657872208455342e-08,1.6990641229318296e-08,6.0152138164241684e-06,1.7476905559508232e-05,0.00030387658026399046,1.4914102296396452e-07,1.874716226394063e-06,1.3734525409703693e-27,3.3208595802039956e-15
9.85028989193507e-07,0.05595639656,0.054,0.0,0.0,0.0065063920379293694,0.8670076870829687,0.00279221705701803,0.0007644068077940577,1.2106213851388495e-10,0.06412723304821409,0.0,0.02287083945304321,9.141804785705085e-07,9.35992636527655e-09,1.0256364402694088e-05,1.2023459091203434e-06,2.36341067785501e-08,1.6973607225939326e-08,6.009018741793362e-06,1.7465192268062267e-05,0.0003040634029522358,1.4878060310439716e-07,1.8725745885303557e-06,1.380461985614446e-27,3.323251376030599e-15
9.867362987097969e-07,0.05595639656,0.054,0.0,0.0,0.00649804832168968,0.867002590490225,0.0027940260828625894,0.0007649290622680724,1.213700689457402e-10,0.06412604459525374,0.0,0.022879048854032018,9.132628138007719e-07,9.334283111604772e-09,1.0240360264414536e-05,1.199584186207891e-06,2.3610400965139816e-08,1.695661137621078e-08,6.002838897331026e-06,1.7453493270296314e-05,0.0003042499009976651,1.4842150584819127e-07,1.8704376993637972e-06,1.3874935295742192e-27,3.3256375442053676e-15
9.884436082260868e-07,0.05595639656,0.054,0.0,0.0,0.006489727042949424,0.8669975069813641,0.0027958314791207,0.0007654502438161594,1.2167818530137332e-10,0.06412485850631616,0.0,0.022887236025918526,9.123474481761861e-07,9.308751992445063e-09,1.0224406540059e-05,1.1968334802510394e-06,2.3586754541962357e-08,1.6939653553133376e-08,5.9966742263986705e-06,1.7441808570742524e-05,0.0003044360755703102,1.4806372475126113e-07,1.8683055439977244e-06,1.3945471977864072e-27,3.3280181040798355e-15
9.901509177423767e-07,0.05595639656,0.054,0.0,0.0,0.006481428110857225,0.8669924365044053,0.002797633258518985,0.00076597035616746,1.2198648725584074e-10,0.06412367477317753,0.0,0.02289540105877055,9.114343729824202e-07,9.28333234029106e-09,1.0208502995589986e-05,1.1940937301751883e-06,2.356316728440162e-08,1.6922733629657327e-08,5.9905246726363625e-06,1.7430138173592262e-05,0.00030462192783420236,1.4770725340843916e-07,1.8661781075922352e-06,1.4016230151587369e-27,3.330393074919241e-15
9.918582272586667e-07,0.05595639656,0.054,0.0,0.0,0.006473151435053663,0.8669873790076444,0.0027994314337223374,0.0007664894030333022,1.222949744853747e-10,0.06412249338765354,0.0,0.022903544042168274,9.105235795468118e-07,9.25802349284815e-09,1.019264939839921e-05,1.1913648753373263e-06,2.3539638968057638e-08,1.6905851479508533e-08,5.984390179960999e-06,1.7418482082700475e-05,0.0003048074589474158,1.4735208545319357e-07,1.8640553753639515e-06,1.4087210065700234e-27,3.3327624759030285e-15
9.935655367749566e-07,0.05595639656,0.054,0.0,0.0,0.006464896925667955,0.8669823344396547,0.0028012260173343,0.0007670073881073081,1.2260364666737732e-10,0.06412131434159923,0.0,0.0229116650652075,9.096150592427798e-07,9.232824792742297e-09,1.017684551729369e-05,1.1886468555193137e-06,2.3516169370163934e-08,1.6889006976925984e-08,5.978270692564712e-06,1.7406840301590103e-05,0.00030499267006210706,1.4699821455735338e-07,1.861937332585803e-06,1.4158411968702639e-27,3.3351263261252794e-15
9.969801558075365e-07,0.05595639656,0.054,0.0,0.0,0.006448454049091209,0.8669722838856486,0.002804804459893604,0.0007680401875663778,1.2322154460421183e-10,0.06411896323551504,0.0,0.022927841584190735,9.078048037380931e-07,9.1827552296943e-09,1.0145385985591942e-05,1.1832430821893633e-06,2.3469405443919764e-08,1.6855430414123215e-08,5.966076511744581e-06,1.7383599681171605e-05,0.00030536213687516696,1.4629433882139785e-07,1.8577152567519915e-06,1.4301482733940666e-27,3.339837450237235e-15
9.999999999999997e-07,0.05595639656,0.054,0.0,0.0,0.0064339852010579564,0.8669634379044646,0.002807957338075735,0.0007689500784608406,1.2376861875492765e-10,0.06411689166719527,0.0,0.022942075548409994,9.062113308435534e-07,9.138835186086773e-09,1.0117727071021595e-05,1.1784995914814056e-06,2.342824160480938e-08,1.6825860010157096e-08,5.9553416136094136e-06,1.736309370509493e-05,0.00030568783300480225,1.4567610264114313e-07,1.8539967962013082e-06,1.4428754954484647e-27,3.3439855898368164e-15
1.0003947748401164e-06,0.05595639656,0.054,0.0,0.0,0.006432098771809378,0.8669622844364179,0.002808368685812247,0.0007690687837435128,1.2384017850873305e-10,0.06411662139054251,0.0,0.022943931318922597,9.060035383168888e-07,9.133118490017691e-09,1.011412257888241e-05,1.1778819368579056e-06,2.342287374492932e-08,1.68220029459371e-08,5.953941689154868e-06,1.7360416334039577e-05,0.0003057303373736816,1.4559557633209875e-07,1.8535117633923066e-06,1.4445444429571378e-27,3.3445265983176975e-15
1.0038093938726963e-06,0.05595639656,0.054,0.0,0.0,0.006415830392114369,0.8669523356902934,0.002811918793747638,0.000770093205560977,1.2445954584166785e-10,0.06411428874291307,0.0,0.02295993496506254,9.04211195496023e-07,9.083909489338111e-09,1.008305349757715e-05,1.172562952824307e-06,2.3376572530043053e-08,1.6788723585580402e-08,5.941865788072812e-06,1.733729027684931e-05,0.0003060972805656595,1.4490187781747117e-07,1.8493267366953397e-06,1.4590299033309829e-27,3.3491939200923993e-15
1.0072240129052761e-06,0.05595639656,0.054,0.0,0.0,0.0063996482158057985,0.8669424372498481,0.00281545488141084,0.0007711134816677411,1.250796440818951e-10,0.06411196522946483,0.0,0.02297585321082797,9.024277084657034e-07,9.035123218659104e-09,1.0052176963768436e-05,1.1672856698886676e-06,2.333050007335473e-08,1.6755591354714902e-08,5.929848376023217e-06,1.7314221521339125e-05,0.00030646297536800974,1.4421319459357055e-07,1.8451600617298877e-06,1.4736048518344403e-27,3.3538395639642917e-15
1.014053250970436e-06,0.05595639656,0.054,0.0,0.0,0.006367539733488499,0.8669227897171627,0.0028224853821013354,0.0007731417099979144,1.2632202328940643e-10,0.06410734535545348,0.0,0.023007436217485817,8.988870378438112e-07,8.938799200128993e-09,9.990994533485045e-06,1.1568543983652106e-06,2.323903461628589e-08,1.6689764409772295e-08,5.90598731005903e-06,1.7268255938483546e-05,0.00030719065502291096,1.4285068217289515e-07,1.836881311629606e-06,1.5030240002586674e-27,3.363066405080241e-15
1.0201995652290796e-06,0.05595639656,0.054,0.0,0.0,0.00633893010096731,0.86690527508107,0.0028287658446548916,0.0007749532190893157,1.2744263935241147e-10,0.06410321808626625,0.0,0.023035575609506004,8.957300642924865e-07,8.853504565892632e-09,9.936571455285403e-06,1.1476043843010942e-06,2.315748109062599e-08,1.6631013697229615e-08,5.884708129784822e-06,1.7227082907132934e-05,0.00030784138485000326,1.4164109664035944e-07,1.8294920642533973e-06,1.529809253574617e-27,3.371297885843371e-15
1.0263458794877234e-06,0.05595639656,0.054,0.0,0.0,0.006310589303907429,0.8668879174426378,0.0028350023590699987,0.0007767517294746198,1.2856558515698705e-10,0.06409911945649628,0.0,0.023063448677683777,8.926007742407055e-07,8.769504982266215e-09,9.882745538338941e-06,1.1384826105831515e-06,2.30766426691518e-08,1.6572724845907016e-08,5.863611916980081e-06,1.718609550402435e-05,0.000308488204528576,1.404470295299687e-07,1.8221605285896974e-06,1.5568874967308878e-27,3.379461379169873e-15
1.0324921937463671e-06,0.05595639656,0.054,0.0,0.0,0.006282513552321912,0.8668707146302618,0.0028411954624523476,0.0007785373987707821,1.2969084663255282e-10,0.06409504911878008,0.0,0.023091059179372066,8.894988012147368e-07,8.686773790947163e-09,9.829507156620158e-06,1.1294866145067333e-06,2.299650988492864e-08,1.6514892444320613e-08,5.8426962965139035e-06,1.714529363568356e-05,0.0003091311629182574,1.3926821711573188e-07,1.8148860652900003e-06,1.5842598644788053e-27,3.387557704528416e-15
1.0386385080050109e-06,0.05595639656,0.054,0.0,0.0,0.00625469912743524,0.8668536645126182,0.0028473456828449232,0.0007803103819732814,1.30818409884992e-10,0.06409100673156788,0.0,0.02311841080133337,8.864237851593865e-07,8.605285024459535e-09,9.776846887444349e-06,1.1206139934112906e-06,2.2917073436410968e-08,1.6457511163071535e-08,5.8219589339862194e-06,1.7104677166300668e-05,0.00030977030801111136,1.3810440121641647e-07,1.8076680437065325e-06,1.6119274870306376e-27,3.3955876685772e-15
1.0447848222636546e-06,0.05595639656,0.054,0.0,0.0,0.006227142380012028,0.8668367649977294,0.002853453539421004,0.0007820708315109849,1.3194826119350698e-10,0.06408699195900104,0.0,0.02314550716139598,8.833753722729228e-07,8.525013384589603e-09,9.72475550618332e-06,1.1118624029346696e-06,2.2838324183998522e-08,1.6400575753417922e-08,5.801397534871902e-06,1.7064245919709382e-05,0.0003104056869511844,1.3695532905739466e-07,1.8005058417678782e-06,1.639891490108246e-27,3.40355206540442e-15
1.0509311365222983e-06,0.05595639656,0.054,0.0,0.0,0.006199839728733069,0.866820014032055,0.0028595195426721963,0.0007838188972996304,1.3308038700754724e-10,0.06408300447079267,0.0,0.023172351810063392,8.803532148874287e-07,8.445934221722869e-09,9.673223981131389e-06,1.1032295553094642e-06,2.2760253146792766e-08,1.6344081045778938e-08,5.781009843680512e-06,1.702399968123589e-05,0.0003110373460535666,1.3582075313722298e-07,1.7933988458550908e-06,1.6681529949902658e-27,3.4114516767659384e-15
1.057077450780942e-06,0.05595639656,0.054,0.0,0.0,0.006172787658616141,0.8668034095996067,0.0028655441945917718,0.0007855547267940007,1.342147739438048e-10,0.06407904394211063,0.0,0.02319894823207938,8.773569713602548e-07,8.368023514735041e-09,9.622243468530376e-06,1.0947132176908279e-06,2.268285149889533e-08,1.628802194834948e-08,5.760793643142635e-06,1.6983938199526453e-05,0.00031166533082290697,1.347004310970574e-07,1.7863464506789972e-06,1.6967131185594067e-27,3.41928727231545e-15
1.0632237650395858e-06,0.05595639656,0.054,0.0,0.0,0.006145982719481621,0.866786949721089,0.002871527988853275,0.0007872784650387756,1.3535140878327843e-10,0.06407511005346425,0.0,0.0232252998479485,8.743863059103355e-07,8.291257851663635e-09,9.571805307772133e-06,1.0863112105723125e-06,2.26061105660665e-08,1.623239344575657e-08,5.740746753417193e-06,1.69440611883068e-05,0.00031228968597141275,1.3359412559368174e-07,1.7793480591588168e-06,1.7255729733490924e-27,3.4270596098291578e-15
1.0693700792982296e-06,0.05595639656,0.054,0.0,0.0,0.006119421524460886,0.8667706324530641,0.0028774714109846113,0.0007889902547181218,1.3649027846840372e-10,0.0640712024905934,0.0,0.023251410015414434,8.714408884916563e-07,8.21561441122303e-09,9.521901016722518e-06,1.0780214062498538e-06,2.253002182299413e-08,1.6177190597621407e-08,5.7208670313105164e-06,1.6904368327997506e-05,0.00031291045543643223,1.325016041773215e-07,1.7724030823016976e-06,1.7547336675883662e-27,3.4347694354291428e-15
1.0755163935568733e-06,0.05595639656,0.054,0.0,0.0,0.006093100748545837,0.866754455887139,0.0028833749385377503,0.0007906902362040619,1.3763137010024643e-10,0.06406732094436055,0.0,0.023277282030897482,8.68520394722034e-07,8.141070944781844e-09,9.472522287166763e-06,1.0698417273163515e-06,2.2454576889793548e-08,1.6122408537261373e-08,5.701152369521181e-06,1.6864859267326037e-05,0.000313527682397497,1.314226391719184e-07,1.7655109390849517e-06,1.7841963052471248e-27,3.4424174837989203e-15
1.081662707815517e-06,0.05595639656,0.054,0.0,0.0,0.0060670171271779835,0.8667384181491726,0.0028892390412542253,0.0007923785476036631,1.387746709357582e-10,0.0640634651106452,0.0,0.02330291913089278,8.656245057306883e-07,8.067605759022013e-09,9.423660980438632e-06,1.0617701452385117e-06,2.2379767528540864e-08,1.6068042470454016e-08,5.68160069590513e-06,1.6825533624900814e-05,0.00031414140929289215,1.3035700755823816e-07,1.7586710563392602e-06,1.8139619860809624e-27,3.45000447839321e-15
1.0878090220741608e-06,0.05595639656,0.054,0.0,0.0,0.006041167454876181,0.8667225173985089,0.002895064181226511,0.0007940553248050754,1.399201683850916e-10,0.06405963469024137,0.0,0.023328324493330374,8.627529079979166e-07,7.995197699362331e-09,9.375309123176613e-06,1.0538046789740206e-06,2.2305585641240256e-08,1.601408767405181e-08,5.662209972748528e-06,1.678639099061476e-05,0.0003147516778359173,1.2930449086195963e-07,1.7518828686316803e-06,1.844031805673837e-27,3.457531131648299e-15
1.0939553363328045e-06,0.05595639656,0.054,0.0,0.0,0.006015548583901611,0.8667067518272263,0.0029008508130553986,0.00079572070152245,1.4106785000897475e-10,0.06405582938875715,0.0,0.023353501238898337,8.599052933238595e-07,7.923826133759684e-09,9.327458903144343e-06,1.045943393594992e-06,2.2232023266730143e-08,1.5960539494738053e-08,5.642978196065133e-06,1.6747430927059208e-05,0.00031535852903062493,1.2826487504380483e-07,1.7451458181517561e-06,1.8744068554812316e-27,3.464998145184631e-15
1.1001016505914483e-06,0.05595639656,0.054,0.0,0.0,0.005990157422958899,0.8666911196594097,0.0029065993840034776,0.000797374809339765,1.4221770351614269e-10,0.064052048916517,0.0,0.023378452432329968,8.570813587256174e-07,7.8534709371617e-09,9.28010266522297e-06,1.0381843990060634e-06,2.21590725764372e-08,1.5907393347902886e-08,5.6239033949151106e-06,1.670865297094625e-05,0.0003159620031870647,1.272379503916025e-07,1.7384593545993937e-06,1.9050882228734145e-27,3.472406210002258e-15
1.106247964850092e-06,0.05595639656,0.054,0.0,0.0,0.005964990935932484,0.8666756191504413,0.00291231033414484,0.0007990177777535944,1.433697167608247e-10,0.06404829298846632,0.0,0.023403181083656254,8.542808062050142e-07,7.784112476606793e-09,9.233232907576027e-06,1.0305258487237476e-06,2.2086725873160982e-08,1.5854644716331883e-08,5.604983630727557e-06,1.6670056634323453e-05,0.0003165621399363335,1.2622351141782262e-07,1.7318229350718872e-06,1.9360769911759614e-27,3.4797560066790414e-15
1.1123942791087358e-06,0.05595639656,0.054,0.0,0.0,0.005940046140656794,0.8666602485863096,0.0029179840965111305,0.0008006497342148484,1.4452387774028593e-10,0.06404456132407835,0.0,0.023427690149424755,8.515033427214691e-07,7.715731596584268e-09,9.186842277818861e-06,1.0229659386056706e-06,2.2014975589450636e-08,1.580228914899455e-08,5.586216996645955e-06,1.6631641405801773e-05,0.0003171589782451558,1.2522135675890168e-07,1.7252360239542209e-06,1.967374239710849e-27,3.4870482055614292e-15
1.1185405933673795e-06,0.05595639656,0.054,0.0,0.0,0.005915320107719003,0.8666450062829381,0.0029236210972340146,0.0008022708041695147,1.456801745924213e-10,0.06404085364726327,0.0,0.02345198253388609,8.487486802277636e-07,7.648309605141314e-09,9.140923569296042e-06,1.0155029056614162e-06,2.1943814281336962e-08,1.575032226000501e-08,5.567601616897303e-06,1.659340675186095e-05,0.00031775255642989183,1.242312890751622e-07,1.7186980928118142e-06,1.998981043838384e-27,3.494283466946066e-15
1.1246869076260233e-06,0.05595639656,0.054,0.0,0.0,0.005890809959293897,0.8666298905855301,0.002929221755684198,0.0008038811110984291,1.4683859559340164e-10,0.06403716968627965,0.0,0.023476061090148756,8.460165353562136e-07,7.581828260506491e-09,9.095469717633513e-06,1.008135027010269e-06,2.1873234626925773e-08,1.5698739727414776e-08,5.549135646160289e-06,1.6555352117897465e-05,0.0003183429121704651,1.2325311495693506e-07,1.7122086202813465e-06,2.0308984749956648e-27,3.5014624412667034e-15
1.130833221884667e-06,0.05595639656,0.054,0.0,0.0,0.005866512868009722,0.8666148998679327,0.0029347864846071053,0.0008054807765560983,1.479991291553694e-10,0.06403350917364774,0.0,0.023499928621303345,8.433066292492113e-07,7.516269757670395e-09,9.05047379728085e-06,1.0008606187330853e-06,2.180322942944821e-08,1.5647537292048818e-08,5.53081726895373e-06,1.6517476929266968e-05,0.00031893008252394664,1.2228664483259582e-07,1.7057670919650367e-06,2.0631276007355424e-27,3.5085857692745778e-15
1.1369795361433107e-06,0.05595639656,0.054,0.0,0.0,0.00584242605584339,0.8666000325320142,0.0029403156902552447,0.0008070699202086045,1.491617638241832e-10,0.06402987184606522,0.0,0.023523587881517306,8.406186878557151e-07,7.451616716016564e-09,9.005929017967474e-06,9.936780346919989e-07,2.1733791608118858e-08,1.5596710756480292e-08,5.51264469905316e-06,1.647978059250752e-05,0.00031951410393741994,1.21331692875286e-07,1.6993730003287387e-06,2.0956694847674712e-27,3.515654082206482e-15
1.1431258504019545e-06,0.05595639656,0.054,0.0,0.0,0.005818546793044932,0.8665852870070612,0.002945809772517391,0.0008086486598706163,1.503264882772101e-10,0.06402625744432447,0.0,0.023547041577101028,8.379524416986439e-07,7.38785216756203e-09,8.961828721560462e-06,9.865856656540958e-07,2.1664914190923253e-08,1.5546255983930334e-08,5.494616178901918e-06,1.6442262496248563e-05,0.0003200950122608016,1.203880769167751e-07,1.6930258445966198e-06,2.1285251869940496e-27,3.5226680019610053e-15
1.1492721646605982e-06,0.05595639656,0.054,0.0,0.0,0.005794872397090519,0.86657066174919,0.0029512691250447574,0.0008102171115415294,1.5149329132116461e-10,0.06402266571323229,0.0,0.023570292367545705,8.353076252318002e-07,7.3249595442975895e-09,8.91816637911247e-06,9.79581938370932e-07,2.1596590328642225e-08,1.5496168897263446e-08,5.4767299790371035e-06,1.6404922012054705e-05,0.00032067284275960086,1.194556183639953e-07,1.686725130648894e-06,2.1616957635477018e-27,3.5296281412700614e-15
1.155418478919242e-06,0.05595639656,0.054,0.0,0.0,0.005771400231662056,0.8665561552407715,0.002956694135374108,0.0008117753894407624,1.5266216188999238e-10,0.06401909640153128,0.0,0.02359334286653453,8.326839773398291e-07,7.262922666897757e-09,8.8749355874377e-06,9.726653143097964e-07,2.1528813288791404e-08,1.544644547788288e-08,5.458984397550896e-06,1.6367758495600178e-05,0.00032124763012680906,1.1853414211151039e-07,1.6804703709257578e-06,2.1951822668307338e-27,3.536535103853586e-15
1.1615647931778857e-06,0.05595639656,0.054,0.0,0.0,0.005748127705652914,0.8665417659898728,0.0029620851850478574,0.0008133236060422268,1.5383308904279824e-10,0.06401554926182286,0.0,0.02361619564292811,8.300812418140039e-07,7.201725735267269e-09,8.832130065976628e-06,9.658342887908647e-07,2.1461576425064768e-08,1.5397081764582437e-08,5.441377759543241e-06,1.6330771287478307e-05,0.0003218194084945282,1.1762347646212459e-07,1.6742610843260106e-06,2.228985745550162e-27,3.543389484585509e-15
1.1677111074365295e-06,0.05595639656,0.054,0.0,0.0,0.005725052272200301,0.8665274925297131,0.0029674426497315,0.0008148618721080002,1.5500606196181678e-10,0.06401202405049233,0.0,0.023638853221723724,8.27499165911917e-07,7.141353316439314e-09,8.789743654559632e-06,9.590873905333354e-07,2.1394873204175985e-08,1.534807385297185e-08,5.423908416579236e-06,1.6293959713816885e-05,0.0003223882114459706,1.1672345305207988e-07,1.6680967961073743e-06,2.2631072447518307e-27,3.55019186965829e-15
1.1738574216951732e-06,0.05595639656,0.054,0.0,0.0,0.005702171427742423,0.866513333418133,0.0029727668993283028,0.0008163902967212182,1.561810699504257e-10,0.06400852052763614,0.0,0.023661318084989835,8.249375001371783e-07,7.081790332554241e-09,8.747770310401394e-06,9.524231803638559e-07,2.1328697237239173e-08,1.5299417894375443e-08,5.406574746191839e-06,1.6257323087429373e-05,0.0003229540720267739,1.1583390676826586e-07,1.6619770377969222e-06,2.297547805859973e-27,3.556942836724241e-15
1.180003735953817e-06,0.05595639656,0.054,0.0,0.0,0.005679482711098204,0.8664992872370756,0.0029780582980910198,0.0008179089873182057,1.5735810243119955e-10,0.06400503845698996,0.0,0.023683592672778087,8.223960006182255e-07,7.0230220549946496e-09,8.70620410429772e-06,9.458402498577583e-07,2.1263042195480576e-08,1.5251110094060425e-08,5.389375151377099e-06,1.6220860708586903e-05,0.00032351702275536606,1.1495467567426035e-07,1.6559013470940387e-06,2.3323084667106597e-27,3.5636429550511426e-15
1.1861500502124607e-06,0.05595639656,0.054,0.0,0.0,0.005656983702571012,0.8664853525920834,0.0029833172047311132,0.0008194180497198745,1.585371489440025e-10,0.06400157760585828,0.0,0.023705679384011635,8.198744278058125e-07,6.965034095133377e-09,8.665039218909698e-06,9.393372215408016e-07,2.1197901801517245e-08,1.5203146711329032e-08,5.372308060077167e-06,1.618457186536023e-05,0.00032407709563378337,1.1408560094483695e-07,1.6498692677717858e-06,2.3673902615829443e-27,3.5702927856822726e-15
1.1922963644711044e-06,0.05595639656,0.054,0.0,0.0,0.005634672023077641,0.8664715281118067,0.0029885439725259024,0.0008209175881624019,1.597181991441211e-10,0.06399813774504727,0.0,0.023727580577348677,8.173725427148485e-07,6.907812386702095e-09,8.62426994746361e-06,9.329127483464941e-07,2.1133269998005394e-08,1.5155524059315564e-08,5.3553719247184955e-06,1.6148455834750932e-05,0.00032463432215906296,1.1322652678707655e-07,1.6438803495945837e-06,2.4027942212381643e-27,3.576892881564196e-15
1.1984426787297482e-06,0.05595639656,0.054,0.0,0.0,0.005612545333296985,0.8664578124475238,0.0029937389494227077,0.0008224077053272045,1.6090124280043534e-10,0.06399471864879809,0.0,0.0237492985720266,8.148901111993244e-07,6.851343181815903e-09,8.583890688744125e-06,9.265655108806864e-07,2.10691408382821e-08,1.5108238501534695e-08,5.3385652217521415e-06,1.6112511883518955e-05,0.00032518873333304215,1.1237730036987392e-07,1.637934148226611e-06,2.4385213729525413e-27,3.583443787690986e-15
1.204588992988392e-06,0.05595639656,0.054,0.0,0.0,0.005590601332836241,0.8664442042726734,0.0029989024781400713,0.000823888502370238,1.6208626979362556e-10,0.0639913200947204,0.0,0.02377083564868773,8.12426908127362e-07,6.795613055701122e-09,8.543895943729277e-06,9.202942173740939e-07,2.1005508208763755e-08,1.506128645165994e-08,5.321886451160786e-06,1.6076739268205595e-05,0.0003257403596705634,1.11537771769044e-07,1.6320302251317889e-06,2.4745727405448485e-27,3.58994604126315e-15
1.2107353072470356e-06,0.05595639656,0.054,0.0,0.0,0.0055688377594243325,0.8664307022823986,0.003004034896267905,0.0008253600789506321,1.6327327011441343e-10,0.06398794186372866,0.0,0.02379219405017826,8.09982706891936e-07,6.740608878734865e-09,8.504280318261943e-06,9.140976060741374e-07,2.0942366239547407e-08,1.501466437680265e-08,5.3053341360229605e-06,1.6041137236209238e-05,0.0003262892312106641,1.1070779389194347e-07,1.6261681474992338e-06,2.5109493444154834e-27,3.596400171802418e-15
1.216266990079815e-06,0.05595639656,0.054,0.0,0.0,0.005549402968813565,0.8664186402176378,0.0030086277479919443,0.0008266766955616723,1.643432494128641e-10,0.06398491865361666,0.0,0.023811265668119558,8.077989821372554e-07,6.691715172426587e-09,8.468946026090346e-06,9.085834875544198e-07,2.0885953595924657e-08,1.4972983757123426e-08,5.290543969409344e-06,1.600924062754753e-05,0.000326780884698784,1.0996886032482339e-07,1.6209277023281113e-06,2.5439672055491282e-27,3.602168175658885e-15
1.2217986729125945e-06,0.05595639656,0.054,0.0,0.0,0.005530110924818637,0.8664066622010984,0.0030131959085886,0.0008279859937321533,1.654148119416368e-10,0.06398191157519194,0.0,0.02383019592927896,8.056303082699438e-07,6.643389920427781e-09,8.433910735582876e-06,9.031279741663078e-07,2.0829929634465502e-08,1.4931565083807698e-08,5.275854008769789e-06,1.5977481014776316e-05,0.00032727035200563113,1.0923744257052096e-07,1.6157204983342636e-06,2.577250070966423e-27,3.607897998150955e-15
1.2267771874620959e-06,0.05595639656,0.054,0.0,0.0,0.00551286883294374,0.8663959530967984,0.0030172863371885086,0.0008291581624048613,1.663805660306431e-10,0.06397921887063183,0.0,0.023847113593740147,8.036912427264753e-07,6.600375803977747e-09,8.40263153512988e-06,8.982674037469307e-07,2.0779836909148254e-08,1.4894510194994439e-08,5.262717868348326e-06,1.594901402756691e-05,0.0003277090207139318,1.0858550860861159e-07,1.6110621846396759e-06,2.6074318375910195e-27,3.6130224997320745e-15
1.2312578505566471e-06,0.05595639656,0.054,0.0,0.0,0.005497447784850537,0.866386371941969,0.003020950926785532,0.0008302081355262217,1.6725083205173e-10,0.06397680641137334,0.0,0.02386224360230251,8.01956301196939e-07,6.5620452422275684e-09,8.374682532954166e-06,8.939323669978661e-07,2.073501767165469e-08,1.4861339019238347e-08,5.250963412866924e-06,1.5923487880967708e-05,0.0003281023354799988,1.0800384248051638e-07,1.606892331768465e-06,2.6347799094096833e-27,3.6176085860266215e-15
1.2357385136511984e-06,0.05595639656,0.054,0.0,0.0,0.0054821176303847955,0.8663768443366161,0.0030245997311633115,0.0008312534294933301,1.6812212435266075e-10,0.06397440426693773,0.0,0.023877283605383114,8.002309525006132e-07,6.524071933523074e-09,8.346923166628556e-06,8.896342662918935e-07,2.0690446636189018e-08,1.4828335352717967e-08,5.23927289150631e-06,1.589805060550531e-05,0.0003284942527058418,1.074269293884466e-07,1.602743753260858e-06,2.662303157510472e-27,3.622170273430677e-15
1.2402191767457497e-06,0.05595639656,0.054,0.0,0.0,0.005466877565198443,0.8663673698162891,0.0030282328713596095,0.0008322940800677337,1.6899443926704196e-10,0.06397201235873526,0.0,0.02389223440042203,7.98515128018998e-07,6.48645139301566e-09,8.319351530882209e-06,8.8537265860128e-07,2.0646120774284272e-08,1.4795497916266144e-08,5.227645775999225e-06,1.5872701894596816e-05,0.00032888478312658587,1.0685471767961213e-07,1.5986162924415482e-06,2.6900019705168325e-27,3.626707752441666e-15
1.2435625939508224e-06,0.05595639656,0.054,0.0,0.0,0.005455563828937235,0.8663603343530772,0.00303093374348263,0.0008330675970601348,1.696460142758987e-10,0.0639702341678688,0.0,0.023903332856802594,7.972409549304634e-07,6.458606536057537e-09,8.29889909467821e-06,8.8221621866256e-07,2.061320436324332e-08,1.4771102559970292e-08,5.219010758091223e-06,1.585384450531655e-05,0.0003291752950961164,1.064307726383106e-07,1.5955500959610414e-06,2.710785103903896e-27,3.6300779059291444e-15
1.2469060111558951e-06,0.05595639656,0.054,0.0,0.0,0.005444299484474772,0.8663533280029466,0.003033626009831408,0.0008338385629026702,1.7029815514477695e-10,0.06396846160118266,0.0,0.023914382405442646,7.959719994929381e-07,6.4309537737106806e-09,8.27854937730257e-06,8.790796848166743e-07,2.0580422959177365e-08,1.474679854625764e-08,5.210410538301607e-06,1.5835036128313818e-05,0.0003294650451790392,1.0600939599884291e-07,1.5924955073450455e-06,2.731666367882218e-27,3.6334347629203705e-15
1.2502494283609678e-06,0.05595639656,0.054,0.0,0.0,0.005433084207843267,0.8663463505787534,0.003036309719304561,0.0008346069920469398,1.7095086038088226e-10,0.06396669462692232,0.0,0.023925383367527458,7.947082327638718e-07,6.4034913035015595e-09,8.258301614164997e-06,8.759628785847815e-07,2.0547775576604216e-08,1.4722585351569362e-08,5.201844903443559e-06,1.5816276634719888e-05,0.0003297540377090829,1.0559056704730617e-07,1.5894524630877882e-06,2.7526459229284813e-27,3.636778400456586e-15
1.2535928455660405e-06,0.05595639656,0.054,0.0,0.0,0.005421917677906995,0.8663394018949715,0.0030389849204125238,0.0008353728988314058,1.7160412849994482e-10,0.06396493321358228,0.0,0.02393633606143365,7.934496243454346e-07,6.376217342933533e-09,8.23815504963431e-06,8.728656271237477e-07,2.0515261403856153e-08,1.4698462465417409e-08,5.193313642013913e-06,1.5797565895012573e-05,0.00033004227698192357,1.0517426527883504e-07,1.586420900131099e-06,2.7737239292401586e-27,3.640108894996947e-15
1.256601921050606e-06,0.05595639656,0.054,0.0,0.0,0.005411909216230691,0.8663331725005724,0.00304138536654254,0.0008360600700802503,1.7219254985209299e-10,0.06396335267032253,0.0,0.023946152477553145,7.923212587749838e-07,6.351830500230744e-09,8.220109049889748e-06,8.700946807216068e-07,2.048611186107884e-08,1.4676828665014068e-08,5.185664722585123e-06,1.5780767806443575e-05,0.00033030105181436906,1.0480173764729882e-07,1.5837022582203636e-06,2.792778442932572e-27,3.643095165548012e-15
1.2596109965351716e-06,0.05595639656,0.054,0.0,0.0,0.005401939751356505,0.8663269661039213,0.00304377899470762,0.0008367452200367217,1.7278142487385453e-10,0.06396177658346752,0.0,0.023955930280275345,7.911970205083156e-07,6.3275936560944906e-09,8.202143877140535e-06,8.673393129214119e-07,2.0457068935121787e-08,1.4655267237132912e-08,5.1780433239601855e-06,1.5764009008329605e-05,0.0003305592230427802,1.0443122593141106e-07,1.5809928200914654e-06,2.8119129480802864e-27,3.646070906658969e-15
1.262620072019737e-06,0.05595639656,0.054,0.0,0.0,0.005392009054950387,0.8663207825730622,0.0030461658394840313,0.0008374283589229091,1.7337075250062805e-10,0.06396020493055883,0.0,0.023965669695972292,7.900768881599042e-07,6.303505552587361e-09,8.184258995356157e-06,8.64599400136386e-07,2.042813205562672e-08,1.463377781533675e-08,5.1704492955200785e-06,1.5747289405475252e-05,0.0003308167937274803,1.040627156052578e-07,1.5782925406826711e-06,2.8311275608943662e-27,3.6490361728731416e-15
1.2656291475043026e-06,0.05595639656,0.054,0.0,0.0,0.005382116900461877,0.8663146217770574,0.0030485459352031425,0.0008381094968894125,1.7396053167323267e-10,0.06395863768929538,0.0,0.02397537094924756,7.889608379118262e-07,6.279564948074017e-09,8.166453874663654e-06,8.618748223952474e-07,2.0399300626264403e-08,1.4612360038446881e-08,5.162882487731156e-06,1.573060890240726e-05,0.00033107376690526833,1.0369619227337341e-07,1.575601375216635e-06,2.850422397406829e-27,3.65199101836326e-15
1.2686382229888682e-06,0.05595639656,0.054,0.0,0.0,0.005372263063108453,0.866308483585978,0.0030509193159542754,0.0008387886440159814,1.7455076133786735e-10,0.06395707483753246,0.0,0.023985034262951763,7.878488460796186e-07,6.2557706147383505e-09,8.148727989898241e-06,8.591654608262704e-07,2.0370574033798687e-08,1.4591013546547972e-08,5.155342752150069e-06,1.5713967403441893e-05,0.00033133014559080565,1.0333164166887998e-07,1.5729192791963473e-06,2.8697975734713772e-27,3.654935496934035e-15
1.2716472984734337e-06,0.05595639656,0.054,0.0,0.0,0.0053624473198592695,0.8663023678708937,0.0030532860155871606,0.0008394658103121402,1.7514144044607062e-10,0.06395551635328015,0.0,0.023994659858198743,7.867408918484055e-07,6.232121333867994e-09,8.131080819019844e-06,8.564711957388497e-07,2.0341951735156318e-08,1.4569737980795114e-08,5.147829941418142e-06,1.5697364812687782e-05,0.000331585932777406,1.0296904965248357e-07,1.5702462084016397e-06,2.889253204763835e-27,3.657869662025782e-15
1.2746563739579992e-06,0.05595639656,0.054,0.0,0.0,0.005352669449416727,0.8662962745038639,0.0030556460677136237,0.0008401410057178071,1.7573256795468232e-10,0.06395396221470215,0.0,0.02400424795438387,7.856369529867941e-07,6.20861590118898e-09,8.113511845339572e-06,8.537919095812787e-07,2.03134331560407e-08,1.4548532986048706e-08,5.140343909250407e-06,1.5680801034058223e-05,0.0003318411314363502,1.0260840221125199e-07,1.5675821188889572e-06,2.9087894067833104e-27,3.660793566717048e-15
1.2776654494425647e-06,0.05595639656,0.054,0.0,0.0,0.005342929232199526,0.8662902033579277,0.003057999505709643,0.0008408142401039076,1.7632414282580482e-10,0.06395241240011428,0.0,0.024013798769200873,7.845370055417619e-07,6.1852531282839456e-09,8.096020557571555e-06,8.511274871797549e-07,2.0285017669226502e-08,1.4527398209580945e-08,5.132884510418744e-06,1.566427597128164e-05,0.00033209574451697896,1.022496854567598e-07,1.564926966990717e-06,2.9284062948530515e-27,3.663707263727413e-15
1.2806745249271303e-06,0.05595639656,0.054,0.0,0.0,0.005333226450326831,0.8662841543070948,0.0030603463627176934,0.000841485523272981,1.7691616402676454e-10,0.06395086688798324,0.0,0.024023312518657542,7.834410285291443e-07,6.162031834530034e-09,8.078606447334997e-06,8.484778129569627e-07,2.025670475759242e-08,1.4506333300201774e-08,5.125451600737426e-06,1.5647789527870302e-05,0.0003323497749474388,1.0189288562419578e-07,1.56228070931166e-06,2.9481039841207066e-27,3.666610805421418e-15
1.2836836004116958e-06,0.05595639656,0.054,0.0,0.0,0.005323560887601224,0.8662781272263355,0.0030626866716487525,0.0008421548649597825,1.7750863053007353e-10,0.06394932565692511,0.0,0.024032789417092436,7.823490014555266e-07,6.138950851515681e-09,8.06126901055484e-06,8.458427723499019e-07,2.0228493887430436e-08,1.4485337909529234e-08,5.118045037068878e-06,1.5631341607176963e-05,0.0003326032256345988,1.0153798907121224e-07,1.5596433027258952e-06,2.9678825895594973e-27,3.669504243810727e-15
1.2866926758962613e-06,0.05595639656,0.054,0.0,0.0,0.005313932329492348,0.8662721219915722,0.003065020465184306,0.0008428222748318778,1.7810154131339156e-10,0.06394778868570408,0.0,0.024042229677191287,7.812609007455132e-07,6.116009029309032e-09,8.044007749209602e-06,8.432222535684263e-07,2.020038439708158e-08,1.4464411691662585e-08,5.110664677312746e-06,1.5614932112433496e-05,0.0003328560994641651,1.0118498227583485e-07,1.557014704376141e-06,2.98774222596919e-27,3.672387630556535e-15
1.2897017513808269e-06,0.05595639656,0.054,0.0,0.0,0.005304340563121578,0.8662661384796704,0.0030673477757784976,0.0008434877624902304,1.7869489535948907e-10,0.06394625595323129,0.0,0.024051633510002196,7.801767045702184e-07,6.093205224190752e-09,8.026822168601367e-06,8.40616144911401e-07,2.0172375783875713e-08,1.4443554302569741e-08,5.103310380379457e-06,1.559856094667271e-05,0.00033310839930131357,1.0083385183577648e-07,1.5543948716719947e-06,3.0076830079761476e-27,3.675261016973919e-15
1.2927108268653924e-06,0.05595639656,0.054,0.0,0.0,0.005294785377245437,0.8662601765684286,0.0030696686356600396,0.0008441513374697833,1.792886916562101e-10,0.06394472743856346,0.0,0.024061001124951922,7.790963938984388e-07,6.070538300723351e-09,8.00971177691636e-06,8.380243346297405e-07,2.0144467595218203e-08,1.4422765400515114e-08,5.09598200619677e-06,1.5582228012780258e-05,0.00033336012799046,1.0048458446766542e-07,1.5517837622874583e-06,3.0277050500345224e-27,3.67812445403387e-15
1.295719902349958e-06,0.05595639656,0.054,0.0,0.0,0.005285266562239463,0.8662542361365713,0.003071983076834164,0.000844813009240035,1.7988292919643555e-10,0.06394320312090145,0.0,0.024070332729862077,7.780199464952369e-07,6.048007146914632e-09,7.992676088395794e-06,8.354467139765248e-07,2.0116659112428233e-08,1.4402044646234948e-08,5.08867941570554e-06,1.5565933213571768e-05,0.0003336112883552045,1.0013716700460286e-07,1.5491813341593184e-06,3.0478084664274406e-27,3.680977992365248e-15
1.2987289778345235e-06,0.05595639656,0.054,0.0,0.0,0.005275783910083859,0.8662483170637381,0.0030742911310847046,0.0008454727872056102,1.8047760697804645e-10,0.0639416829795892,0.0,0.024079628530963227,7.769473392997909e-07,6.025610656282814e-09,7.975714621833369e-06,8.328831753710925e-07,2.0088949804796466e-08,1.4381391702752054e-08,5.081402470827889e-06,1.5549676451682903e-05,0.0003338618831993109,9.979158639543967e-08,1.5465875454848867e-06,3.0679933712667696e-27,3.683821682259423e-15
1.301738053319089e-06,0.05595639656,0.054,0.0,0.0,0.00526633721434781,0.8662424192304766,0.0030765928299760514,0.0008461306807068218,1.8107272400388847e-10,0.06394016699411258,0.0,0.024088888732910305,7.758785538232301e-07,6.003347722074158e-09,7.958826897772593e-06,8.303336100098741e-07,2.0061339377608875e-08,1.436080623502453e-08,5.074151034476544e-06,1.553345762961576e-05,0.00033411191530663376,9.94478297045215e-08,1.544002354719762e-06,3.0882598784942753e-27,3.6866555736721876e-15
1.3047471288036545e-06,0.05595639656,0.054,0.0,0.0,0.00525692627017313,0.8662365425182331,0.003078888204854992,0.000846786699020229,1.8166827928173586e-10,0.06393865514409769,0.0,0.024098113538799194,7.748135702309316e-07,5.9812172691454275e-09,7.942012441760368e-06,8.277979114095947e-07,2.003382704905265e-08,1.434028791013315e-08,5.066924970555981e-06,1.5517276649863314e-05,0.00033436138744049476,9.910588410894976e-08,1.5414257205769528e-06,3.10860810188314e-27,3.689479716225182e-15
1.30775620428822e-06,0.05595639656,0.054,0.0,0.0,0.005247550874260382,0.8662306868093446,0.0030811772868525903,0.0008474408513591911,1.8226427182425616e-10,0.06393714740931009,0.0,0.02410730315018027,7.73752364586073e-07,5.959218231587988e-09,7.925270785517294e-06,8.252759760040506e-07,2.0006412140247632e-08,1.4319836397608193e-08,5.05972414392003e-06,1.550113341474849e-05,0.0003346103023447496,9.876573689772265e-08,1.5388576020247488e-06,3.1290381550374035e-27,3.692294159211099e-15
1.3107652797727856e-06,0.05595639656,0.054,0.0,0.0,0.005238210824854637,0.8662248519870294,0.0030834601068861485,0.0008480931468744116,1.828607006489752e-10,0.06393564376965356,0.0,0.024116457767072167,7.726949173711217e-07,5.937349525018581e-09,7.908601462344368e-06,8.227676986335503e-07,1.9979094636101084e-08,1.4299451369168846e-08,5.052548420384077e-06,1.5485027826452587e-05,0.000334858662744313,9.84273754721278e-08,1.5362979582837626e-06,3.1495501513929913e-27,3.695098951595403e-15
1.3137743552573511e-06,0.05595639656,0.054,0.0,0.0,0.005228905921729198,0.8662190379353796,0.0030857366956612304,0.0008487435946544794,1.834575647782424e-10,0.06393414420516866,0.0,0.0241255775879786,7.716412117316712e-07,5.915610107085503e-09,7.892004008353389e-06,8.202729744943947e-07,1.9951873773001882e-08,1.4279132498775507e-08,5.045397666739616e-06,1.546895978722972e-05,0.00033510647134404127,9.809078734264531e-08,1.5337467488261343e-06,3.170144204219714e-27,3.697894142016874e-15
1.3167834307419167e-06,0.05595639656,0.054,0.0,0.0,0.005219635966171446,0.8662132445393537,0.0030880070836732457,0.0008493922037264043,1.8405486323919618e-10,0.06393264869603142,0.0,0.02413466280990237,7.705912243809585e-07,5.893998962500518e-09,7.87547796706696e-06,8.177917032553794e-07,1.9924748447242767e-08,1.4258879461662209e-08,5.038271750698308e-06,1.5452929199183838e-05,0.0003353537308294188,9.775596012776263e-08,1.5312039333741216e-06,3.1908204266203405e-27,3.7006797787937986e-15
1.3197925062264822e-06,0.05595639656,0.054,0.0,0.0,0.005210400760970027,0.8662074716847664,0.0030902713012090637,0.0008500389830561454,1.8465259506372993e-10,0.06393115722255287,0.0,0.024143713628356777,7.695449330029656e-07,5.872515021949539e-09,7.859022885127874e-06,8.153237842784227e-07,1.9897719044420668e-08,1.4238691935135564e-08,5.031170540898704e-06,1.543693596423085e-05,0.0003356004438679142,9.742288155527458e-08,1.5286694718968143e-06,3.2115789315313508e-27,3.703455909925534e-15
1.322500674162591e-06,0.05595639656,0.054,0.0,0.0,0.005202118626046025,0.8662022935848788,0.0030923038461003805,0.0008506195273849286,1.8519092343533645e-10,0.06392981833074482,0.0,0.02415183011040419,7.686064189801034e-07,5.853287399162465e-09,7.844273606638566e-06,8.131139879667863e-07,1.9873474023294204e-08,1.4220578911195207e-08,5.0248004681278666e-06,1.5422573908771776e-05,0.00033582202057961575,9.712459587151516e-08,1.5263955663286368e-06,3.2303320307079377e-27,3.705946340030887e-15
1.3252088420987e-06,0.05595639656,0.054,0.0,0.0,0.005193864338689227,0.8661971319497054,0.003094331439061261,0.0008511986032871986,1.8572960135198048e-10,0.06392848267781372,0.0,0.02415991902327875,7.676708715116763e-07,5.834161274878206e-09,7.829581112717835e-06,8.109148520284053e-07,1.9849305287321724e-08,1.4202518458657326e-08,5.018450207329156e-06,1.5408241958493184e-05,0.00033604315873161824,9.682770793506211e-08,1.5241283664173345e-06,3.2491519521629584e-27,3.708429143730866e-15
1.327646193241198e-06,0.05595639656,0.054,0.0,0.0,0.0051864591734240365,0.8661925004880165,0.00309615205672493,0.0008517185213944096,1.862147097626568e-10,0.06392728334777772,0.0,0.024167175588535213,7.668314008656604e-07,5.817033925210292e-09,7.81640615303077e-06,8.089446862033171e-07,1.982761873543088e-08,1.4186308810615562e-08,5.01275183426963e-06,1.539536888402465e-05,0.0003362418096749027,9.656169665148242e-08,1.5220935961297524e-06,3.266147082287112e-27,3.710657174868342e-15
1.3300835443836962e-06,0.05595639656,0.054,0.0,0.0,0.0051790763487868565,0.8661878822377005,0.0030979686965602383,0.0008522372599169523,1.8670010023572757e-10,0.0639260866196234,0.0,0.02417441003680351,7.659943101858626e-07,5.7999876457996455e-09,7.80327669320419e-06,8.069830451864716e-07,1.9805994056846535e-08,1.4170141396446516e-08,5.007069364899406e-06,1.538252008469578e-05,0.0003364401083094218,9.62968041577604e-08,1.5200642133997296e-06,3.283196464566476e-27,3.712879081323195e-15
1.3325208955261943e-06,0.05595639656,0.054,0.0,0.0,0.005171715763479246,0.8661832771400799,0.00309978137417574,0.0008527548234766293,1.8718577226789047e-10,0.0639248924832024,0.0,0.024181622468510765,7.651595917858287e-07,5.783021956331457e-09,7.790192499315074e-06,8.050298761288714e-07,1.9784429945278216e-08,1.415401604627332e-08,5.001402731605927e-06,1.5369695508362967e-05,0.00033663805600803875,9.603302418183678e-08,1.5180401975369638e-06,3.3003001586273754e-27,3.715094887854361e-15
1.3349582466686924e-06,0.05595639656,0.054,0.0,0.0,0.005164377316814896,0.8661786851368277,0.00310159010509362,0.0008532712166701601,1.8767172535781304e-10,0.0639237009284215,0.0,0.02418881298347622,7.643272322293736e-07,5.766136337104585e-09,7.77715334218445e-06,8.030851299467947e-07,1.9762926082754407e-08,1.4137932588226828e-08,4.995751867141942e-06,1.5356895102735086e-05,0.0003368356541354142,9.577035049625051e-08,1.5160215279536914e-06,3.31745822402595e-27,3.7173046190904124e-15
1.3373955978111904e-06,0.05595639656,0.054,0.0,0.0,0.005157060908716028,0.8661741061699664,0.0031033949047502476,0.0008537864440693515,1.8815795900612071e-10,0.06392251194524247,0.0,0.024195981680913164,7.634972198231593e-07,5.749330171655601e-09,7.764158993235633e-06,8.011487565332693e-07,1.9741484683847775e-08,1.412189086802769e-08,4.990116704676638e-06,1.5344118815701317e-05,0.00033703290404886704,9.550877691833686e-08,1.5140081841606028e-06,3.3346707202505825e-27,3.7195082995243586e-15
1.3395892138394387e-06,0.05595639656,0.054,0.0,0.0,0.005150494902175707,0.8661699961982638,0.0031050158759051445,0.000854249155733122,1.8859580875585315e-10,0.06392144405084829,0.0,0.024202414936137864,7.62752210290942e-07,5.734272216491621e-09,7.75250220008334e-06,7.994131355806664e-07,1.972223878711041e-08,1.4107488875847324e-08,4.9850584287263234e-06,1.5332640735684407e-05,0.0003372101323640813,9.527429621257296e-08,1.5122007114465977e-06,3.35020855431922e-27,3.721486458621164e-15
1.3417828298676869e-06,0.05595639656,0.054,0.0,0.0,0.005143946594194906,0.8661658966975739,0.003106633686311634,0.0008547109300847033,1.890338849936535e-10,0.06392037822412348,0.0,0.024208830670530587,7.620090894322226e-07,5.719277955651634e-09,7.740881350331332e-06,7.976842176983392e-07,1.9703040202050356e-08,1.4093120429868805e-08,4.98001276934522e-06,1.5321182111364527e-05,0.00033738708069817305,9.504069717043445e-08,1.5103975213180196e-06,3.365790568753496e-27,3.723459753982723e-15
1.343976445895935e-06,0.05595639656,0.054,0.0,0.0,0.0051374159130626275,0.866161807626343,0.0031082483470480002,0.0008551717704058612,1.894721873595027e-10,0.06391931445786261,0.0,0.02421522895518149,7.612678476503804e-07,5.704346891212157e-09,7.729296281208596e-06,7.959619681014583e-07,1.968389175183835e-08,1.4078785411456696e-08,4.974979678591378e-06,1.5309742904733995e-05,0.0003375637500244582,9.480797537398191e-08,1.508598599047887e-06,3.381416806777227e-27,3.725428203195688e-15
1.3461700619241833e-06,0.05595639656,0.054,0.0,0.0,0.0051309027874588825,0.8661577289432403,0.0031098598691406323,0.00085563167996244,1.899107154946388e-10,0.06391825274489545,0.0,0.024221609860797307,7.605284786609543e-07,5.689478732929103e-09,7.717746829087168e-06,7.942463501073384e-07,1.9664791892947878e-08,1.4064483727434255e-08,4.969959108759879e-06,1.5298323077791887e-05,0.0003377401413118614,9.457612643047337e-08,1.5068039299764442e-06,3.3970873115681304e-27,3.72739182376616e-15
1.3483636779524315e-06,0.05595639656,0.054,0.0,0.0,0.005124407146449692,0.8661536606071545,0.003111468263562522,0.0008560906620044588,1.9034946904155103e-10,0.06391719307808658,0.0,0.024227973457703247,7.597909765867392e-07,5.674673215707752e-09,7.706232831143434e-06,7.92537327212071e-07,1.964573800110712e-08,1.4050215244164418e-08,4.964951012377065e-06,1.5286922592409342e-05,0.00033791625552443815,9.434514597489613e-08,1.5050134995086866e-06,3.4128021262583575e-27,3.729350633118967e-15
1.350337932377855e-06,0.05595639656,0.054,0.0,0.0,0.005118575960548092,0.8661500079175757,0.003112913153406726,0.0008565029554907935,1.9074453966636106e-10,0.06391624112155443,0.0,0.024233685953786867,7.591288137249006e-07,5.661401328919838e-09,7.695900413860263e-06,7.910048169507905e-07,1.9628632567627005e-08,1.4037401878409217e-08,4.960454351404471e-06,1.527667866120769e-05,0.000338074522209181,9.413800253824117e-08,1.5034057240812869e-06,3.426983380057884e-27,3.731109462275398e-15
1.3523121868032785e-06,0.05595639656,0.054,0.0,0.0,0.005112758828845341,0.8661463635462966,0.0031143555266037342,0.000856914502657282,1.9113979232725817e-10,0.06391529081150574,0.0,0.024239384537203406,7.584681505953745e-07,5.64817959685701e-09,7.685596467981474e-06,7.894775952303623e-07,1.9611565243408884e-08,1.4024615252834725e-08,4.955967721411535e-06,1.5266450338157288e-05,0.00033823256593561293,9.393155592052602e-08,1.5018013596031378e-06,3.441200591158825e-27,3.732864420974416e-15
1.3540890157861596e-06,0.05595639656,0.054,0.0,0.0,0.0051075353845614225,0.8661430906998926,0.003115651517267508,0.0008572842589352058,1.9149567514962377e-10,0.06391443693596477,0.0,0.024244501408676268,7.578748325163319e-07,5.636322664224215e-09,7.676347163307073e-06,7.881075958074325e-07,1.959623753964229e-08,1.4013130042141838e-08,4.951938302716792e-06,1.5257258169471083e-05,0.0003383746152326272,9.37463471613698e-08,1.5003603392497581e-06,3.454026850554952e-27,3.7344405849192166e-15
1.3558658447690407e-06,0.05595639656,0.054,0.0,0.0,0.005102323245977981,0.86613982454598,0.00311694548156228,0.000857653414283451,1.9185170502462608e-10,0.0639135843861953,0.0,0.024249607088414293,7.572827218989061e-07,5.6245058982020745e-09,7.667120741781763e-06,7.867418405463183e-07,1.9580941606360095e-08,1.4001666336886435e-08,4.947916956736558e-06,1.5248078600730637e-05,0.0003385164849972042,9.356169802772133e-08,1.4989220656238557e-06,3.466882283595364e-27,3.736013633040104e-15
1.3576426737519218e-06,0.05595639656,0.054,0.0,0.0,0.005097122376305422,0.8661365650632306,0.0031182374251922957,0.0008580219703918778,1.9220788176522948e-10,0.06391273315848751,0.0,0.024254701612891238,7.566918144920199e-07,5.612729199675139e-09,7.657917119856316e-06,7.853803113744786e-07,1.9565675879121937e-08,1.399022411462078e-08,4.943903658811902e-06,1.523891161171675e-05,0.00033865817572994555,9.337760626399875e-08,1.4974865311231004e-06,3.479766913095655e-27,3.737583574400707e-15
1.3594195027348029e-06,0.05595639656,0.054,0.0,0.0,0.00509193273891352,0.8661333122304072,0.0031195273538384837,0.0008583899289437574,1.9256420518492196e-10,0.06391188324914605,0.0,0.02425978501842085,7.561021068017732e-07,5.600992311456063e-09,7.648736213972605e-06,7.840229898510297e-07,1.9550441065145825e-08,1.3978803252171402e-08,4.939898384391923e-06,1.5229757182234783e-05,0.00033879968792950436,9.319406962687134e-08,1.4960537281713455e-06,3.492680761852967e-27,3.739150418028184e-15
1.361196331717684e-06,0.05595639656,0.054,0.0,0.0,0.00508675429733081,0.8661300660263646,0.003120815273159119,0.0008587572916158058,1.9292067509771355e-10,0.06391103465449005,0.0,0.024264857341158873,7.555135954122784e-07,5.589294998550984e-09,7.639577940938085e-06,7.826698575981462e-07,1.9535238369337277e-08,1.3967403696289193e-08,4.935901109026528e-06,1.5220615292100387e-05,0.00033894102209250826,9.301108588437802e-08,1.494623649219392e-06,3.505623852645523e-27,3.7407141729149965e-15
1.362973160700565e-06,0.05595639656,0.054,0.0,0.0,0.005081587015245333,0.8661268264300468,0.0031221011887917894,0.0008591240600782147,1.9327729131813369e-10,0.06391018737085298,0.0,0.024269918617106107,7.549262763023479e-07,5.577637218094336e-09,7.630442218306822e-06,7.813208967174045e-07,1.9520065498796116e-08,1.3956025462432915e-08,4.931911808356256e-06,1.5211485921104693e-05,0.000339082178713524,9.282865281446665e-08,1.493196286746366e-06,3.518596208231928e-27,3.7422748480216574e-15
1.3647499896834461e-06,0.05595639656,0.054,0.0,0.0,0.005076430856501695,0.866123593420489,0.0031233851063509612,0.0008594902359946856,1.9363405366122953e-10,0.06390934139458262,0.0,0.0242749688821059,7.543401456646662e-07,5.5660187193468845e-09,7.62132896392027e-06,7.799760892983904e-07,1.950492277033057e-08,1.3944668404931699e-08,4.927930458127821e-06,1.5202369049061965e-05,0.00033922315828511,9.264676820727751e-08,1.4917716332572168e-06,3.5315978513525756e-27,3.7438324522724096e-15
1.3665268186663272e-06,0.05595639656,0.054,0.0,0.0,0.005071285785100104,0.8661203669768157,0.0031246670314281043,0.0008598558210224604,1.9399096194256352e-10,0.06390849672204092,0.0,0.024280008171845308,7.537552001359579e-07,5.554439213045196e-09,7.6122380957751406e-06,7.78635417272737e-07,1.9489812465753223e-08,1.3933332450327965e-08,4.923957034189732e-06,1.519326465580762e-05,0.00033936396129785975,9.24654298645373e-08,1.4903496812830048e-06,3.544628804729294e-27,3.745386994556496e-15
1.3683036476492083e-06,0.05595639656,0.054,0.0,0.0,0.005066151765198418,0.8661171470782402,0.003125946969595084,0.0008602208168123545,1.9434801597821141e-10,0.06390765334960405,0.0,0.024285036521859846,7.53171436032328e-07,5.542898717157789e-09,7.603169532456168e-06,7.772988628646567e-07,1.9474731653052196e-08,1.3922017668470793e-08,4.919991512477675e-06,1.5184172721147454e-05,0.0003395045882403933,9.228463559717405e-08,1.4889304233831981e-06,3.557689091064126e-27,3.746938483732702e-15
1.3700804766320894e-06,0.05595639656,0.054,0.0,0.0,0.00506102876110865,0.8661139337040649,0.003127224926401125,0.0008605852250087871,1.9470521558476014e-10,0.06390681127366231,0.0,0.02429005396753018,7.525888494681184e-07,5.531397001964216e-09,7.594123193056471e-06,7.75966408526011e-07,1.9459679859405373e-08,1.3910723887667286e-08,4.91603386903223e-06,1.5175093224910137e-05,0.00033964503959931435,9.210438322813788e-08,1.4875138521427568e-06,3.570778733041111e-27,3.748486928623918e-15
1.3716796227166823e-06,0.05595639656,0.054,0.0,0.0,0.005056427446573318,0.8661110472286334,0.0031283733980300775,0.0008609126913471503,1.9502681954259373e-10,0.06390605451084577,0.0,0.024294560374536273,7.520655254687638e-07,5.5210783074835224e-09,7.586000422311646e-06,7.747706905731429e-07,1.9446161416842204e-08,1.3900577361992835e-08,4.91247870612931e-06,1.5166932296502975e-05,0.0003397712960989606,9.194261762941084e-08,1.4862412290119004e-06,3.582584528628184e-27,3.7498779334256534e-15
1.3732787688012753e-06,0.05595639656,0.054,0.0,0.0,0.005051835000261727,0.8661081660063074,0.003129520273247681,0.0008612396842514715,1.953485411317127e-10,0.06390529879266589,0.0,0.024299058003135116,7.515431499387543e-07,5.510790747853292e-09,7.5778955289398125e-06,7.735782665237485e-07,1.9432667713520566e-08,1.3890447844836964e-08,4.908929887963172e-06,1.5158781412199413e-05,0.0003398974111204682,9.178128764204461e-08,1.4849707707216037e-06,3.594414137154651e-27,3.751266485860408e-15
1.3748779148858682e-06,0.05595639656,0.054,0.0,0.0,0.005047251396477306,0.8661052900221802,0.0031306655560562626,0.00086156620490737,1.9567038021946295e-10,0.06390454411652007,0.0,0.024303546878805555,7.510217200873803e-07,5.5005343313957555e-09,7.569808454755039e-06,7.72389123772951e-07,1.9419194643265254e-08,1.3880335238669346e-08,4.905387397263932e-06,1.5150640557290796e-05,0.0003400233850145286,9.16203917004666e-08,1.483702471921865e-06,3.606267575117971e-27,3.752652592292533e-15
1.3764770609704612e-06,0.05595639656,0.054,0.0,0.0,0.0050426766096186276,0.8661024192614024,0.0031318092504393335,0.0008618922544963457,1.959923366735205e-10,0.06390379047981486,0.0,0.024308027026922283,7.505012332454434e-07,5.4903085776332875e-09,7.5617391417545526e-06,7.712032497303473e-07,1.9405748436926955e-08,1.3870239346451085e-08,4.901851216837357e-06,1.5142509717127538e-05,0.0003401492181305115,9.145992824880413e-08,1.4824363272770805e-06,3.618144859004877e-27,3.754036259059231e-15
1.3780762070550541e-06,0.05595639656,0.054,0.0,0.0,0.005038110614185639,0.8660995537091813,0.0031329513603692433,0.0008622178341958003,1.963144103618905e-10,0.06390303787996578,0.0,0.02431249847276554,7.499816869934195e-07,5.4801135579481145e-09,7.553687532061965e-06,7.700206317136222e-07,1.9392328329305748e-08,1.386016041408365e-08,4.89832132953659e-06,1.5134388877019161e-05,0.0003402749108166136,9.129989573566535e-08,1.481172331471131e-06,3.6300460052883794e-27,3.755417492481104e-15
1.3795154385311879e-06,0.05595639656,0.054,0.0,0.0,0.005034008713970499,0.8660969791533176,0.003133977907872556,0.0008625104551396013,1.966043768079311e-10,0.06390236142448481,0.0,0.024316515354397498,7.495148974047269e-07,5.470964277333613e-09,7.546456172129681e-06,7.689590490682378e-07,1.938026894572278e-08,1.3851103697122058e-08,4.8951497974712875e-06,1.5127088658829784e-05,0.00034038791445330425,9.115623364968267e-08,1.4800365681228732e-06,3.640777452898108e-27,3.756658527257466e-15
1.3809546700073216e-06,0.05595639656,0.054,0.0,0.0,0.00502991389578539,0.8660944087937434,0.00313500317805272,0.0008628026972758665,1.9689443801135134e-10,0.06390168580489977,0.0,0.024320525225878173,7.490488655983368e-07,5.461839665845882e-09,7.539239063563688e-06,7.679000846511416e-07,1.9368228580751033e-08,1.3842060451403684e-08,4.891983336597774e-06,1.5119796518103372e-05,0.00034050080487480714,9.101291825265855e-08,1.4789025371892677e-06,3.651528254375137e-27,3.757897600702152e-15
1.3823939014834554e-06,0.05595639656,0.054,0.0,0.0,0.0050258261412431905,0.8660918426197919,0.0031360271737752485,0.0008630945614544736,1.97184593876606e-10,0.06390101101934516,0.0,0.024324528105432893,7.485835897217144e-07,5.452739606820896e-09,7.5320361647495974e-06,7.668437294237444e-07,1.9356210102858416e-08,1.3833030813408474e-08,4.888821934548131e-06,1.5112512444156736e-05,0.0003406135823323261,9.086994842875765e-08,1.4777702348292485e-06,3.6622984217036034e-27,3.7591347173765925e-15
1.3838331329595891e-06,0.05595639656,0.054,0.0,0.0,0.00502174543202354,0.8660892806208325,0.0031370498978997305,0.0008633860485226552,1.9747484430836274e-10,0.06390033706596134,0.0,0.024328524011226815,7.481190679470032e-07,5.443664119295883e-09,7.524847434220862e-06,7.657899743574897e-07,1.9344210443773103e-08,1.382401472793625e-08,4.885665578994379e-06,1.5105236426293604e-05,0.00034072624707627097,9.072732306576981e-08,1.476639657213633e-06,3.673087966859472e-27,3.760369881830035e-15
1.3852723644357229e-06,0.05595639656,0.054,0.0,0.0,0.005017671749869471,0.8660867227862705,0.003138071353276526,0.0008636771593250088,1.9776518921150157e-10,0.06389966394289451,0.0,0.02433251296136162,7.476552983695827e-07,5.434613096009117e-09,7.517672830697097e-06,7.647388104965562e-07,1.933222747064163e-08,1.3815011976474115e-08,4.8825142576527395e-06,1.5097968453833564e-05,0.0003408387993562167,9.058504105651926e-08,1.4755108005236683e-06,3.6838969018112084e-27,3.7616030985967305e-15
1.3867115959118566e-06,0.05595639656,0.054,0.0,0.0,0.005013605076583614,0.8660841691055483,0.0031390915427433894,0.0008639678947035082,1.9805562849111395e-10,0.06389899164829657,0.0,0.024336494973872736,7.471922791179979e-07,5.425586308375637e-09,7.510512313051709e-06,7.636902289407037e-07,1.932026599135795e-08,1.3806022637733756e-08,4.879367958277188e-06,1.5090708516113009e-05,0.00034095123942091694,9.04431012989537e-08,1.4743836609508348e-06,3.6947252385194956e-27,3.762834372195475e-15
1.3881508273879904e-06,0.05595639656,0.054,0.0,0.0,0.005009545394034002,0.8660816195681436,0.003140110469131789,0.0008642582554975114,1.983461620525023e-10,0.06389832018032524,0.0,0.024340470066736064,7.467300083723042e-07,5.416583785478132e-09,7.5033658403049655e-06,7.626442208010352e-07,1.9308325197745246e-08,1.3797046846665546e-08,4.8762266686574566e-06,1.5083456602447571e-05,0.0003410635675183512,9.030150269422998e-08,1.4732582346987324e-06,3.705572988936597e-27,3.7640637071336794e-15
1.3894461357165106e-06,0.05595639656,0.054,0.0,0.0,0.005005897641884901,0.8660793285183482,0.0031410264252839165,0.000864519260634003,1.9860772279057212e-10,0.0638977165643987,0.0,0.0243440417488224,7.463146031382476e-07,5.408502209287372e-09,7.496945989493366e-06,7.617050064366831e-07,1.9297593079458266e-08,1.3788979996470212e-08,4.873403781286947e-06,1.5076936731898476e-05,0.00034116456727832715,9.017435473135434e-08,1.4722468128317644e-06,3.715352572905636e-27,3.765168454737152e-15
1.3907414440450309e-06,0.05595639656,0.054,0.0,0.0,0.005002255524466919,0.8660770408085264,0.0031419413626813607,0.0008647799636430596,1.9886935975160655e-10,0.0638971136152171,0.0,0.02434760785352153,7.458998013293337e-07,5.400440109438612e-09,7.490537452350519e-06,7.607678629609302e-07,1.92868758978469e-08,1.3780923856696906e-08,4.8705849331242494e-06,1.5070423344424339e-05,0.00034126547672465595,9.00474814218884e-08,1.47123677293503e-06,3.725147900356707e-27,3.766271638930352e-15
1.3920367523735512e-06,0.05595639656,0.054,0.0,0.0,0.004998619028689568,0.8660747564310817,0.0031428552833678634,0.0008650403651311843,1.9913107286700643e-10,0.06389651133144922,0.0,0.024351168393807167,7.454856016302995e-07,5.39239740530124e-09,7.484140199333412e-06,7.598327839887703e-07,1.9276177096354835e-08,1.3772878650884918e-08,4.867770115349078e-06,1.5063916432251503e-05,0.0003413662960364574,8.99208819742291e-08,1.4702281122631198e-06,3.734958979986808e-27,3.767373262969739e-15
1.3933320607020714e-06,0.05595639656,0.054,0.0,0.0,0.004994988141507111,0.8660724753784411,0.0031437681893855887,0.0008653004657031895,1.9939286206830936e-10,0.0638959097117676,0.0,0.024354723382616725,7.45072002697172e-07,5.384374138864945e-09,7.477754201005504e-06,7.588997631452545e-07,1.9265492330380548e-08,1.3764844220038086e-08,4.864959319172696e-06,1.5057415987606923e-05,0.00034146702539232494,8.979455559930111e-08,1.4692208280780052e-06,3.7447858204880094e-27,3.76847333010396e-15
1.3946273690305917e-06,0.05595639656,0.054,0.0,0.0,0.00499136284991201,0.866070197643055,0.003144680082768574,0.000865560265962205,1.99654727287189e-10,0.06389530875484847,0.0,0.024358272832844936,7.446590031911479e-07,5.376370171227259e-09,7.471379428027643e-06,7.579687940900528e-07,1.925482219678272e-08,1.3756820443336394e-08,4.862152535831897e-06,1.5050922002733887e-05,0.00034156766497032184,8.96685015115213e-08,1.468214917648037e-06,3.754628430547447e-27,3.769571843571321e-15
1.39579314652626e-06,0.05595639656,0.054,0.0,0.0,0.004988104860984423,0.8660681505112386,0.003145499922686177,0.0008657938299248486,1.998904709228466e-10,0.06389476845919213,0.0,0.024361462613187848,7.442878150564656e-07,5.369183018419693e-09,7.46565170584944e-06,7.57132670998809e-07,1.9245233518993977e-08,1.3749608237470268e-08,4.859629854574127e-06,1.5045082933036717e-05,0.00034165816397720416,8.955528499078108e-08,1.4673107705699005e-06,3.76350026974883e-27,3.770559179976327e-15
1.3969589240219284e-06,0.05595639656,0.054,0.0,0.0,0.004984851384552736,0.8660661060548305,0.003146318945486941,0.000866027151558471,2.0012627602788827e-10,0.06389422869834434,0.0,0.024364647927036284,7.439171104278293e-07,5.362011423390383e-09,7.459933031274337e-06,7.562982001530554e-07,1.923565778053586e-08,1.3742404768930453e-08,4.857110410278029e-06,1.5039249083806264e-05,0.00034174859053693186,8.94422878192109e-08,1.466407732045633e-06,3.77238489565016e-27,3.771545262876272e-15
1.3981247015175968e-06,0.05595639656,0.054,0.0,0.0,0.004981602411219431,0.8660640642683746,0.0031471371526434317,0.0008662602312992797,2.003621425527857e-10,0.0638936894713477,0.0,0.024367828783709345,7.435468883255793e-07,5.354855380558784e-09,7.454223383126602e-06,7.554653769778227e-07,1.9226092295591777e-08,1.3735209878522862e-08,4.854594196609549e-06,1.503342044939244e-05,0.0003418389447782446,8.932950942974721e-08,1.4655058000986197e-06,3.781282314573791e-27,3.772530094614112e-15
1.3992904790132651e-06,0.05595639656,0.054,0.0,0.0,0.004978357931610362,0.8660620251464296,0.003147954545621568,0.0008664930695823917,2.0059807044809914e-10,0.06389315077724733,0.0,0.02437100519249719,7.431771478002648e-07,5.3477147256681334e-09,7.448522740286562e-06,7.546341969197677e-07,1.9216540124138384e-08,1.3728023570460717e-08,4.852081207247697e-06,1.5027597024149306e-05,0.00034192922682955117,8.921694925742501e-08,1.464604972756547e-06,3.7901925328386715e-27,3.7735136775260606e-15
1.4004562565089335e-06,0.05595639656,0.054,0.0,0.0,0.004975117936378445,0.86605998868357,0.0031487711258847383,0.0008667256668418385,2.0083405966447674e-10,0.06389261261509055,0.0,0.024374177162665628,7.428078879043381e-07,5.340589462720094e-09,7.44283108170327e-06,7.538046554385609e-07,1.9207001610127637e-08,1.3720845963215086e-08,4.849571435886562e-06,1.5021778802419255e-05,0.00034201943681894163,8.910460673854302e-08,1.4637052480522052e-06,3.7991155567601906e-27,3.774496013943717e-15
1.4016220340046019e-06,0.05595639656,0.054,0.0,0.0,0.004971882416204057,0.8660579548743846,0.003149586894894221,0.0008669580235105701,2.0107011015265467e-10,0.0638920749839272,0.0,0.024377344703456184,7.424391076759319e-07,5.3334796445344235e-09,7.437148386402431e-06,7.529767480125952e-07,1.9197474194045873e-08,1.3713677024554214e-08,4.847064876239858e-06,1.5015965778552398e-05,0.000342109574874166,8.899248131128103e-08,1.4628066240228624e-06,3.8080513926505684e-27,3.775477106193145e-15
1.4028831533811834e-06,0.05595639656,0.054,0.0,0.0,0.0049683873106844655,0.8660557577141125,0.003150468468906363,0.0008672091128134982,2.0132553471704134e-10,0.06389149397998015,0.0,0.024380766321312048,7.42040706152804e-07,5.325805523315686e-09,7.431011006510084e-06,7.520829658205244e-07,1.9187181556951106e-08,1.3705931295610834e-08,4.8443569294660465e-06,1.5009683189058485e-05,0.00034220700392304,8.887142962710215e-08,1.4618357440930688e-06,3.817732470273055e-27,3.77653703775915e-15
1.404144272757765e-06,0.05595639656,0.054,0.0,0.0,0.0049648974195189875,0.8660535636461925,0.003151349097085332,0.0008674599216142714,2.0158103086546357e-10,0.06389091359512568,0.0,0.024384182778072375,7.416428636420335e-07,5.318149164531877e-09,7.424884065067152e-06,7.511910849292603e-07,1.917690515932145e-08,1.369819554058043e-08,4.841652725967923e-06,1.5003406668663534e-05,0.00034230434910044314,8.875063063494486e-08,1.4608661474696738e-06,3.8274285565511724e-27,3.777595518971827e-15
1.4054053921343464e-06,0.05595639656,0.054,0.0,0.0,0.004961412731010715,0.8660513726638334,0.003152228781266086,0.0008677104504567336,2.0183659853590107e-10,0.06389033382817016,0.0,0.02438759408533542,7.412455789595789e-07,5.310510806516327e-09,7.418767535775891e-06,7.503010996776619e-07,1.9166641873933457e-08,1.3690470088587528e-08,4.838952257846612e-06,1.4997136210200107e-05,0.0003424016105668275,8.863008362992407e-08,1.4598978316865705e-06,3.8371396594624024e-27,3.778652552754553e-15
1.406666511510928e-06,0.05595639656,0.054,0.0,0.0,0.004957933233498129,0.8660491847602627,0.003153107523278662,0.0008679606998832671,2.0209223766645253e-10,0.06388975467792334,0.0,0.024391000254663845,7.408488509099162e-07,5.30289032626714e-09,7.412661392422182e-06,7.494130044278146e-07,1.9156390060602916e-08,1.3682754642772555e-08,4.8362555172348976e-06,1.4990871806552233e-05,0.0003424987884821333,8.850978791114851e-08,1.4589307942822278e-06,3.8468657869806596e-27,3.779708142020362e-15
1.4079276308875094e-06,0.05595639656,0.054,0.0,0.0,0.004954458915351829,0.8660469999287292,0.0031539853249448247,0.0008682106704347932,2.0234794819533553e-10,0.06388917614319801,0.0,0.024394401297581695,7.404526782744583e-07,5.295287205815415e-09,7.4065656088550265e-06,7.485267935573265e-07,1.9146155464774153e-08,1.367504871110883e-08,4.833562496287614e-06,1.498461345062654e-05,0.0003425958830058412,8.838974278105104e-08,1.4579650328003289e-06,3.856606947075636e-27,3.780762289672305e-15
1.409188750264091e-06,0.05595639656,0.054,0.0,0.0,0.004950989764978063,0.8660448181625011,0.0031548621880830695,0.0008684603626507809,2.0260373006088628e-10,0.06388859822281032,0.0,0.024397797225582312,7.400570598802298e-07,5.287701803402546e-09,7.400480159026168e-06,7.476424614647269e-07,1.9135937110724345e-08,1.3667353064969569e-08,4.830873187164893e-06,1.4978361135233844e-05,0.0003426928942970985,8.826994754121503e-08,1.4570005447939516e-06,3.8663631477106496e-27,3.781814998611684e-15
1.4104498696406725e-06,0.05595639656,0.054,0.0,0.0,0.004947525770825208,0.8660426394548684,0.0031557381145093733,0.0008687097770690753,2.028595832015732e-10,0.06388802091557988,0.0,0.02440118805012207,7.396619945526264e-07,5.280134101522062e-09,7.394405016992651e-06,7.467600025720095e-07,1.9125730558169677e-08,1.3659667386607188e-08,4.828187582071669e-06,1.4972114853281716e-05,0.0003427898225144374,8.815040149805573e-08,1.4560373278209442e-06,3.876134396846837e-27,3.7828662717275326e-15
1.411710989017254e-06,0.05595639656,0.054,0.0,0.0,0.004944066921371276,0.8660404637991408,0.0031566131060318694,0.0008689589142261586,2.0311550755597602e-10,0.06388744422032933,0.0,0.02440457378262173,7.392674811018414e-07,5.27258390287515e-09,7.388340156882232e-06,7.458794113263119e-07,1.9115537662421268e-08,1.3651991515660512e-08,4.82550567322786e-06,1.4965874597668822e-05,0.00034288666781599655,8.803110396023286e-08,1.4550753794451177e-06,3.885920702440649e-27,3.783916111901084e-15
1.4129721083938355e-06,0.05595639656,0.054,0.0,0.0,0.004940613205122163,0.8660382911886436,0.0031574871644539995,0.0008692077746573182,2.0337150306277209e-10,0.06388686813588391,0.0,0.024407954434473446,7.388735183528224e-07,5.2650511037680964e-09,7.3822855528967315e-06,7.45000682196309e-07,1.9105360933737073e-08,1.3644325555105212e-08,4.822827452863579e-06,1.4959640361249499e-05,0.0003429834303596023,8.791205423827713e-08,1.4541146972351916e-06,3.895722072441434e-27,3.7849645220090535e-15
1.414233227770417e-06,0.05595639656,0.054,0.0,0.0,0.004937164610622234,0.8660361216167234,0.0031583602915762803,0.0008694563588963207,2.0362756966076305e-10,0.06388629266107226,0.0,0.024411330017035618,7.384801051325147e-07,5.257535753590384e-09,7.376241179334174e-06,7.441238096659036e-07,1.90951983637492e-08,1.3636669537949207e-08,4.820152913237436e-06,1.4953412136901284e-05,0.0003430801103025916,8.779325164504408e-08,1.4531552787665503e-06,3.9055385147953404e-27,3.786011504920145e-15
1.4154943471469985e-06,0.05595639656,0.054,0.0,0.0,0.004933721126450243,0.8660339550767461,0.003159232489194319,0.0008697046674754957,2.038837072888679e-10,0.06388571779472615,0.0,0.02441470054163235,7.380872402597604e-07,5.250037820267841e-09,7.370207010572936e-06,7.432487882365734e-07,1.9085048351222576e-08,1.362902334932215e-08,4.817482046633031e-06,1.4947189917527879e-05,0.00034317670780183434,8.767469549591671e-08,1.4521971216203585e-06,3.91537003744543e-27,3.787057063494492e-15
1.41675546652358e-06,0.05595639656,0.054,0.0,0.0,0.004930282741211094,0.8660317915620939,0.0031601037590978215,0.0008699527009260054,2.041399158861013e-10,0.06388514353567998,0.0,0.024418066019558093,7.376949225689617e-07,5.242557145994775e-09,7.364183021055157e-06,7.423756124319558e-07,1.9074913147977373e-08,1.362138695174991e-08,4.8148148453441355e-06,1.4940973695996487e-05,0.0003432732230138885,8.755638510864431e-08,1.4512402233821578e-06,3.925216648327465e-27,3.788101200586837e-15
1.4180165859001615e-06,0.05595639656,0.054,0.0,0.0,0.004926849443554347,0.8660296310661741,0.003160974103070758,0.0008702004597771599,2.0439619539162948e-10,0.06388456988277208,0.0,0.02442142646206418,7.373031509031613e-07,5.235093674243054e-09,7.358169185335745e-06,7.415042768020999e-07,1.9064793593141845e-08,1.3613760404452652e-08,4.812151301697066e-06,1.4934763465205953e-05,0.00034336965609471274,8.743831980326935e-08,1.450284581646155e-06,3.935078355375132e-27,3.7891439190413115e-15
1.419277705276743e-06,0.05595639656,0.054,0.0,0.0,0.004923421222162076,0.8660274735824122,0.003161843522894926,0.0008704479445569924,2.046525457447232e-10,0.06388399683484375,0.0,0.02442478188037397,7.36911924091145e-07,5.227647507353658e-09,7.352165478057363e-06,7.406347759147758e-07,1.9054686130536304e-08,1.3606143706746289e-08,4.809491408042125e-06,1.4928559218076909e-05,0.0003434660071998514,8.732049890188236e-08,1.4493301940118232e-06,3.9449551665192484e-27,3.7901852216954406e-15
1.4205388246533246e-06,0.05595639656,0.054,0.0,0.0,0.004919998065752109,0.8660253191042541,0.0031627120203446117,0.0008706951557919608,2.049089668847824e-10,0.06388342439073968,0.0,0.024428132285670926,7.36521240974247e-07,5.220218476208121e-09,7.346171873945046e-06,7.39767104362672e-07,1.904459209924007e-08,1.359853670942376e-08,4.806835156748202e-06,1.4922360947511008e-05,0.00034356227648439685,8.720292172999031e-08,1.4483770580847823e-06,3.954847089682422e-27,3.791225111378399e-15
1.421799944029906e-06,0.05595639656,0.054,0.0,0.0,0.004916579963072541,0.8660231676251647,0.0031635795971886984,0.0008709420940072145,2.0516545875131412e-10,0.06388285254930748,0.0,0.024431477689106782,7.361311004057167e-07,5.212806417185861e-09,7.340188347791889e-06,7.389012567535506e-07,1.9034514423980286e-08,1.3590939427768559e-08,4.804182540202162e-06,1.4916168646404271e-05,0.0003436584641030511,8.708558761488172e-08,1.4474251714766509e-06,3.964754132783651e-27,3.792263590912352e-15
1.4230610634064876e-06,0.05595639656,0.054,0.0,0.0,0.00491316690290717,0.866021019138627,0.003164446255194468,0.0008711887597265198,2.0542202128393915e-10,0.06388228130939771,0.0,0.024434818101804177,7.357415012308496e-07,5.205411534650175e-09,7.334214874492964e-06,7.380372277159798e-07,1.90244491061178e-08,1.3583352046641654e-08,4.801533550820224e-06,1.490998230769695e-05,0.0003437545702100441,8.69684958851319e-08,1.4464745318059219e-06,3.974676303742372e-27,3.7933006631119066e-15
1.4243221827830691e-06,0.05595639656,0.054,0.0,0.0,0.004909758874070925,0.8660188736381431,0.003165311996123002,0.0008714351534722868,2.0567865442238948e-10,0.06388171066986399,0.0,0.024438153534851292,7.353524423053425e-07,5.19803366495098e-09,7.328251429020969e-06,7.371750119055961e-07,1.901439655138723e-08,1.357577434290437e-08,4.798888181032646e-06,1.4903801924298697e-05,0.00034385059495923507,8.685164587319533e-08,1.4455251366951511e-06,3.984613610467298e-27,3.794336330785151e-15
1.4255833021596506e-06,0.05595639656,0.054,0.0,0.0,0.004906355865409297,0.8660167311172332,0.0031661768217288245,0.000871681275765568,2.0593535810650874e-10,0.0638811406295629,0.0,0.024441483999302304,7.34963922485066e-07,5.190672564249596e-09,7.322297986417197e-06,7.363146039950791e-07,1.900436080244259e-08,1.3568206252932382e-08,4.796246423287286e-06,1.4897627489108965e-05,0.0003439465385040874,8.673503691345951e-08,1.4445769837728576e-06,3.994566060863221e-27,3.795370596732555e-15
1.4268444215362321e-06,0.05595639656,0.054,0.0,0.0,0.004902957865804129,0.8660145915694375,0.003167040733765098,0.0008719271271260141,2.0619213227625587e-10,0.06388057118735414,0.0,0.024444809506182406,7.345759406150754e-07,5.183328414460392e-09,7.316354521812632e-06,7.354559986661836e-07,1.8994338182654436e-08,1.356064793578041e-08,4.793608270061501e-06,1.489145899507265e-05,0.0003440424009975805,8.661866834158993e-08,1.4436300706744928e-06,4.0045336628352825e-27,3.796403463747146e-15
1.4281055409128136e-06,0.05595639656,0.054,0.0,0.0,0.0048995648641698706,0.8660124549883144,0.0031679037339791306,0.0008721727080718731,2.0644897687170503e-10,0.0638800023421005,0.0,0.024448130066481992,7.341884955642953e-07,5.1760011467669835e-09,7.310421010417782e-06,7.345991906264152e-07,1.8984327998190094e-08,1.3553099281371958e-08,4.790973713850224e-06,1.4885296435119309e-05,0.00034413818259228533,8.650253949643029e-08,1.4426843950406258e-06,4.014516424280628e-27,3.797434934614798e-15
1.4293666602893952e-06,0.05595639656,0.054,0.0,0.0,0.004896176849452313,0.8660103213674416,0.0031687658241119432,0.0008724180191200157,2.0670589183304384e-10,0.06387943409266772,0.0,0.024451445691157172,7.338015862020027e-07,5.168690552088778e-09,7.304497427518681e-06,7.337441746058474e-07,1.897433292850168e-08,1.3545560175723748e-08,4.788342747166496e-06,1.4879139802169196e-05,0.00034423388344037044,8.63866497192525e-08,1.4417399545175142e-06,4.0245143530911866e-27,3.798465012113784e-15
1.4306277796659767e-06,0.05595639656,0.054,0.0,0.0,0.004892793810630686,0.866008190700415,0.0031696270059008384,0.0008726630607859379,2.0696287710057307e-10,0.06387886643792465,0.0,0.024454756391133037,7.334152113930985e-07,5.16139665905883e-09,7.298583748500507e-06,7.328909453627398e-07,1.8964352978950805e-08,1.35380307757771e-08,4.785715362547676e-06,1.4872989089165647e-05,0.00034432950369356314,8.627099835277667e-08,1.4407967467580425e-06,4.03452745715794e-27,3.799493699014709e-15
1.4318888990425582e-06,0.05595639656,0.054,0.0,0.0,0.004889415736718537,0.8660060629808504,0.0031704872810806,0.0008729078335837756,2.072199326147056e-10,0.06387829937674305,0.0,0.024458062177304694,7.330293700094058e-07,5.154119620408956e-09,7.292679948835307e-06,7.320394976699029e-07,1.895438402527947e-08,1.3530511141997983e-08,4.783091552554407e-06,1.486684428906795e-05,0.0003444250435031629,8.615558474210332e-08,1.439854769420694e-06,4.044555744367123e-27,3.800520998081664e-15
1.4331500184191397e-06,0.05595639656,0.054,0.0,0.0,0.004886042616759607,0.8660039382023811,0.003171346651378516,0.0008731523380263017,2.0747705831596682e-10,0.06387773290799773,0.0,0.02446136306053127,7.326440609225289e-07,5.146859085155157e-09,7.286786004048354e-06,7.311898263109399e-07,1.894442906505675e-08,1.3523000879803393e-08,4.780471309760879e-06,1.4860705394800734e-05,0.0003445205030201015,8.604040823593428e-08,1.4389140201684136e-06,4.054599222594755e-27,3.8015469120716885e-15
1.4344111377957212e-06,0.05595639656,0.054,0.0,0.0,0.004882674439833522,0.8660018163586609,0.003172205118516788,0.0008733965746247662,2.0773425414500758e-10,0.06387716703056691,0.0,0.02446465905163708,7.322592830080493e-07,5.1396150794114065e-09,7.280901889755853e-06,7.303419260911056e-07,1.893448924368492e-08,1.3515500240812899e-08,4.777854626769868e-06,1.4854572399329614e-05,0.00034461588239480007,8.592546818363161e-08,1.437974496672459e-06,4.064657899720241e-27,3.8025714437320744e-15
1.4356722571723027e-06,0.05595639656,0.054,0.0,0.0,0.004879311195051862,0.8659996974433621,0.00317306268421489,0.0008736405438891414,2.0799152004258442e-10,0.06387660174333147,0.0,0.024467950161417684,7.318750351558318e-07,5.132387620000144e-09,7.275027581663268e-06,7.294957918412375e-07,1.892456301496286e-08,1.3508009224780032e-08,4.7752414962040615e-06,1.484844529562366e-05,0.00034471118177728717,8.581076393724707e-08,1.437036196609099e-06,4.074731783616249e-27,3.803594595804351e-15
1.4369333765488842e-06,0.05595639656,0.054,0.0,0.0,0.004875952871552846,0.8659975814501717,0.0031739193501883374,0.0008738842463282804,2.082488559495461e-10,0.06387603704517492,0.0,0.02447123640064187,7.314913162393566e-07,5.125176638937294e-09,7.269163055533854e-06,7.286514184025042e-07,1.891464946576448e-08,1.3500527692855222e-08,4.7726319106989315e-06,1.4842324076626386e-05,0.00034480640131728037,8.569629485142756e-08,1.436099117658403e-06,4.0848208821476684e-27,3.8046163710252176e-15
1.4381944959254658e-06,0.05595639656,0.054,0.0,0.0,0.0048725994585074,0.8659954683727961,0.0031747751181465966,0.000874127682449609,2.085062618068597e-10,0.06387547293498383,0.0,0.024474517780043722,7.311081251422006e-07,5.1179820455628816e-09,7.26330828721601e-06,7.278088006420415e-07,1.8904749838864918e-08,1.3493055652485055e-08,4.770025862912262e-06,1.4836208735294137e-05,0.0003449015411640546,8.558206028266401e-08,1.4351632575070168e-06,4.094925203177399e-27,3.8056367721227e-15
1.4394556153020473e-06,0.05595639656,0.054,0.0,0.0,0.0048692509451186885,0.86599335820496,0.003175629989794887,0.0008743708527592062,2.0876373755560333e-10,0.06387490941164768,0.0,0.024477794310325974,7.307254607681158e-07,5.110803800128898e-09,7.257463252643047e-06,7.269679334489517e-07,1.889486458613484e-08,1.3485593161734395e-08,4.767423345524183e-06,1.4830099264601334e-05,0.000344996601466458,8.546805958934363e-08,1.4342286138475004e-06,4.105044754565609e-27,3.806655801817299e-15
1.4407167346786288e-06,0.05595639656,0.054,0.0,0.0,0.004865907320616923,0.8659912509404033,0.003176483966835718,0.0008746137577620568,2.0902128313694594e-10,0.06387434647405843,0.0,0.02448106600216652,7.303433220061925e-07,5.103641889621222e-09,7.2516279278153695e-06,7.261288117250333e-07,1.888499233357584e-08,1.3478140159941645e-08,4.7648243512284715e-06,1.4823995657501145e-05,0.0003450915823730331,8.535429213238229e-08,1.4332951843762245e-06,4.115179544164522e-27,3.807673462825326e-15
1.4419778540552103e-06,0.05595639656,0.054,0.0,0.0,0.004862568574273015,0.8659891465728896,0.003177337050965147,0.0008748563979614078,2.0927889849220033e-10,0.06387378412111185,0.0,0.02448433286620177,7.299617077420863e-07,5.096496251414541e-09,7.245802288830537e-06,7.252914303951034e-07,1.8875132877522882e-08,1.3470696579104547e-08,4.762228872748691e-06,1.4817897906977922e-05,0.0003451864840317651,8.524075727506182e-08,1.4323629667974804e-06,4.125329579824211e-27,3.808689757852544e-15
1.4432389734317918e-06,0.05595639656,0.054,0.0,0.0,0.004859234695385151,0.8659870450961986,0.0031781892438739606,0.0008750987738593097,2.0953658356277836e-10,0.06387322235170627,0.0,0.02448759491303876,7.295806168852493e-07,5.089366773797239e-09,7.239986311853411e-06,7.244557844037959e-07,1.8865288254912e-08,1.3463262463648108e-08,4.759636902826629e-06,1.4811806006026271e-05,0.00034528130659026795,8.512745438220176e-08,1.431431958820892e-06,4.135494869393091e-27,3.809704689597343e-15
1.4445000928083733e-06,0.05595639656,0.054,0.0,0.0,0.004855905673289057,0.8659849465041307,0.003179040547248891,0.0008753408859562754,2.0979433829021936e-10,0.06387266116474354,0.0,0.024490852153249608,7.292000483507411e-07,5.082253434222028e-09,7.2341799731393736e-06,7.236218687129957e-07,1.885545813470751e-08,1.345583783764468e-08,4.757048434226689e-06,1.4805719947636943e-05,0.0003453760501956968,8.501438282148412e-08,1.4305021581626705e-06,4.145675420712321e-27,3.8107182607510335e-15
1.4457612121849548e-06,0.05595639656,0.054,0.0,0.0,0.0048525814973475,0.8659828507905012,0.003179890962774702,0.0008755827347517475,2.1005216261615147e-10,0.06387210055912775,0.0,0.024494104597382885,7.288200010193892e-07,5.075156290369384e-09,7.228383249015961e-06,7.227896782999528e-07,1.8845639014564106e-08,1.3448422579036422e-08,4.754463459727852e-06,1.4799639724783934e-05,0.00034547071499490265,8.490154196310327e-08,1.4295735625426125e-06,4.155871241615109e-27,3.811730474001101e-15
1.4470223315615363e-06,0.05595639656,0.054,0.0,0.0,0.004849262156953313,0.8659807579491446,0.0031807404921283537,0.0008758243207437782,2.1031005648231834e-10,0.06387154053376606,0.0,0.024497352255951226,7.284404737994896e-07,5.068075172253071e-09,7.2225961158794824e-06,7.219592081668435e-07,1.8835833629593793e-08,1.344101666061128e-08,4.751881972134175e-06,1.4793565330488176e-05,0.000345565301134267,8.478893117828395e-08,1.4286461696878766e-06,4.1660823399384064e-27,3.812741332024006e-15
1.4482834509381179e-06,0.05595639656,0.054,0.0,0.0,0.00484594764153471,0.8659786679739142,0.0031815891369826282,0.0008760656444289548,2.105680198305852e-10,0.06387098108756893,0.0,0.024500595139433874,7.280614656188254e-07,5.061010031360875e-09,7.216818550207603e-06,7.211304533284312e-07,1.8826042792383208e-08,1.3433620162768747e-08,4.749303964269361e-06,1.4787496757756314e-05,0.00034565980875974467,8.46765498409558e-08,1.4277199773315876e-06,4.1763087235113135e-27,3.81375083748976e-15
1.4495445703146994e-06,0.05595639656,0.054,0.0,0.0,0.004842637940549198,0.8659765808586811,0.003182436899007434,0.0008763067063026779,2.1082605260291585e-10,0.06387042221944937,0.0,0.024503833258283224,7.276829753922208e-07,5.053960861097195e-09,7.211050528559277e-06,7.203034088215346e-07,1.881626519963241e-08,1.34262330364832e-08,4.746729428975992e-06,1.4781433999598337e-05,0.0003457542380169294,8.456439732731101e-08,1.4267949832116697e-06,4.1865504001576724e-27,3.814758993062772e-15
1.4508056896912809e-06,0.05595639656,0.054,0.0,0.0,0.004839333043479883,0.8659744965973298,0.0031832837798687,0.0008765475068592567,2.1108415474136514e-10,0.06386986392832282,0.0,0.024507066622925774,7.273050020253616e-07,5.046927624244713e-09,7.205292027554514e-06,7.19478069697857e-07,1.8806500147067902e-08,1.3418855216365078e-08,4.7441583591110465e-06,1.4775377049014696e-05,0.0003458485890510966,8.445247301552823e-08,1.425871185070297e-06,4.196807377696412e-27,3.8157658014019865e-15
1.4520668090678624e-06,0.05595639656,0.054,0.0,0.0,0.0048360329398414855,0.8659724151837641,0.0031841297812267785,0.000876788046591629,2.1134232618810167e-10,0.06386930621310763,0.0,0.024510295243754865,7.26927544441947e-07,5.039910235784723e-09,7.199543023890978e-06,7.186544310299718e-07,1.8796748679634645e-08,1.34114867143657e-08,4.741590747552616e-06,1.4769325899018042e-05,0.00034594286200709696,8.434077628569146e-08,1.4249485806558283e-06,4.207079663943622e-27,3.816771265158208e-15
1.453327928444444e-06,0.05595639656,0.054,0.0,0.0,0.004832737619179885,0.8659703366119055,0.003184974904737937,0.0008770283259914288,2.11600566885403e-10,0.06386874907272519,0.0,0.02451351913113362,7.265506015745106e-07,5.0329086391376835e-09,7.193803494343851e-06,7.178324879083156e-07,1.8787011149955975e-08,1.3404127537503047e-08,4.739026587199458e-06,1.4763280542631046e-05,0.0003460370570293778,8.42293065199667e-08,1.4240271677221303e-06,4.217367266711346e-27,3.817775386975333e-15
1.4545890478210254e-06,0.05595639656,0.054,0.0,0.0,0.004829447071066723,0.8659682608756896,0.0031858191520556358,0.0008772683455492342,2.118588767756343e-10,0.0638681925060991,0.0,0.02451673829540114,7.261741723425683e-07,5.02592282733646e-09,7.188073415754784e-06,7.170122354385228e-07,1.8777286383375693e-08,1.3396777640778253e-08,4.736465870964019e-06,1.4757240972859547e-05,0.0003461311742620874,8.411806310275284e-08,1.4231069440269555e-06,4.22767019380493e-27,3.8187781694929064e-15
1.455850167197607e-06,0.05595639656,0.054,0.0,0.0,0.0048261612851127865,0.8659661879690749,0.0031866625248271573,0.0008775081057539496,2.121172558013006e-10,0.06386763651215663,0.0,0.024519952746856744,7.257982556704784e-07,5.0189527524327894e-09,7.182352765059859e-06,7.161936687493772e-07,1.8767574211429396e-08,1.3389436992376917e-08,4.733908591787763e-06,1.475120718274402e-05,0.0003462252138488331,8.400704542059214e-08,1.422187907335834e-06,4.237988453028131e-27,3.819779615340145e-15
1.4571112865741885e-06,0.05595639656,0.054,0.0,0.0,0.004822880250955262,0.8659641178860356,0.003187505024694895,0.0008777476070933228,2.1237570390500314e-10,0.06386708108982768,0.0,0.024523162495771644,7.254228505020778e-07,5.011998297198551e-09,7.176641519257583e-06,7.153767829861334e-07,1.875787638910949e-08,1.3382105608296167e-08,4.731354742629348e-06,1.474517916533366e-05,0.00034631917593286646,8.389625286165615e-08,1.4212700554192984e-06,4.248322052182153e-27,3.820779727139393e-15
1.45837240595077e-06,0.05595639656,0.054,0.0,0.0,0.004819603958267293,0.8659620506205661,0.0031883466532972066,0.000877986850053622,2.1263422102946665e-10,0.06386652623804528,0.0,0.02452636755238338,7.250479557773449e-07,5.005059428964963e-09,7.170939655434476e-06,7.145615733119338e-07,1.8748192649238805e-08,1.3374783477332835e-08,4.728804316468841e-06,1.473915691366909e-05,0.0003464130606570044,8.378568481697475e-08,1.420353386054136e-06,4.258670999060581e-27,3.8217785075063135e-15
1.4596335253273515e-06,0.05595639656,0.054,0.0,0.0,0.004816332396747726,0.8659599861666744,0.003189187412270332,0.0008782258351200831,2.1289280711750227e-10,0.06386597195574487,0.0,0.02452956792690676,7.246735704143431e-07,4.998136222813815e-09,7.165247150747771e-06,7.137480349068874e-07,1.873851992415116e-08,1.3367470536659969e-08,4.726257306301047e-06,1.4733140420780133e-05,0.00034650686816376484,8.367534067970342e-08,1.4194378970208942e-06,4.269035301450822e-27,3.822775959052424e-15
1.460894644703933e-06,0.05595639656,0.054,0.0,0.0,0.004813065556124629,0.8659579245183873,0.003190027303243347,0.0008784645627766007,2.1315146211203312e-10,0.06386541824186473,0.0,0.024532763629522388,7.242996933633787e-07,4.991228520562359e-09,7.159563982417644e-06,7.12936162970505e-07,1.872886053246388e-08,1.3360166778707165e-08,4.723713705145047e-06,1.472712967974882e-05,0.00034660059859520777,8.356521984393616e-08,1.4185235861072626e-06,4.279414967143773e-27,3.823772084378637e-15
1.4621557640805145e-06,0.05595639656,0.054,0.0,0.0,0.004809803426160033,0.8659558656697498,0.003190866327841215,0.0008787030335056602,2.1341018595610014e-10,0.06386486509534631,0.0,0.024535954670378588,7.239263235775179e-07,4.984336254400348e-09,7.153890127746244e-06,7.121259527183782e-07,1.8719215293526433e-08,1.3352872216161135e-08,4.721173506037832e-06,1.4721124683630764e-05,0.00034669425209299875,8.345532170677243e-08,1.4176104511063013e-06,4.2898100039206304e-27,3.8247668860802004e-15
1.463416883457096e-06,0.05595639656,0.054,0.0,0.0,0.004806545996643951,0.8659538096148235,0.003191704487686008,0.0008789412477885994,2.1366897859284013e-10,0.06386431251513354,0.0,0.024539141059597896,7.235534600009109e-07,4.977459424554363e-09,7.148225564109645e-06,7.11317399384022e-07,1.8709583039729637e-08,1.3345586820639905e-08,4.718636702035208e-06,1.4715125425491755e-05,0.00034678782879844766,8.334564566718786e-08,1.4166984898160034e-06,4.300220419559023e-27,3.825760366746511e-15
1.4646780028336775e-06,0.05595639656,0.054,0.0,0.0,0.0048032932573910244,0.8659517563476835,0.0031925417843960175,0.0008791792061057069,2.1392783996547813e-10,0.06386376050017269,0.0,0.02454232280727802,7.231811015771631e-07,4.970598005764039e-09,7.142570268944197e-06,7.105104982163315e-07,1.8699963058508242e-08,1.3338310559455883e-08,4.716103286207176e-06,1.4709131898392572e-05,0.0003468813288525549,8.323619112596868e-08,1.4157877000385723e-06,4.310646221832169e-27,3.82675252896157e-15
1.465939122210259e-06,0.05595639656,0.054,0.0,0.0,0.004800045198246349,0.8659497058624234,0.003193378219584225,0.0008794169089359476,2.1418677001734975e-10,0.06386320904941288,0.0,0.02454549992348483,7.228092472632846e-07,4.963751909498344e-09,7.136924219759081e-06,7.097052444831526e-07,1.8690356309637144e-08,1.333104342209849e-08,4.713573251643544e-06,1.4703144095401411e-05,0.00034697475239591695,8.312695748591397e-08,1.4148780795820052e-06,4.3210874185093995e-27,3.827743375301827e-15
1.4672002415868406e-06,0.05595639656,0.054,0.0,0.0,0.00479680180908491,0.865947658153153,0.0031942137948596096,0.0008796543567570302,2.1444576869189595e-10,0.06386265816180609,0.0,0.024548672418255084,7.224378960198557e-07,4.9569210755902995e-09,7.1312873941378525e-06,7.089016334696966e-07,1.8680763194242222e-08,1.332378539988135e-08,4.711046591453984e-06,1.4697162009595794e-05,0.00034706809956874265,8.301794415181899e-08,1.4139696262596311e-06,4.331544017356123e-27,3.828732908337034e-15
1.468461360963422e-06,0.05595639656,0.054,0.0,0.0,0.0047935630798063905,0.8659456132139969,0.0031950485118284284,0.0008798915500456449,2.1470483593264324e-10,0.06386210783630641,0.0,0.024551840301602533,7.220670467999958e-07,4.950105504988293e-09,7.1256597697281e-06,7.080996604760214e-07,1.8671182592376076e-08,1.3316536472411965e-08,4.708523298761767e-06,1.4691185634041817e-05,0.0003471613705109486,8.290915053046338e-08,1.413062337888696e-06,4.342016026132044e-27,3.829721130632511e-15
1.4697224803400036e-06,0.05595639656,0.054,0.0,0.0,0.004790329000348149,0.8659435710391006,0.0031958823720910487,0.0008801284892768688,2.1496397168325346e-10,0.06386155807187166,0.0,0.024555003583502714,7.216966985635157e-07,4.943305155369183e-09,7.120041324268448e-06,7.072993208244267e-07,1.866161426835437e-08,1.330929661514911e-08,4.706003366717891e-06,1.4685214961837904e-05,0.000347254565361933,8.280057603073522e-08,1.4121562122939056e-06,4.3525034525948406e-27,3.830708044743756e-15
1.470983599716585e-06,0.05595639656,0.054,0.0,0.0,0.004787099560672934,0.8659415316226252,0.0031967153772431258,0.0008803651749246639,2.1522317588748201e-10,0.06386100886746189,0.0,0.02455816227390412,7.213268502835024e-07,4.93651990302978e-09,7.114432035556188e-06,7.065006098522298e-07,1.8652059924786015e-08,1.3302065810199046e-08,4.703486788489627e-06,1.4679249986088007e-05,0.0003473476842607548,8.269222006321748e-08,1.4112512473046748e-06,4.363006304498941e-27,3.831693653219802e-15
1.4722447190931666e-06,0.05595639656,0.054,0.0,0.0,0.00478387475077793,0.8659394949587513,0.003197547528876318,0.0008806016074615648,2.154824484892041e-10,0.06386046022204045,0.0,0.024561316382722843,7.209575009284839e-07,4.92974971446642e-09,7.1088318814733715e-06,7.057035229143395e-07,1.864251944624522e-08,1.329484405127548e-08,4.70097355726518e-06,1.4673290699891442e-05,0.00034744072734605184,8.25840820411053e-08,1.4103474407565933e-06,4.373524589592156e-27,3.83267795860299e-15
1.4735058384697481e-06,0.05595639656,0.054,0.0,0.0,0.004780654560685035,0.8659374610416724,0.0031983788285803063,0.0008808377873591113,2.1574178943237895e-10,0.06385991213457283,0.0,0.024564465919853246,7.20588649454767e-07,4.922994680752704e-09,7.103240839970129e-06,7.049080553818173e-07,1.863298978879395e-08,1.3287631328931268e-08,4.698463666247391e-06,1.4667337096342394e-05,0.0003475336947561691,8.247616137945345e-08,1.4094447904890716e-06,4.384058315617141e-27,3.833660963431455e-15
1.4747669578463296e-06,0.05595639656,0.054,0.0,0.0,0.0047774389804444515,0.8659354298655996,0.003199209277938043,0.0008810737150875511,2.1600119866107407e-10,0.06385936460402737,0.0,0.024567610895156876,7.202202948449657e-07,4.916254643784203e-09,7.097658889055971e-06,7.041142026430306e-07,1.862347294617972e-08,1.3280427592659058e-08,4.6959571086616186e-06,1.4661389168577185e-05,0.0003476265866290195,8.236845749454173e-08,1.4085432943480953e-06,4.394607490317788e-27,3.834642670233693e-15
1.4760280772229111e-06,0.05595639656,0.054,0.0,0.0,0.004774228000138696,0.865933401424763,0.003200038878528196,0.0008813093911157709,2.162606761194717e-10,0.06385881762937536,0.0,0.024570751318464007,7.198524360796878e-07,4.909529525404737e-09,7.092086006819913e-06,7.033219601039179e-07,1.8613970051414504e-08,1.3273232848032982e-08,4.693453877750793e-06,1.4655446909710214e-05,0.0003477194031021341,8.226096980540517e-08,1.4076429501849755e-06,4.405172121429634e-27,3.8356230815323205e-15
1.4772891965994927e-06,0.05595639656,0.054,0.0,0.0,0.0047710216098773035,0.865931375713407,0.0032008676319268,0.0008815448159115522,2.165202217518472e-10,0.06385827120959058,0.0,0.024573887199580285,7.194850721348072e-07,4.902819332183103e-09,7.086522171420948e-06,7.025313231858579e-07,1.8604479944055694e-08,1.3266047084138972e-08,4.690953966776108e-06,1.4649510312868048e-05,0.0003478121443126995,8.215369773280012e-08,1.4067437558558688e-06,4.4157522166849006e-27,3.836602199844326e-15
1.4785503159760742e-06,0.05595639656,0.054,0.0,0.0,0.004767819799793593,0.8659293527257896,0.003201695539706359,0.0008817799899416646,2.1677983550256112e-10,0.06385772534364897,0.0,0.024577018548287637,7.191182019869452e-07,4.896124049938721e-09,7.080967361075982e-06,7.017422873245429e-07,1.8595001699303584e-08,1.3258870273802459e-08,4.688457369012532e-06,1.4643579371173094e-05,0.00034790481039760385,8.20466406992398e-08,1.4058457092209926e-06,4.426347783811269e-27,3.837580027681567e-15
1.4798114353526557e-06,0.05595639656,0.054,0.0,0.0,0.0047646225600500225,0.8659273324561866,0.003202522603434121,0.0008820149136716009,2.1703951731608187e-10,0.06385718003052937,0.0,0.0245801453743372,7.187518246241526e-07,4.889443587139512e-09,7.075421554071131e-06,7.009548479742455e-07,1.858553632556131e-08,1.3251702394615772e-08,4.685964077753849e-06,1.4637654077753204e-05,0.0003479974014933487,8.193979812922442e-08,1.4049488081461114e-06,4.436958830532364e-27,3.838556567548613e-15
1.4810725547292372e-06,0.05595639656,0.054,0.0,0.0,0.0047614298808377,0.8659253148988896,0.0032033488246733985,0.0008822495875656427,2.172992671369798e-10,0.06385663526921316,0.0,0.024583267687452098,7.18385939037836e-07,4.8827778774568725e-09,7.0698847287639605e-06,7.001690006062765e-07,1.8576084427029927e-08,1.3244543437656048e-08,4.683474086312938e-06,1.4631734425746073e-05,0.0003480899177360627,8.183316944913285e-08,1.404053050502183e-06,4.447585364568157e-27,3.839531821943502e-15
1.4823336741058187e-06,0.05595639656,0.054,0.0,0.0,0.004758241752371619,0.8659233000482041,0.003204174204985047,0.00088248401208709,2.1755908490990843e-10,0.06385609105868399,0.0,0.0245863854973335,7.180205442126543e-07,4.876126931008425e-09,7.064356863574e-06,6.993847407057151e-07,1.856664477040208e-08,1.3237393393876249e-08,4.680987388016077e-06,1.4625820408280949e-05,0.00034818235926159025,8.172675408719995e-08,1.4031584341640057e-06,4.458227393633167e-27,3.840505793360003e-15
1.4835947934824002e-06,0.05595639656,0.054,0.0,0.0,0.004755058164903015,0.8659212878984558,0.0032049987459242756,0.0008827181876976854,2.1781897057965254e-10,0.06385554739792888,0.0,0.024589498813645888,7.17655639139529e-07,4.869490714396831e-09,7.0588379370082365e-06,6.986020637788984e-07,1.85572169370093e-08,1.3230252237492993e-08,4.6785039762160825e-06,1.4619912018517048e-05,0.00034827472620527927,8.162055147372802e-08,1.4022649570135417e-06,4.46888492543961e-27,3.841478484282497e-15
1.4848559128589817e-06,0.05595639656,0.054,0.0,0.0,0.004751879108707337,0.8659192784439854,0.0032058224490415415,0.0008829521148580986,2.1807892409108785e-10,0.06385500428593721,0.0,0.02459260764602751,7.172912228220399e-07,4.862869093113696e-09,7.0533279276282605e-06,6.978209653463336e-07,1.8547802849623027e-08,1.3223119935793504e-08,4.67602384428124e-06,1.4614009249618088e-05,0.0003483670187021525,8.151456104067012e-08,1.4013726169372873e-06,4.4795579676964674e-27,3.842449897189058e-15
1.4861170322355633e-06,0.05595639656,0.054,0.0,0.0,0.0047487045740931,0.8659172716791526,0.003206645315883427,0.0008831857940276211,2.1833894538920652e-10,0.0638544617217014,0.0,0.024595712004085456,7.169272942597092e-07,4.8562620262317565e-09,7.047826814076962e-06,6.970414409452594e-07,1.8538402662327294e-08,1.3215996490482463e-08,4.673546985600201e-06,1.460811209474617e-05,0.00034845923688682485,8.140878222240593e-08,1.400481411827783e-06,4.49024652810663e-27,3.8434200345511835e-15
1.4873781516121448e-06,0.05595639656,0.054,0.0,0.0,0.004745534551392932,0.8659152675983288,0.0032074673479949994,0.0008834192256645851,2.1859903441908175e-10,0.06385391970421597,0.0,0.02459881189740643,7.1656385244003e-07,4.84966963226858e-09,7.042334575064635e-06,6.962634861282685e-07,1.8529012853456515e-08,1.3208881915607406e-08,4.671073393576122e-06,1.460222054706109e-05,0.00034855138089362654,8.130321445506278e-08,1.3995913395813134e-06,4.5009506143679314e-27,3.844388898836449e-15
1.4886392709887263e-06,0.05595639656,0.054,0.0,0.0,0.0047423690309665615,0.8659132661959035,0.0032082885469147055,0.0008836524102260765,2.1885919112589266e-10,0.06385337823247816,0.0,0.024601907335545316,7.162008963750689e-07,4.843091759142321e-09,7.036851189357118e-06,6.954870964643636e-07,1.8519635160470924e-08,1.3201776133172984e-08,4.668603061633274e-06,1.4596334599758076e-05,0.000348643450856478,8.119785717609735e-08,1.3987023981003595e-06,4.511670234178601e-27,3.8453564925032904e-15
1.4899003903653078e-06,0.05595639656,0.054,0.0,0.0,0.004739208003204299,0.8659112674662829,0.003209108914176363,0.000883885348167869,2.191194154549291e-10,0.06385283730548816,0.0,0.024604998328026467,7.158384250774035e-07,4.836528298999391e-09,7.031376635794594e-06,6.947122675399758e-07,1.851027146448497e-08,1.319467915174317e-08,4.666135983212828e-06,1.4590454246014714e-05,0.0003487354469089298,8.109270982547437e-08,1.397814585292692e-06,4.5224053952295756e-27,3.8463228180040305e-15
1.4911615097418893e-06,0.05595639656,0.054,0.0,0.0,0.004736051458522861,0.8659092714038882,0.0032099284513117067,0.0008841180399446703,2.1937970735157158e-10,0.06385229692224846,0.0,0.02460808488435108,7.154764375526949e-07,4.829979269897274e-09,7.025910893285975e-06,6.939389949553542e-07,1.8500920454220858e-08,1.3187590970587976e-08,4.6636721517738275e-06,1.4584579479021113e-05,0.00034882736918419923,8.098777184482705e-08,1.396927899070748e-06,4.5331561052081995e-27,3.84728787778582e-15
1.4924226291184708e-06,0.05595639656,0.054,0.0,0.0,0.00473289938736198,0.8659072780031536,0.003210747159849252,0.0008843504860102116,2.1964006676128343e-10,0.06385175708176367,0.0,0.02461116701399772,7.15114932806674e-07,4.8234446819991055e-09,7.020453940796836e-06,6.931672743245745e-07,1.849158068614998e-08,1.3180511563368228e-08,4.661211560788808e-06,1.4578710291964356e-05,0.0003489192178152163,8.08830426774877e-08,1.3960423373508898e-06,4.543922371797269e-27,3.848251674290951e-15
1.4936837484950523e-06,0.05595639656,0.054,0.0,0.0,0.0047297517801890695,0.8659052872585294,0.0032115650413120696,0.0008845826868169929,2.199004936296325e-10,0.0638512177830412,0.0,0.02461424472641496,7.14753909858409e-07,4.816924433217003e-09,7.015005757356854e-06,6.923971012795953e-07,1.8482253390859946e-08,1.317344090047156e-08,4.658754203748048e-06,1.457284667803591e-05,0.00034901099293454006,8.07785217686899e-08,1.3951578980548477e-06,4.554704202675707e-27,3.849214209954494e-15
1.4949448678716338e-06,0.05595639656,0.054,0.0,0.0,0.004726608627498971,0.8659032991644827,0.0032123820972193187,0.0008848146428163457,2.2016098790228577e-10,0.06385067902509088,0.0,0.024617318031024273,7.143933677305308e-07,4.810418439651581e-09,7.009566322063608e-06,6.916284714686175e-07,1.8472939630746085e-08,1.3166378973977487e-08,4.656300074160097e-06,1.456698863043691e-05,0.00034910269467437093,8.067420856545409e-08,1.3942745791093938e-06,4.565501605518871e-27,3.850175487205156e-15
1.4962059872482154e-06,0.05595639656,0.054,0.0,0.0,0.00472346991980986,0.8659013137154923,0.0032131983290881964,0.0008850463544586548,2.2042154952499086e-10,0.06385014080692478,0.0,0.024620386937226547,7.140333054366695e-07,4.803926731571091e-09,7.00413561407641e-06,6.908613805529303e-07,1.8463637824148813e-08,1.3159325783403774e-08,4.653849165546863e-06,1.4561136142362537e-05,0.0003491943231666337,8.0570102516576e-08,1.3933923784450237e-06,4.576314587996704e-27,3.851135508467695e-15
1.4974671066247969e-06,0.05595639656,0.054,0.0,0.0,0.004720335647674766,0.8658993309060576,0.0032140137384304786,0.0008852778221928028,2.2068217844362302e-10,0.0638496031275581,0.0,0.024623451454387376,7.136737219968498e-07,4.797449293444515e-09,6.998713612638919e-06,6.90095824214482e-07,1.8454347158704724e-08,1.315228130165083e-08,4.651401471455733e-06,1.455528920703645e-05,0.0003492858785427762,8.046620307285217e-08,1.3925112939991431e-06,4.587143157776767e-27,3.8520942761578615e-15
1.4987282260013784e-06,0.05595639656,0.054,0.0,0.0,0.004717205801669554,0.865897350730692,0.003214828326752846,0.0008855090464666367,2.2094287460414564e-10,0.0638490659860085,0.0,0.024626511591846544,7.133146164459802e-07,4.790985960726374e-09,6.993300297043211e-06,6.893317981480578e-07,1.8445070170591122e-08,1.3145245483234321e-08,4.648956985448563e-06,1.4549447817685875e-05,0.00034937736093393454,8.036250968664589e-08,1.3916313237135617e-06,4.597987322523624e-27,3.853051792685046e-15
1.49998934537796e-06,0.05595639656,0.054,0.0,0.0,0.004714080372401906,0.8658953731839267,0.0032156420955582947,0.0008857400277266747,2.2120363795263516e-10,0.06384852938129641,0.0,0.024629567358913994,7.129559878138175e-07,4.784536674494047e-09,6.987895646659725e-06,6.885692980642959e-07,1.8435807544960532e-08,1.3138218336147909e-08,4.646515701106958e-06,1.4543611967537969e-05,0.0003494687704708519,8.025902181262448e-08,1.3907524655359554e-06,4.60884708989589e-27,3.854008060452286e-15
1.5012504647545414e-06,0.05595639656,0.054,0.0,0.0,0.004710959350503476,0.8658933982603052,0.0032164550463492387,0.000885970766418509,2.2146446843524695e-10,0.06384799331244442,0.0,0.024632618764881046,7.125978351147825e-07,4.7781016176693405e-09,6.982499640929267e-06,6.878083196891428e-07,1.8426554528250053e-08,1.3131199897975933e-08,4.644077612027332e-06,1.4537781649820754e-05,0.0003495601072839924,8.015573890714227e-08,1.3898747174176217e-06,4.61972246754702e-27,3.854963081859264e-15
1.502511584131123e-06,0.05595639656,0.054,0.0,0.0,0.004707842726631599,0.8658914259543876,0.0032172671806212556,0.0008862012629865298,2.217253659982389e-10,0.0638474577784777,0.0,0.024635665819007856,7.122401573902322e-07,4.77168064276793e-09,6.977112259342008e-06,6.870488587635493e-07,1.8417312515357373e-08,1.3124190065792023e-08,4.641642711825855e-06,1.4531956857793788e-05,0.0003496513715034297,8.005266042785907e-08,1.3889980773158184e-06,4.63061346313083e-27,3.8559168592966614e-15
1.5037727035077044e-06,0.05595639656,0.054,0.0,0.0,0.004704730491472127,0.8658894562607503,0.003218078499864504,0.0008864315178738612,2.219863305879768e-10,0.06384692277842413,0.0,0.02463870853052419,7.11882953686321e-07,4.765273574959526e-09,6.971733481455707e-06,6.86290911046349e-07,1.8408084980589647e-08,1.3117188845588787e-08,4.639210994134249e-06,1.452613758469907e-05,0.0003497425632588841,7.994978583477844e-08,1.3881225431929842e-06,4.6415200842942944e-27,3.856869395148733e-15
1.505033822884286e-06,0.05595639656,0.054,0.0,0.0,0.004701622635737175,0.8658874891739845,0.003218889005568101,0.000886661531522599,2.2224736215091424e-10,0.06384638831131399,0.0,0.024641746908638684,7.115262230355323e-07,4.7588804566398455e-09,6.966363286897552e-06,6.855344723076709e-07,1.8398870239504207e-08,1.3110196250616374e-08,4.6367824526022655e-06,1.452032382379314e-05,0.000349833682679751,7.984711458953214e-08,1.3872481130160387e-06,4.6524423386805696e-27,3.857820691795256e-15
1.5062949422608675e-06,0.05595639656,0.054,0.0,0.0,0.004698519150161344,0.8658855246886931,0.0032196986992184397,0.0008868913043738963,2.2250846063358535e-10,0.06384585437617955,0.0,0.024644780962538575,7.111699644701004e-07,4.752501348734444e-09,6.961001655352292e-06,6.847795383318528e-07,1.8389665726951922e-08,1.3103212258996673e-08,4.634357080893168e-06,1.4514515568331964e-05,0.00034992472989514724,7.974464615537801e-08,1.3863747847557202e-06,4.663380233928395e-27,3.858770751611444e-15
1.507556061637449e-06,0.05595639656,0.054,0.0,0.0,0.00469542002550513,0.8658835627994956,0.0032205075822958605,0.0008871208368677191,2.227696259826256e-10,0.06384532097205571,0.0,0.024647810701381362,7.10814177040602e-07,4.746136123368544e-09,6.955648566560795e-06,6.840261049200509e-07,1.838047316684254e-08,1.3096236828202908e-08,4.631934872686477e-06,1.4508712811573424e-05,0.00035001570503383537,7.964237999738548e-08,1.3855025563879668e-06,4.674333777672784e-27,3.859719576965165e-15
1.5088171810140305e-06,0.05595639656,0.054,0.0,0.0,0.004692325252555175,0.8658816035010258,0.0032213156562766834,0.0008873501294429056,2.2303085814476705e-10,0.06384478809797982,0.0,0.024650836134298235,7.104588598007079e-07,4.73978465635637e-09,6.950304000327681e-06,6.832741678887958e-07,1.837129461023307e-08,1.3089269948864506e-08,4.629515821679002e-06,1.4502915546783853e-05,0.00035010660822423474,7.954031558233703e-08,1.384631425893598e-06,4.685302977545215e-27,3.860667170218042e-15
1.510078300390612e-06,0.05595639656,0.054,0.0,0.0,0.004689234822121318,0.8658796467879312,0.0032221229226361884,0.00088757918253738,2.2329215706681981e-10,0.0638442557529913,0.0,0.024653857270401546,7.101040117904374e-07,4.733447019151702e-09,6.944967936522048e-06,6.825237230673771e-07,1.8362127728966818e-08,1.3082311637088062e-08,4.6270999215813655e-06,1.4497123767227666e-05,0.0003501974395944943,7.943845237871629e-08,1.3837613912570436e-06,4.696287841171811e-27,3.8616135337282736e-15
1.5113394197671935e-06,0.05595639656,0.054,0.0,0.0,0.004686148725044328,0.8658776926548759,0.0032229293828442795,0.0008878079965877123,2.2355352269571002e-10,0.06384372393613244,0.0,0.024656874118771346,7.097496320606952e-07,4.7271231765941366e-09,6.939640355086152e-06,6.817747663039649e-07,1.8352971995114314e-08,1.3075361848249656e-08,4.624687166126529e-06,1.4491337466193267e-05,0.0003502881992723362,7.93367898567981e-08,1.3828924504688798e-06,4.707288376176443e-27,3.862558669845713e-15
1.512600539143775e-06,0.05595639656,0.054,0.0,0.0,0.004683066952193072,0.8658757410965418,0.00322373503836555,0.0008880365720292249,2.2381495497847048e-10,0.06384319264644843,0.0,0.024659886688457644,7.093957196692215e-07,4.720813005431431e-09,6.9343212360222645e-06,6.810272934597633e-07,1.8343829127751968e-08,1.3068420546147445e-08,4.622277549065863e-06,1.4485556636976727e-05,0.0003503788873851051,7.923532748874607e-08,1.382024601525277e-06,4.718304590179323e-27,3.8635025809128975e-15
1.5138616585203565e-06,0.05595639656,0.054,0.0,0.0,0.004679989494461461,0.8658737921076243,0.003224539890661659,0.0008882649092961905,2.240764538622241e-10,0.0638426618829866,0.0,0.024662894988486946,7.090422736755936e-07,4.714516479273435e-09,6.9290105594009e-06,6.802813004136118e-07,1.8334699361788337e-08,1.3061487763846406e-08,4.61987106416591e-06,1.4479781272871716e-05,0.00035046950405983983,7.913406474856649e-08,1.3811578424268199e-06,4.729336490795545e-27,3.864445269267442e-15
1.515122777896938e-06,0.05595639656,0.054,0.0,0.0,0.004676916342769605,0.8658718456828333,0.0032253439411922004,0.0008884930088218179,2.2433801929418495e-10,0.06384213164479673,0.0,0.024665899027862807,7.086892931363912e-07,4.708233686743178e-09,6.9237083053582876e-06,6.795367830572009e-07,1.832557978295073e-08,1.3054563505831355e-08,4.617467705211209e-06,1.447401136718702e-05,0.000350560049423244,7.903300111188463e-08,1.3802921711788843e-06,4.740384085636639e-27,3.865386737241782e-15
1.5163838972735196e-06,0.05595639656,0.054,0.0,0.0,0.004673847488059943,0.8658699018168927,0.003226147191411337,0.0008887208710382862,2.245996512216555e-10,0.0638416019309308,0.0,0.024668898815562675,7.083367771090072e-07,4.701964473846899e-09,6.918414454076121e-06,6.787937372944494e-07,1.83164718555501e-08,1.3047647650741691e-08,4.615067466001021e-06,1.4468246913240926e-05,0.00035065052360171015,7.893213605575678e-08,1.3794275857914666e-06,4.751447382311771e-27,3.866326987161565e-15
1.517645016650101e-06,0.05595639656,0.054,0.0,0.0,0.004670782921302658,0.8658679605045421,0.003226949642768817,0.0008889484963765674,2.248613495920418e-10,0.0638410727404435,0.0,0.024671894360536017,7.079847246619856e-07,4.695708767218597e-09,6.91312898580108e-06,6.780521590437608e-07,1.8307377246133415e-08,1.3040740256755981e-08,4.612670340350769e-06,1.4462487904341467e-05,0.0003507409267212841,7.883146905940252e-08,1.3785640842795255e-06,4.762526388424069e-27,3.867266021346491e-15
1.5189061360266826e-06,0.05595639656,0.054,0.0,0.0,0.004667722633493801,0.8658660217405355,0.0032277512967122586,0.0008891758852665798,2.251231143528405e-10,0.0638405440723918,0.0,0.024674885671709456,7.076331348665482e-07,4.689466578119645e-09,6.90785188084923e-06,6.773120442402934e-07,1.8298294787998298e-08,1.3033841318612571e-08,4.610276322094122e-06,1.4456734333816043e-05,0.0003508312589076756,7.873099960356238e-08,1.3777016646628465e-06,4.77362111157365e-27,3.868203842110897e-15
1.5201672554032641e-06,0.05595639656,0.054,0.0,0.0,0.004664666615650643,0.8658640855196391,0.003228552154686353,0.0008894030381373383,2.2538494545162586e-10,0.06384001592583467,0.0,0.024677872757988828,7.072820067835576e-07,4.6832379084911035e-09,6.9025831195849915e-06,6.765733888286633e-07,1.828922310916042e-08,1.3026950788916613e-08,4.607885405077325e-06,1.4450986194990518e-05,0.0003509215202863281,7.863072717052522e-08,1.376840324964875e-06,4.784731559356271e-27,3.869140451764636e-15
1.5214283747798456e-06,0.05595639656,0.054,0.0,0.0,0.004661614858816154,0.8658621518366341,0.0032293522181306793,0.0008896299554167053,2.2564684283607124e-10,0.0638394882998336,0.0,0.024680855628252094,7.069313394843478e-07,4.677022671751128e-09,6.897322682435995e-06,6.758361887728578e-07,1.8280163303055532e-08,1.3020068650644835e-08,4.605497583162694e-06,1.4445243481191231e-05,0.0003510117109823457,7.853065124440561e-08,1.3759800632140567e-06,4.795857739363455e-27,3.8700758526109094e-15
1.5226894941564271e-06,0.05595639656,0.054,0.0,0.0,0.004658567354058471,0.8658602206863167,0.003230151488481127,0.0008898566375314611,2.2590880645394322e-10,0.06383896119345245,0.0,0.02468383429135223,7.065811320529608e-07,4.670820789888889e-09,6.892070549891765e-06,6.751004400516979e-07,1.8271116457547236e-08,1.3013194908507703e-08,4.603112850229421e-06,1.4439506185754985e-05,0.00035110183112050064,7.843077131092881e-08,1.3751208774435558e-06,4.806999659183435e-27,3.871010046946949e-15
1.5239506135330086e-06,0.05595639656,0.054,0.0,0.0,0.004655524092467388,0.8658582920634946,0.003230949967171834,0.0008900830849075043,2.2617083625308413e-10,0.06383843460575703,0.0,0.024686808756123193,7.062313835619932e-07,4.6646322851535284e-09,6.886826702496859e-06,6.743661386538633e-07,1.8262081112435767e-08,1.3006329548620045e-08,4.600731200169624e-06,1.443377430201798e-05,0.0003511918808253054,7.833108685738852e-08,1.3742627656900958e-06,4.818157326399585e-27,3.871943037066209e-15
1.5252117329095902e-06,0.05595639656,0.054,0.0,0.0,0.0046524850651649755,0.8658563659629944,0.0032317476556319577,0.0008903092979693362,2.264329321814569e-10,0.06383790853581621,0.0,0.024689779031366436,7.058820930837456e-07,4.658457148997539e-09,6.881591120873793e-06,6.73633280587097e-07,1.825305635831569e-08,1.2999472539802526e-08,4.598352626898692e-06,1.4428047823340421e-05,0.00035128186022083386,7.823159737297021e-08,1.373405725996797e-06,4.829330748592522e-27,3.872874825253915e-15
1.5264728522861717e-06,0.05595639656,0.054,0.0,0.0,0.004649450263294292,0.8658544423796553,0.0032325445552858142,0.0008905352771404941,2.2669509418710748e-10,0.06383738298270099,0.0,0.024692745125859422,7.055332597084114e-07,4.652295235552019e-09,6.87636378569052e-06,6.729018618722199e-07,1.8244044578450107e-08,1.2992623858690987e-08,4.5959771243451635e-06,1.442232674308391e-05,0.00035137176943087465,7.813230234833076e-08,1.3725497564108888e-06,4.840519933339822e-27,3.873805413789366e-15
1.5277339716627532e-06,0.05595639656,0.054,0.0,0.0,0.004646419678027719,0.8658525213083331,0.003233340667554153,0.0008907610228432776,2.2695732221818848e-10,0.0638368579454851,0.0,0.02469570704835186,7.05184882528289e-07,4.646146472777858e-09,6.871144677683937e-06,6.721718785426517e-07,1.823504675943756e-08,1.2985783510935536e-08,4.593604686456293e-06,1.4416611054615504e-05,0.0003514616085788455,7.803320127615807e-08,1.3716948549851649e-06,4.8517248882138796e-27,3.874734804945695e-15
1.5289950910393347e-06,0.05595639656,0.054,0.0,0.0,0.004643393300560105,0.8658506027438955,0.0032341359938574533,0.0008909865354991245,2.2721961622292706e-10,0.06383633342324414,0.0,0.024698664807576494,7.048369606117315e-07,4.640011027153151e-09,6.865933777656485e-06,6.714433266450134e-07,1.8226058323680753e-08,1.2978951501643632e-08,4.591235307193703e-06,1.441090075130805e-05,0.0003515513777879014,7.793429365064196e-08,1.3708410197758848e-06,4.862945620782309e-27,3.875663000992956e-15
1.5302562104159162e-06,0.05595639656,0.054,0.0,0.0,0.004640371122110207,0.8658486866812244,0.003234930535610044,0.0008912118155283517,2.2748197614964698e-10,0.06383580941505618,0.0,0.02470161841223752,7.044894930470912e-07,4.633888806677704e-09,6.860731066460761e-06,6.707162022429416e-07,1.8217079830388693e-08,1.2972127761007592e-08,4.588868980536341e-06,1.440519582655336e-05,0.0003516410771808464,7.783557896735565e-08,1.3699882488446938e-06,4.874182138611773e-27,3.876590004193286e-15
1.5315173297924977e-06,0.05595639656,0.054,0.0,0.0,0.004637353133922502,0.8658467731152184,0.003235724294220454,0.0008914368633500976,2.277444019467741e-10,0.0638352859200019,0.0,0.024704567871010146,7.041424789442337e-07,4.627779603973442e-09,6.855536525003877e-06,6.699905014135598e-07,1.82081154390006e-08,1.2965312291517739e-08,4.586505700477814e-06,1.4399496273734042e-05,0.0003517307068801501,7.773705672387909e-08,1.3691365402582497e-06,4.885434449263529e-27,3.877515816802128e-15
1.5327784491690792e-06,0.05595639656,0.054,0.0,0.0,0.004634339327266165,0.8658448620407879,0.003236517271096669,0.0008916616793825417,2.2800689356281706e-10,0.06383476293716404,0.0,0.024707513192550486,7.03795917391555e-07,4.621683457464798e-09,6.85035013425939e-06,6.692662202442786e-07,1.8199163614698826e-08,1.2958505100626903e-08,4.58414546102871e-06,1.4393802086247314e-05,0.0003518202670079796,7.763872641930624e-08,1.368285892087386e-06,4.8967025602948e-27,3.878440441071037e-15
1.5340395685456608e-06,0.05595639656,0.054,0.0,0.0,0.004631329693431496,0.8658429534528566,0.0032373094676444903,0.0008918862640429861,2.282694509463603e-10,0.06383424046562733,0.0,0.02471045438549526,7.034498074733628e-07,4.615600458181973e-09,6.845171875258033e-06,6.685433548373814e-07,1.8190221236888143e-08,1.2951706170454748e-08,4.581788256212577e-06,1.4388113257491366e-05,0.00035190975768624303,7.754058755423507e-08,1.3674363024065263e-06,4.907986479258466e-27,3.879363879247472e-15
1.5353006879222423e-06,0.05595639656,0.054,0.0,0.0,0.004628324223732427,0.8658410473463607,0.0032381008852637163,0.0008921106177476264,2.2853207404608425e-10,0.06383371850447889,0.0,0.024713391458453242,7.031041482955312e-07,4.609530482687947e-09,6.840001729078841e-06,6.678219013096092e-07,1.8181289971475863e-08,1.2944915461315324e-08,4.579434080067606e-06,1.438242978086509e-05,0.0003519991790365219,7.744263963093397e-08,1.366587769294959e-06,4.91928621370385e-27,3.880286133571849e-15
1.5365618072988238e-06,0.05595639656,0.054,0.0,0.0,0.0046253229095067705,0.8658391437162523,0.0032388915253500567,0.0008923347409116079,2.287947628107603e-10,0.06383319705280811,0.0,0.02471632442000848,7.027589389683713e-07,4.6034733802371045e-09,6.8348396768561205e-06,6.67101855790434e-07,1.8172372514607044e-08,1.2938132959663011e-08,4.577082926647706e-06,1.4376751649775286e-05,0.00035208853118008025,7.734488215323217e-08,1.3657402908365653e-06,4.930601771176894e-27,3.881207206278611e-15
1.5378229266754053e-06,0.05595639656,0.054,0.0,0.0,0.004622325742114248,0.865837242557494,0.003239681389298728,0.0008925586339492243,2.290575171892336e-10,0.06383267610970636,0.0,0.024719253278728127,7.024141785861739e-07,4.597429231227757e-09,6.8296856997871095e-06,6.663832144217167e-07,1.816346646970862e-08,1.2931358684051295e-08,4.574734790020254e-06,1.4371078857630312e-05,0.0003521778142379272,7.724731462650868e-08,1.364893865118633e-06,4.941933159218386e-27,3.8821270995991896e-15
1.5390840460519868e-06,0.05595639656,0.054,0.0,0.0,0.004619332712943412,0.8658353438650656,0.003240470478500167,0.0008927822972735069,2.2932033713045884e-10,0.06383215567426768,0.0,0.024722178043149662,7.020698662523993e-07,4.591398032563049e-09,6.824539779137658e-06,6.65665973362773e-07,1.8154570653538532e-08,1.292459259564647e-08,4.572389664273344e-06,1.4365411397860264e-05,0.00035226702833067734,7.714993655782298e-08,1.364048490234172e-06,4.9532803853666915e-27,3.883045815757391e-15
1.5403451654285683e-06,0.05595639656,0.054,0.0,0.0,0.004616343813408428,0.8658334476339623,0.0032412587943394192,0.0008930057312963254,2.2958322258349138e-10,0.06383163574558871,0.0,0.02472509872178228,7.01726001079192e-07,4.585379656125636e-09,6.819401896225895e-06,6.64950128784528e-07,1.8145686914116274e-08,1.291783465526164e-08,4.570047543511873e-06,1.4359749263902788e-05,0.00035235617357859574,7.705274745594856e-08,1.3632041642814561e-06,4.9646434571568166e-27,3.883963356969956e-15
1.5416062848051498e-06,0.05595639656,0.054,0.0,0.0,0.004613359034946262,0.8658315538591919,0.003242046338198394,0.0008932289364285704,2.2984617349747166e-10,0.06383111632276829,0.0,0.02472801532311294,7.013825821841661e-07,4.579374030300381e-09,6.8142720324315196e-06,6.642356768748448e-07,1.8136816579262357e-08,1.2911084887569497e-08,4.567708421854682e-06,1.4354092449194947e-05,0.0003524452501016627,7.695574683130956e-08,1.3623608853629421e-06,4.976022382119101e-27,3.884879725448778e-15
1.5428674041817313e-06,0.05595639656,0.054,0.0,0.0,0.004610378369018878,0.8658296625357759,0.003242833111457886,0.0008934519130801417,2.301091898216262e-10,0.06383059740490726,0.0,0.024730927855608317,7.010396086773142e-07,4.573381270836285e-09,6.809150169198776e-06,6.635226138326392e-07,1.812795630334541e-08,1.2904343308993114e-08,4.565372293437878e-06,1.4348440947189012e-05,0.00035253425801954664,7.685893419585887e-08,1.361518651585537e-06,4.987417167780059e-27,3.885794923401367e-15
1.5441285235583129e-06,0.05595639656,0.054,0.0,0.0,0.004607401807109479,0.8658277736587484,0.0032436191154942453,0.000893674661659979,2.30372271505265e-10,0.06383007899110878,0.0,0.02473383632771152,7.006970796607128e-07,4.567401315589373e-09,6.804036288016024e-06,6.62810935866977e-07,1.81191055362642e-08,1.2897609813891513e-08,4.5630391524116935e-06,1.434279475134694e-05,0.00035262319745162595,7.676230906290341e-08,1.3606774610604473e-06,4.99882782166369e-27,3.886708953029203e-15
1.5453896429348944e-06,0.05595639656,0.054,0.0,0.0,0.004604429340725122,0.8658258872231589,0.0032444043516776937,0.0008938971825758969,2.3063541849779587e-10,0.06382956108047835,0.0,0.02473674074783751,7.003549942665404e-07,4.56143398274485e-09,6.798930370420967e-06,6.62100639201549e-07,1.811026824782902e-08,1.289088442696233e-08,4.560708992939914e-06,1.4337153855120452e-05,0.0003527120685169609,7.666587094763546e-08,1.3598373119036436e-06,5.01025435128891e-27,3.887621816527141e-15
1.5466507623114759e-06,0.05595639656,0.054,0.0,0.0,0.004601460961397781,0.8658240032240695,0.003245188821377536,0.0008941194762347284,2.308986307487121e-10,0.06382904367212368,0.0,0.024739641124381345,7.000133516173066e-07,4.555479289668806e-09,6.793832398019237e-06,6.613917200732627e-07,1.8101443401979175e-08,1.2884167158020295e-08,4.5583818092039094e-06,1.433151825197988e-05,0.0003528008713342978,7.656961936670686e-08,1.3589982022355443e-06,5.021696764171177e-27,3.888533516085654e-15
1.5479118816880574e-06,0.05595639656,0.054,0.0,0.0,0.004598496660679828,0.8658221216565534,0.003245972525961186,0.0008943415430424641,2.3116190820758043e-10,0.06382852676515435,0.0,0.024742537465719753,6.996721508235199e-07,4.549537316564456e-09,6.788742352469298e-06,6.606841747305944e-07,1.809262803357442e-08,1.2877457980857529e-08,4.556057595397793e-06,1.4325887935398642e-05,0.00035288960602213206,7.647355383818652e-08,1.3581601301800311e-06,5.0331550678218054e-27,3.889444053891346e-15
1.549173001064639e-06,0.05595639656,0.054,0.0,0.0,0.004595536430146684,0.8658202425156987,0.003246755466790444,0.0008945633834040207,2.31425250824061e-10,0.06382801035868224,0.0,0.024745429780202624,6.993313910114782e-07,4.543607965317319e-09,6.78366021548056e-06,6.599779994382049e-07,1.8083823346776246e-08,1.287075686014866e-08,4.553736345729793e-06,1.4320262898849434e-05,0.00035297827269864594,7.637767388179971e-08,1.3573230938656892e-06,5.044629269748176e-27,3.890353432124191e-15
1.5504341204412204e-06,0.05595639656,0.054,0.0,0.0,0.00459258026139643,0.8658183657966061,0.00324753764522297,0.0008947849977233057,2.316886585479021e-10,0.06382749445182147,0.0,0.02474831807615598,6.989910713198967e-07,4.53769109074799e-09,6.778585968814409e-06,6.592731904731364e-07,1.8075031988608653e-08,1.286406378718976e-08,4.5514180544230165e-06,1.431464313581214e-05,0.0003530668714817178,7.628197901875742e-08,1.356487091425529e-06,5.0561193774544195e-27,3.891261652958301e-15
1.551695239817802e-06,0.05595639656,0.054,0.0,0.0,0.00458962814604808,0.8658164914943881,0.0032483190626157697,0.0008950063864034043,2.3195213132892367e-10,0.06382697904368795,0.0,0.024751202361889352,6.98651190872998e-07,4.531786747054958e-09,6.773519594289662e-06,6.585697441223484e-07,1.8066252094990237e-08,1.2857378773716883e-08,4.549102715713626e-06,1.4309028639770109e-05,0.00035315540248898,7.618646877171623e-08,1.355652120995901e-06,5.0676253984399264e-27,3.892168718564706e-15
1.5529563591943835e-06,0.05595639656,0.054,0.0,0.0,0.004586680075751042,0.865814619604174,0.0032490997203217585,0.0008952275498461005,2.3221566911705927e-10,0.0638264641334005,0.0,0.024754082645682737,6.983117487941825e-07,4.525894995747209e-09,6.7684610738016364e-06,6.578676566915961e-07,1.805748121869792e-08,1.2850701798373981e-08,4.546790323859885e-06,1.4303419404231352e-05,0.0003532438658376563,7.609114266508421e-08,1.354818180719139e-06,5.079147340201276e-27,3.893074631107022e-15
1.554217478570965e-06,0.05595639656,0.054,0.0,0.0,0.004583736042174162,0.8658127501211064,0.00324987961968726,0.0008954484884522068,2.3247927186232724e-10,0.06382594972008004,0.0,0.024756958935790174,6.979727442329578e-07,4.520015578085708e-09,6.763410389278959e-06,6.571669244981179e-07,1.8048723972634013e-08,1.2844032790612117e-08,4.544480873132091e-06,1.4297815422704438e-05,0.000353332261644688,7.599600022465032e-08,1.3539852687419013e-06,5.090685210232613e-27,3.893979392741939e-15
1.5554785979475465e-06,0.05595639656,0.054,0.0,0.0,0.0045807960370112,0.8658108830403396,0.0032506587620581917,0.0008956692026215694,2.327429395148305e-10,0.06382543580284956,0.0,0.024759831240446912,6.976341763136557e-07,4.514148566792379e-09,6.758367522715366e-06,6.564675438665843e-07,1.803997860782366e-08,1.283737180265262e-08,4.54217435781611e-06,1.429221668870083e-05,0.0003534205900267272,7.590104097794281e-08,1.3531533832149e-06,5.102239016022113e-27,3.894883005622811e-15
1.55661360538647e-06,0.05595639656,0.054,0.0,0.0,0.004578153469812173,0.8658092047176236,0.0032513593440721624,0.0008958676538102656,2.3298029585659834e-10,0.06382497370077607,0.0,0.02476241291386682,6.973298377997895e-07,4.508878954033842e-09,6.7538356123268595e-06,6.558392538564986e-07,1.803211505955596e-08,1.2831383764063968e-08,4.540100999099187e-06,1.4287182309379294e-05,0.0003535000280183587,7.581573389719166e-08,1.3524055623306842e-06,5.1126510724924236e-27,3.895695276806569e-15
1.5577486128253935e-06,0.05595639656,0.054,0.0,0.0,0.004575514152894026,0.8658075283333443,0.003252059314983362,0.0008960659238183981,2.332177046966245e-10,0.06382451199919063,0.0,0.024764991371694592,6.970258516513003e-07,4.5036192902658e-09,6.7493100068907e-06,6.552120529904403e-07,1.802426143038548e-08,1.2825402142198081e-08,4.538030009304645e-06,1.4282152170588392e-05,0.0003535794115746114,7.573057447934788e-08,1.3516585700349346e-06,5.123076048444815e-27,3.896506620800858e-15
1.558883620264317e-06,0.05595639656,0.054,0.0,0.0,0.004572878080247363,0.8658058538839967,0.0032527586757651323,0.0008962640129354289,2.334551659987109e-10,0.06382405069745833,0.0,0.02476756661988627,6.967222172397395e-07,4.498369538505024e-09,6.7447906933916284e-06,6.545859386193166e-07,1.801641852023982e-08,1.2819426966080414e-08,4.5359613842964835e-06,1.427712626760954e-05,0.00035365874077992137,7.56455623830631e-08,1.3509124049884912e-06,5.133513949330718e-27,3.897317039164105e-15
1.5600186277032404e-06,0.05595639656,0.054,0.0,0.0,0.004570245245879187,0.8658041813660843,0.0032534574273904073,0.0008964619214501784,2.3369267972671617e-10,0.06382358979494578,0.0,0.024770138664385166,6.964189339357297e-07,4.493129820285388e-09,6.74027765886041e-06,6.539609081029425e-07,1.800858340707762e-08,1.2813458280253269e-08,4.533895119950083e-06,1.4272104595734502e-05,0.0003537380157185213,7.556069726798815e-08,1.350167065854975e-06,5.143964780598962e-27,3.898126533452085e-15
1.561153635142164e-06,0.05595639656,0.054,0.0,0.0,0.004567615643810332,0.8658025107761195,0.003254155570828778,0.0008966596496508269,2.339302458445547e-10,0.06382312929102096,0.0,0.024772707511118437,6.961160011167969e-07,4.487900053013796e-09,6.73577089034431e-06,6.533369587998108e-07,1.8000756030198463e-08,1.2807495964587228e-08,4.5318312121506e-06,1.4267087150265571e-05,0.0003538172364744453,7.547597879459815e-08,1.3494225513009715e-06,5.1544285476974374e-27,3.8989351052161845e-15
1.5622886425810874e-06,0.05595639656,0.054,0.0,0.0,0.004564989268074903,0.8658008421106222,0.0032548531070460563,0.0008968571978249132,2.341678643161974e-10,0.06382266918505326,0.0,0.024775273165996967,6.958134181573714e-07,4.4826800748512825e-09,6.731270374914858e-06,6.527140880761644e-07,1.799293944464691e-08,1.2801539981823219e-08,4.529769656790176e-06,1.4262073926496604e-05,0.00035389640313154586,7.539140662444041e-08,1.3486788599957802e-06,5.1649052560707035e-27,3.899742756003925e-15
1.563423650020011e-06,0.05595639656,0.054,0.0,0.0,0.004562366112723198,0.8657991753661222,0.003255550037007735,0.0008970545662593377,2.3440553510567107e-10,0.06382220947641343,0.0,0.02477783563491942,6.955111844597348e-07,4.477470036833578e-09,6.7267760997083045e-06,6.520922933234002e-07,1.7985132232374418e-08,1.27955905583972e-08,4.52771044977055e-06,1.4257064919717303e-05,0.00035397551577348986,7.530698042026872e-08,1.3479359906113013e-06,5.175394911158742e-27,3.9005494873608185e-15
1.5645586574589344e-06,0.05595639656,0.054,0.0,0.0,0.004559746171822641,0.8657975105391571,0.0032562463616776717,0.0008972517552402982,2.346432581770639e-10,0.06382175016447375,0.0,0.02478039492376853,6.952092994037293e-07,4.472269887943343e-09,6.722288051905537e-06,6.514715719416358e-07,1.7977332545566178e-08,1.2789647491355191e-08,4.525653587009074e-06,1.4252060125258506e-05,0.00035405457448370016,7.522269984542745e-08,1.3471939418229898e-06,5.185897518403415e-27,3.901355300827589e-15
1.5656936648978579e-06,0.05595639656,0.054,0.0,0.0,0.004557129439454195,0.8657958476262746,0.0032569420820158386,0.0008974487650533373,2.348810334945223e-10,0.06382129124860805,0.0,0.02478295103841053,6.949077623479332e-07,4.467079542184633e-09,6.717806218698293e-06,6.508519213234543e-07,1.796954154903579e-08,1.2783710734129083e-08,4.523599064429841e-06,1.4247059538437973e-05,0.000354133579345426,7.513856456442591e-08,1.3464527123091413e-06,5.196413083242443e-27,3.9021601979412066e-15
1.5668286723367814e-06,0.05595639656,0.054,0.0,0.0,0.004554515909708526,0.8657941866240275,0.003257637198980191,0.000897645595983551,2.3511886102223114e-10,0.06382083272819102,0.0,0.02478550398470106,6.946065726920208e-07,4.461898948273255e-09,6.713330587317474e-06,6.502333388815925e-07,1.7961761161372428e-08,1.2777780387051361e-08,4.521546877960223e-06,1.4242063154552958e-05,0.0003542125304418114,7.505457424279013e-08,1.3457123007495427e-06,5.206941611108818e-27,3.9029641802368135e-15
1.5679636797757049e-06,0.05595639656,0.054,0.0,0.0,0.004551905576694341,0.8657925275289782,0.00325833171352783,0.0008978422483153171,2.35356740724439e-10,0.06382037460259891,0.0,0.02478805376848095,6.943057298477124e-07,4.456728127306735e-09,6.708861145026396e-06,6.496158220271375e-07,1.7953990239269486e-08,1.2771856454170712e-08,4.51949702354157e-06,1.4237070968923934e-05,0.00035429142785575713,7.497072854696881e-08,1.344972705827399e-06,5.2174831074345344e-27,3.903767249245885e-15
1.5690986872146283e-06,0.05595639656,0.054,0.0,0.0,0.004549298434534709,0.8657908703376969,0.003259025626614485,0.0008980387223324185,2.3559467256544657e-10,0.06381991687120944,0.0,0.024790600395578056,6.940052331786737e-07,4.451567107906915e-09,6.70439787912082e-06,6.489993681750058e-07,1.7946226502716248e-08,1.2765938833180736e-08,4.51744949712644e-06,1.423208297689136e-05,0.00035437027166996854,7.488702714411046e-08,1.344233926228619e-06,5.2280375776509584e-27,3.904569406496547e-15
1.5702336946535518e-06,0.05595639656,0.054,0.0,0.0,0.004546694477362748,0.8657892150467609,0.0032597189391922435,0.0008982350183181241,2.358326565095997e-10,0.06381945953340135,0.0,0.024793143871806544,6.937050820534459e-07,4.446415807943299e-09,6.6999407769283326e-06,6.483839747599538e-07,1.7938471441923763e-08,1.2760027509419268e-08,4.515404294670388e-06,1.4227099173771644e-05,0.0003544490619670287,7.480346970246067e-08,1.3434959606410308e-06,5.238605027184501e-27,3.905370653514091e-15
1.5713687020924753e-06,0.05595639656,0.054,0.0,0.0,0.004544093699330773,0.8657875616527588,0.00326041165220967,0.0008984311365548423,2.360706925213203e-10,0.06381900258855527,0.0,0.02479568420296033,6.934052758892045e-07,4.4412741240768375e-09,6.695489825815093e-06,6.477696392226105e-07,1.79307276521867e-08,1.275412255137083e-08,4.513361412142226e-06,1.4222119554889042e-05,0.00035452779882925864,7.472005589148656e-08,1.342758807756399e-06,5.2491854614592596e-27,3.906170991818696e-15
1.5725037095313988e-06,0.05595639656,0.054,0.0,0.0,0.004541496094607683,0.8657859101522873,0.003261103766616702,0.0008986270773243955,2.363087805650817e-10,0.06381854603605314,0.0,0.024798221394823565,6.931058140826899e-07,4.436142192040733e-09,6.691045013182196e-06,6.471563589960923e-07,1.7922990907507077e-08,1.2748223933608679e-08,4.511320845526007e-06,1.421714411560962e-05,0.00035460648233875866,7.46367853811844e-08,1.342022466269367e-06,5.259778885900578e-27,3.906970422927981e-15
1.5736387169703223e-06,0.05595639656,0.054,0.0,0.0,0.0045389016573740976,0.8657842605419503,0.003261795283359137,0.0008988228409080118,2.3654692060540957e-10,0.06381808987527816,0.0,0.024800755453164448,6.928066960167336e-07,4.431019960596826e-09,6.68660632647358e-06,6.465441315432021e-07,1.7915261534801478e-08,1.2742331592947806e-08,4.509282590809271e-06,1.4212172851272424e-05,0.0003546851125774873,7.455365784281914e-08,1.3412869348768415e-06,5.270385305927606e-27,3.907768948356355e-15
1.5747737244092458e-06,0.05595639656,0.054,0.0,0.0,0.004536310381823257,0.8657826128183601,0.0032624862033785898,0.0008990184275862899,2.367851126068851e-10,0.06381763410561501,0.0,0.02480328638373465,6.925079210937782e-07,4.425907221340292e-09,6.682173753157536e-06,6.459329543355084e-07,1.7907544028374817e-08,1.2736445521621263e-08,4.507246643986207e-06,1.4207205757205161e-05,0.00035476368962723256,7.447067294873179e-08,1.3405522122784932e-06,5.281004726956224e-27,3.908566569614162e-15
1.5759087318481693e-06,0.05595639656,0.054,0.0,0.0,0.004533722262165459,0.8657809669781379,0.00326317652761819,0.0008992138376392242,2.370233565341431e-10,0.06381717872644954,0.0,0.0248058141922761,6.922094887105174e-07,4.420804108015838e-09,6.677747280740977e-06,6.453228248350046e-07,1.7899835185822093e-08,1.2730565812987264e-08,4.50521300106814e-06,1.4202242828787528e-05,0.00035484221356954976,7.438783037164865e-08,1.3398182971771337e-06,5.291637154405637e-27,3.909363288208748e-15
1.5770437392870928e-06,0.05595639656,0.054,0.0,0.0,0.0045311372926262715,0.8657793230179127,0.0032638662570184376,0.0008994090713461349,2.372616523518774e-10,0.0638167237371693,0.0,0.024808338884514718,6.91911398259047e-07,4.4157106556768116e-09,6.673326896772167e-06,6.447137405204344e-07,1.789213299820856e-08,1.2724692365102086e-08,4.503181658072778e-06,1.4197284061379955e-05,0.0003549206844858191,7.430512978569459e-08,1.3390851882781754e-06,5.302282593687623e-27,3.91015910564472e-15
1.5781787467260163e-06,0.05595639656,0.054,0.0,0.0,0.00452855546744404,0.8657776809343226,0.0032645553925156265,0.000899604128985704,2.375000000248387e-10,0.06381626913716298,0.0,0.024810860466159747,6.916136491404684e-07,4.4106267447218365e-09,6.668912588823323e-06,6.441056988799649e-07,1.788443957288712e-08,1.2718825148902767e-08,4.501152611025943e-06,1.4192329450340824e-05,0.0003549991024572377,7.422257086593877e-08,1.338352884290016e-06,5.312941050212403e-27,3.910954023422176e-15
1.5793137541649397e-06,0.05595639656,0.054,0.0,0.0,0.004525976780866772,0.8657760407240112,0.003265243935044356,0.0008997990108361823,2.377383995178155e-10,0.06381581492582045,0.0,0.02481337894291042,6.913162407661086e-07,4.405552259586003e-09,6.6645043444918856e-06,6.434986974087636e-07,1.7876757347404853e-08,1.2712964205602993e-08,4.4991258559593285e-06,1.4187378991029415e-05,0.0003550774675648757,7.414015328812792e-08,1.3376213839227711e-06,5.323612529388732e-27,3.911748043038774e-15
1.5804487616038632e-06,0.05595639656,0.054,0.0,0.0,0.004523401227160473,0.8657744023836311,0.0032659318855390407,0.0008999937171751236,2.3797685079565807e-10,0.06381536110253294,0.0,0.02481589432045245,6.910191725352192e-07,4.400487269557879e-09,6.660102151420294e-06,6.428927336061006e-07,1.7869084273045193e-08,1.2707109541353362e-08,4.497101388917558e-06,1.4182432678822733e-05,0.000355155779889579,7.405787672900829e-08,1.336890685889756e-06,5.3342970366226734e-27,3.912541165989345e-15
1.5815837690427867e-06,0.05595639656,0.054,0.0,0.0,0.004520828800604855,0.8657727659098434,0.0032666192449326593,0.0009001882482795055,2.382153538232676e-10,0.06381490766669307,0.0,0.024818406604458953,6.907224438379261e-07,4.395431868150156e-09,6.655705997285726e-06,6.422878049789976e-07,1.786141735430768e-08,1.270126110691427e-08,4.495079205954261e-06,1.4177490509101659e-05,0.0003552340395120213,7.39757408662295e-08,1.3361607889067084e-06,5.344994577317319e-27,3.913333393765976e-15
1.5827187764817102e-06,0.05595639656,0.054,0.0,0.0,0.0045182594954925265,0.8657711312993163,0.003267306014153651,0.0009003826044256522,2.384539085656032e-10,0.06381445461769482,0.0,0.024820915800585604,6.904260540833489e-07,4.3903859406119034e-09,6.6513158697891755e-06,6.416839090445316e-07,1.7853758437992205e-08,1.2695418871986246e-08,4.493059303130723e-06,1.4172552477242585e-05,0.000355312246512691,7.38937453784328e-08,1.3354316916922892e-06,5.355705156873749e-27,3.914124727856095e-15
1.5838537839206337e-06,0.05595639656,0.054,0.0,0.0,0.004515693306128921,0.8657694985487274,0.003267992194127583,0.000900576785889294,2.386925149876765e-10,0.0638140019549335,0.0,0.024823421914473693,6.901300026935926e-07,4.3853493166803615e-09,6.646931756658496e-06,6.410810433262658e-07,1.78461110630812e-08,1.2689582854029991e-08,4.491041676516219e-06,1.4167618578624502e-05,0.000355390400971901,7.38118899451347e-08,1.3347033929677592e-06,5.3664287806912294e-27,3.914915169743488e-15
1.5849887913595572e-06,0.05595639656,0.054,0.0,0.0,0.004513130226835906,0.8657678676547615,0.003268677785780371,0.0009007707929455406,2.3893117305455406e-10,0.0638135496778058,0.0,0.024825924951753103,6.898342890736339e-07,4.380322055806759e-09,6.642553645669463e-06,6.404792053553759e-07,1.7838473624706346e-08,1.2683753069467955e-08,4.489026322191888e-06,1.4162688808642473e-05,0.0003554685029697642,7.373017424676454e-08,1.3339758914571665e-06,5.377165454166274e-27,3.915704720909727e-15
1.5861237987984807e-06,0.05595639656,0.054,0.0,0.0,0.004510570251950198,0.865766238614112,0.0032693627900371954,0.0009009646258689063,2.391698827313556e-10,0.06381309778570968,0.0,0.0248284249180415,6.89538912617554e-07,4.3753043101235985e-09,6.638181524639729e-06,6.398783926726771e-07,1.783084194487953e-08,1.2677929494040266e-08,4.487013236249203e-06,1.4157763162699788e-05,0.0003555465525862105,7.364859796467192e-08,1.333249185887164e-06,5.387915182692631e-27,3.916493382833801e-15
1.5872588062374042e-06,0.05595639656,0.054,0.0,0.0,0.0045080133758165575,0.8657646114234777,0.003270047207818737,0.00090115828493344,2.394086439832415e-10,0.0638126462780441,0.0,0.024830921818942704,6.892438727408603e-07,4.370295943236344e-09,6.633815381395518e-06,6.392786028248813e-07,1.7823218053455346e-08,1.267211207658584e-08,4.485002414782306e-06,1.4152841636181463e-05,0.000355624549901057,7.35671607810853e-08,1.332523274986247e-06,5.398677971661178e-27,3.9172811569911325e-15
1.5883938136763277e-06,0.05595639656,0.054,0.0,0.0,0.004505459592796958,0.8657629860795687,0.003270731040041551,0.0009013517704123837,2.3964745677544447e-10,0.06381219515420991,0.0,0.024833415660040777,6.889491688701723e-07,4.365296724223333e-09,6.6294552037932345e-06,6.386798333637673e-07,1.7815606771658188e-08,1.2666300810726199e-08,4.482993853897721e-06,1.4147924224487437e-05,0.0003557024949938675,7.348586237920272e-08,1.3317981574867488e-06,5.409453826461994e-27,3.918068044851694e-15
1.5895288211152511e-06,0.05595639656,0.054,0.0,0.0,0.004502908897270738,0.8657613625791019,0.0032714142876254476,0.000901545082578421,2.3988632107324625e-10,0.0638117444136091,0.0,0.02483590644691286,6.886548004013858e-07,4.3603069552272e-09,6.625100979752653e-06,6.380820818504165e-07,1.780800187293068e-08,1.2660495787390947e-08,4.480987549716471e-06,1.4143010923051207e-05,0.00035578038794400346,7.34047024429135e-08,1.331073832123575e-06,5.420242752483403e-27,3.918854047884662e-15
1.5905503278102823e-06,0.05595639656,0.054,0.0,0.0,0.004500615906467005,0.8657599030021177,0.003272028711340846,0.0009017189155702287,2.4010134294990163e-10,0.06381133907423962,0.0,0.024838145548330443,6.883901550733479e-07,4.355824137011451e-09,6.621187258442442e-06,6.375449738286295e-07,1.780116351532406e-08,1.265527649644792e-08,4.479183802231212e-06,1.4138592462227897e-05,0.0003558504470826297,7.333177662812756e-08,1.3304226155293899e-06,5.4299639662453565e-27,3.919560695297845e-15
1.5915718345053134e-06,0.05595639656,0.054,0.0,0.0,0.004498325407907349,0.8657584449132868,0.0032726426629041266,0.0009018926085969447,2.403164064927762e-10,0.06381093404437166,0.0,0.024840382184372,6.88125780534892e-07,4.351348764573842e-09,6.617278340972284e-06,6.370086866159846e-07,1.7794333516925163e-08,1.2650062185393412e-08,4.477381876716818e-06,1.4134177323646623e-05,0.0003559204641075012,7.325896248639206e-08,1.3297720386240134e-06,5.439695775980605e-27,3.9202666282526935e-15
1.5925933412003446e-06,0.05595639656,0.054,0.0,0.0,0.004496037397521143,0.8657569883102321,0.0032732561429802353,0.0009020661618561291,2.4053151167666967e-10,0.063810529323572,0.0,0.02484261635907373,6.878616763499841e-07,4.346880883165376e-09,6.613374218592924e-06,6.364732184481366e-07,1.7787510537924846e-08,1.2644852858686396e-08,4.4755817703617455e-06,1.412976550397444e-05,0.00035599043907612386,7.318625978924483e-08,1.3291221004905539e-06,5.449438185611471e-27,3.920971847813152e-15
1.5936148478953757e-06,0.05595639656,0.054,0.0,0.0,0.004493751871245998,0.8657555331905813,0.0032738691522322793,0.0009022395755449612,2.407466584764155e-10,0.0638101249114082,0.0,0.024844848076462533,6.875978420982171e-07,4.342420467284665e-09,6.609474882569919e-06,6.359385675641629e-07,1.7780694484000046e-08,1.2639648488810202e-08,4.473783480359372e-06,1.4125356999878069e-05,0.0003560603720458921,7.31136683088228e-08,1.3284728002137721e-06,5.459191199058709e-27,3.921676355040866e-15
1.5946363545904068e-06,0.05595639656,0.054,0.0,0.0,0.004491468825028145,0.8657540795519678,0.003274481691321953,0.0009024128498602381,2.40961846866881e-10,0.06380972080744865,0.0,0.02484707734055657,6.873342773599832e-07,4.337967504330179e-09,6.605580324192031e-06,6.354047322114223e-07,1.7773885421425008e-08,1.2634449081566297e-08,4.471987003908625e-06,1.4120951808026516e-05,0.00035613026307408516,7.304118781783582e-08,1.3278241368801122e-06,5.468954820241505e-27,3.9223801509954064e-15
1.595657861285438e-06,0.05595639656,0.054,0.0,0.0,0.004489188254822705,0.86575262739203,0.003275093760909723,0.0009025859849983713,2.4117707682296797e-10,0.06380931701126272,0.0,0.024849304155365282,6.870709817124618e-07,4.333521977069077e-09,6.601690534771923e-06,6.348717106443094e-07,1.7767083301299323e-08,1.2629254626914604e-08,4.470192338214304e-06,1.4116549925092143e-05,0.00035620011221786704,7.296881808957367e-08,1.3271761095777184e-06,5.4787290530775044e-27,3.923083236734275e-15
1.5977008746755003e-06,0.05595639656,0.054,0.0,0.0,0.004484634526313637,0.8657497274987581,0.0032763164942147902,0.0009029318385269234,2.416076613317857e-10,0.06380851034049279,0.0,0.024853750453120726,6.86545196004419e-07,4.324653160290572e-09,6.593925228155418e-06,6.338081019019022e-07,1.775349987064224e-08,1.2618880545495518e-08,4.466608427943027e-06,1.4107756072679737e-05,0.0003563396850802782,7.28244100172774e-08,1.3258819594278494e-06,5.49830936937212e-27,3.924487281784613e-15
1.5997438880655625e-06,0.05595639656,0.054,0.0,0.0,0.004480090653535719,0.8657468334919725,0.0032775373574049924,0.0009032771376942128,2.420384118027692e-10,0.06380770489566952,0.0,0.02485818700162975,6.860204816133666e-07,4.315813881281031e-09,6.58617889363116e-06,6.327477274552206e-07,1.77399441122304e-08,1.2608526186977142e-08,4.463031727299326e-06,1.4098975416081462e-05,0.0003564790910881401,7.268044228979557e-08,1.3245903425033914e-06,5.517932179253204e-27,3.9258884986103685e-15
1.6017869014556248e-06,0.05595639656,0.054,0.0,0.0,0.0044755566044458765,0.8657439453529606,0.0032787563557171284,0.0009036218840577114,2.424693280363655e-10,0.06380690067337737,0.0,0.02486261383265445,6.854968351982397e-07,4.307004006366474e-09,6.57845146243598e-06,6.316905734933158e-07,1.772641594141947e-08,1.2598191495695787e-08,4.459462214128822e-06,1.4090207928787548e-05,0.0003566183306946351,7.253691311416164e-08,1.3233012515706938e-06,5.537597514007015e-27,3.927286895597013e-15
1.6058729282357492e-06,0.05595639656,0.054,0.0,0.0,0.004466517849851329,0.8657381866038056,0.00328118877855175,0.0009043097245728836,2.433316569958963e-10,0.06380529588279107,0.0,0.02487143846861176,6.84452732991477e-07,4.289471934615443e-09,6.563053036628817e-06,6.295858721687526e-07,1.7699442017579733e-08,1.2577580886975537e-08,4.4523446620440255e-06,1.4072712356316454e-05,0.00035689631250717107,7.225116329203241e-08,1.320730618880335e-06,5.577055883155722e-27,3.9300752634312975e-15
1.6099589550158735e-06,0.05595639656,0.054,0.0,0.0,0.0044575180089541115,0.8657324511031873,0.0032836138042030127,0.0009049953724110133,2.441946466247892e-10,0.06380369594167608,0.0,0.024880224612343783,6.834128629158416e-07,4.272055885816645e-09,6.5477294071888744e-06,6.274938889600766e-07,1.7672577414058394e-08,1.2557048268517958e-08,4.445255596269971e-06,1.4055269144176706e-05,0.0003571736341070641,7.196714638841479e-08,1.318170004024752e-06,5.616684726621739e-27,3.932852451717356e-15
1.6140449817959979e-06,0.05595639656,0.054,0.0,0.0,0.004448556830369496,0.8657267387042619,0.00328603147383052,0.000905678839814666,2.450582953460547e-10,0.06380210082318534,0.0,0.024888972513028875,6.823771987175388e-07,4.254754812968401e-09,6.532480035759135e-06,6.254145160898727e-07,1.764582145292186e-08,1.2536593193295274e-08,4.438194842826875e-06,1.4037878082075348e-05,0.0003574502990547733,7.168484838403615e-08,1.3156193500979596e-06,5.656484293821542e-27,3.9356185263668925e-15
1.6181310085761222e-06,0.05595639656,0.054,0.0,0.0,0.004439634064879253,0.8657210492614344,0.003288441828272507,0.0009063601389313905,2.4592260159123066e-10,0.06380051050068032,0.0,0.024897682417697024,6.813457143641977e-07,4.2375676810584374e-09,6.51730438909751e-06,6.233476469446802e-07,1.7619173461699722e-08,1.2516215217747695e-08,4.4311622291581564e-06,1.4020538960515445e-05,0.0003577263108823577,7.140425540107674e-08,1.3130786006160094e-06,5.696454833786233e-27,3.938373552778739e-15
1.6222170353562466e-06,0.05595639656,0.054,0.0,0.0,0.004430749465407806,0.8657153826303454,0.0032908449080491092,0.0009070392818146774,2.467875638003121e-10,0.06379892494772901,0.0,0.024906354571253543,6.803183840398624e-07,4.2204934668005156e-09,6.5022019390134065e-06,6.212931760612176e-07,1.7592632773519917e-08,1.2495913901673389e-08,4.4241575841154474e-06,1.4003251570797007e-05,0.0003580016730937744,7.112535370144113e-08,1.3105476995130696e-06,5.7365965951633504e-27,3.941117595843941e-15
1.626303062136371e-06,0.05595639656,0.054,0.0,0.0,0.004421902786999373,0.8657097386678572,0.003293240753365497,0.0009077162804248796,2.476531804216851e-10,0.0637973441381039,0.0,0.024914989216501714,6.792951821402296e-07,4.203531158525585e-09,6.487172162310831e-06,6.192509991144667e-07,1.7566198727038293e-08,1.247568880822799e-08,4.417180737944353e-06,1.3986015705018665e-05,0.00035827638916516253,7.084812968508314e-08,1.3080265911376283e-06,5.776909826218667e-27,3.94385071995059e-15
1.6344751156966196e-06,0.05595639656,0.054,0.0,0.0,0.004404322224017502,0.8656985181821669,0.003298010899881379,0.0009090638922069854,2.493863707364181e-10,0.06379419664493263,0.0,0.02493214694290483,6.772610622521857e-07,4.169938270324289e-09,6.457328560907989e-06,6.152031153309301e-07,1.7513647940892755e-08,1.2435465558437534e-08,4.403309770090657e-06,1.395169771769537e-05,0.0003588238966549381,7.02986609825043e-08,1.303013532013974e-06,5.858051688529674e-27,3.9492844663527136e-15
1.6426471692568683e-06,0.05595639656,0.054,0.0,0.0,0.004386890457833828,0.865687386683216,0.0033027525832791302,0.0009104030681320147,2.511221602878238e-10,0.06379106781535956,0.0,0.02494915749813442,6.752431540474696e-07,4.136781149213227e-09,6.427769497043596e-06,6.112031831836372e-07,1.7461515920355327e-08,1.2395542039499888e-08,4.3895479949149865e-06,1.3917583351384056e-05,0.00035936886061509996,6.975574319162958e-08,1.2980389861802739e-06,5.9398823992791476e-27,3.954675297210116e-15
1.6500020174610922e-06,0.05595639656,0.054,0.0,0.0,0.004371327530415809,0.8656774435063012,0.0033069960191935478,0.0009116011902223401,2.526865832136237e-10,0.0637882676585558,0.0,0.024964342711877877,6.73440734454318e-07,4.107305960511429e-09,6.401406302044658e-06,6.076435853591849e-07,1.741495093094442e-08,1.2359864349996809e-08,4.377254674451692e-06,1.3887053166654233e-05,0.00035985717565028305,6.927263221336599e-08,1.2935944677132908e-06,6.014120634816336e-27,3.959490763516343e-15
1.6573568656653161e-06,0.05595639656,0.054,0.0,0.0,0.004355882248102259,0.8656675707245253,0.0033112168747881613,0.0009127926205491051,2.542530929592888e-10,0.06378548230946753,0.0,0.024979411571907674,6.716511447440012e-07,4.07817202239173e-09,6.375267459349065e-06,6.04121616075066e-07,1.7368717351646854e-08,1.2324424279418755e-08,4.365047799381088e-06,1.3856685408538183e-05,0.0003603434714426237,6.879466882136182e-08,1.289180486483371e-06,6.0889198693278446e-27,3.964272228682279e-15
1.66471171386954e-06,0.05595639656,0.054,0.0,0.0,0.004340553278817193,0.8656577675587689,0.00331541537014788,0.0009139774246075815,2.558216808626569e-10,0.06378271162447978,0.0,0.024994365398555145,6.698742453154535e-07,4.049373955907692e-09,6.349350144063606e-06,6.006367181183057e-07,1.7322811576575683e-08,1.2289219433621843e-08,4.352926443327329e-06,1.3826478903059476e-05,0.0003608277669958619,6.832177994693385e-08,1.2847967369422792e-06,6.164281532835385e-27,3.9690200452006025e-15
1.672066562073764e-06,0.05595639656,0.054,0.0,0.0,0.004325339310571987,0.865648033241503,0.003319591722350049,0.0009151556670029249,2.573923383432078e-10,0.0637799554619308,0.0,0.025009205492232595,6.681098985988937e-07,4.020906488987498e-09,6.323651578180684e-06,5.971883448063914e-07,1.727723005221842e-08,1.225424745061227e-08,4.3408896931954274e-06,1.3796432484727394e-05,0.00036131008104897514,6.78538938132149e-08,1.2804429175326505e-06,6.240207051528016e-27,3.973734560745966e-15
1.6794214102779879e-06,0.05595639656,0.054,0.0,0.0,0.004310239051086651,0.8656383670165743,0.0033237461455169533,0.0009163274114655802,2.589650569009219e-10,0.06377721368207807,0.0,0.025023933133808754,6.663579690164191e-07,3.9927644538732186e-09,6.298169029617953e-06,5.937759597473503e-07,1.7231969276470146e-08,1.221950600001612e-08,4.328936648934105e-06,1.3766544996545745e-05,0.0003617904320809498,6.739093990775043e-08,1.2761187306241501e-06,6.3166978477942655e-27,3.9784161182563235e-15
1.6867762584822118e-06,0.05595639656,0.054,0.0,0.0,0.004295251227421011,0.8656287681389934,0.003327878850867041,0.0009174927208663141,2.6053982811516085e-10,0.06377448614706532,0.0,0.025038549584974586,6.646183229417834e-07,3.964942784651313e-09,6.27289981128089e-06,5.903990366094544e-07,1.7187025797792756e-08,1.218499278255764e-08,4.3170664233035135e-06,1.3736815290009464e-05,0.00036226883831544176,6.693284895601181e-08,1.2718238824509469e-06,6.393755340253148e-27,3.9830650560126824e-15
1.6941311066864357e-06,0.05595639656,0.054,0.0,0.0,0.004280374585614101,0.8656192358747286,0.0033319900467650675,0.0009186516572309362,2.621166436435707e-10,0.06377177272088998,0.0,0.025053056088600825,6.628908286718453e-07,3.937436514826071e-09,6.247841280142245e-06,5.870570588882203e-07,1.7142396214263574e-08,1.2150705529537034e-08,4.305278141648137e-06,1.370724222510132e-05,0.00036274531772533534,6.647955289548178e-08,1.2675580830506988e-06,6.471380943784091e-27,3.987681707717192e-15
1.7014859548906596e-06,0.05595639656,0.054,0.0,0.0,0.004265607890331047,0.8656097695005053,0.0033360799387712717,0.0009198042817547377,2.636954952210008e-10,0.0637690732693715,0.0,0.025067453869088114,6.611753563927671e-07,3.910240774963699e-09,6.222990836348653e-06,5.837495196829949e-07,1.7098077172607358e-08,1.2116642002331495e-08,4.2935709416754675e-06,1.367782467029524e-05,0.00036321988803719626,6.603098485018674e-08,1.263321046204761e-06,6.549576069558083e-27,3.992266402569342e-15
1.7088408030948835e-06,0.05595639656,0.054,0.0,0.0,0.0042509499245174335,0.8656003683036064,0.0033401487296895777,0.0009209506548166458,2.6527637465844236e-10,0.06376638766012013,0.0,0.02508174413270977,6.594717781377187e-07,3.883350790423352e-09,6.198345922352527e-06,5.804759214854276e-07,1.705406536746079e-08,1.2082799991902907e-08,4.281943973237188e-06,1.3648561502540384e-05,0.0003636925667356503,6.558707910609306e-08,1.2591124893789698e-06,6.628342125067653e-27,3.996819465341375e-15
1.7161956512991074e-06,0.05595639656,0.054,0.0,0.0,0.004236399489061499,0.8655910315816808,0.003344196619614776,0.0009220908359930855,2.6685927384198604e-10,0.0637637157625064,0.0,0.025095928067946756,6.577799677596143e-07,3.856761879123674e-09,6.173904022055973e-06,5.772357759652139e-07,1.7010357540520966e-08,1.2049177318302823e-08,4.270396398114978e-06,1.3619451607243405e-05,0.0003641633710676661,6.514777108704748e-08,1.2549321336655354e-06,6.70768051415514e-27,4.001341216452219e-15
1.7235504995033313e-06,0.05595639656,0.054,0.0,0.0,0.004221955402463985,0.8655817586425536,0.003348223805978702,0.0009232248840715448,2.684441847317981e-10,0.06376105744763136,0.0,0.02511000684581503,6.560998009059772e-07,3.830469449374569e-09,6.149662659975881e-06,5.740286037618734e-07,1.696695047951164e-08,1.2015771830200978e-08,4.258927389813239e-06,1.3590493878266254e-05,0.00036463231804672187,6.471299733102296e-08,1.250779703726323e-06,6.78759263704287e-27,4.005831972039097e-15
1.7309053477075552e-06,0.05595639656,0.054,0.0,0.0,0.004207616500515417,0.8655725488040414,0.003352230483595441,0.0009243528570638583,2.700310993611151e-10,0.06375841258829709,0.0,0.025123981620185587,6.544311549746312e-07,3.804468997794318e-09,6.125619400439682e-06,5.708539342913075e-07,1.6923841017548315e-08,1.1982581404424871e-08,4.247536133354209e-06,1.3561687217903222e-05,0.0003650994244569035,6.428269546728143e-08,1.2466549277368942e-06,6.868079890362345e-27,4.010292044028421e-15
1.7382601959117792e-06,0.05595639656,0.054,0.0,0.0,0.004193381635980405,0.8655634013937727,0.003356216844705613,0.0009254748122192251,2.716200098352569e-10,0.06375578105897839,0.0,0.02513785352809752,6.527739090825296e-07,3.778756107249859e-09,6.101771846792318e-06,5.677113055490573e-07,1.6881026032496746e-08,1.1949603945492708e-08,4.236221825076704e-06,1.3533030536851341e-05,0.0003655647068569209,6.38568041941064e-08,1.242557537331705e-06,6.949143667180993e-27,4.0147217402055815e-15
1.745615044116003e-06,0.05595639656,0.054,0.0,0.0,0.004179249678288726,0.8655543157490097,0.0033601830790197665,0.0009265908060369642,2.732109083306552e-10,0.0637531627357945,0.0,0.02515162369006434,6.511279440532934e-07,3.753326444861786e-09,6.078117640614014e-06,5.64600263913964e-07,1.683850244576765e-08,1.1916837385165382e-08,4.2249836724419135e-06,1.350452275420487e-05,0.0003660281815840083,6.343526325661414e-08,1.238487267550596e-06,7.030785357031317e-27,4.0191213642822575e-15
1.752969892320227e-06,0.05595639656,0.054,0.0,0.0,0.004165219513233143,0.8655452912164758,0.0033641293737608846,0.000927700894279013,2.748037870939002e-10,0.0637505574964816,0.0,0.025165293210373616,6.494931423752964e-07,3.728175760093343e-09,6.05465446097266e-06,5.615203639717947e-07,1.6796267221671887e-08,1.1884279682015587e-08,4.21382089384096e-06,1.3476162797426382e-05,0.0003664898647577653,6.301801342549622e-08,1.2344438567856657e-06,7.113006345939558e-27,4.023491215963221e-15
1.760324740524451e-06,0.05595639656,0.054,0.0,0.0,0.004151290042673832,0.8655363271521873,0.0033680559137060297,0.0009288051319821737,2.7639863844080357e-10,0.06374796522036595,0.0,0.02517886317738011,6.478693881562847e-07,3.7032998828387103e-09,6.0313800236924075e-06,5.584711683376685e-07,1.675431736726488e-08,1.185192882098943e-08,4.202732718405121e-06,1.3447949602303156e-05,0.0003669497722839368,6.260499647642869e-08,1.2304270467292043e-06,7.195808016450753e-27,4.027831591012454e-15
1.7676795887286748e-06,0.05595639656,0.054,0.0,0.0,0.004137460184249197,0.8655274229212867,0.0033719628812271312,0.0009299035734701127,2.779954547554773e-10,0.06374538578833748,0.0,0.02519233466379251,6.462565671242057e-07,3.678694721587476e-09,6.008292080617732e-06,5.554522474671128e-07,1.671264993090022e-08,1.1819782812976653e-08,4.191718385823936e-06,1.3419882112940345e-05,0.0003674079198580666,6.21961551692998e-08,1.226436582323213e-06,7.279191747656833e-27,4.032142781316396e-15
1.7750344369328987e-06,0.05595639656,0.054,0.0,0.0,0.00412372887109294,0.8655185778978801,0.0033758504563309514,0.0009309962723651181,2.795942284894288e-10,0.06374281908282386,0.0,0.025205708726954025,6.446545666028235e-07,3.6543562616864654e-09,5.985388418912407e-06,5.524631794923475e-07,1.667126200112237e-08,1.1787839694403989e-08,4.180777146164714e-06,1.3391959281730208e-05,0.0003678643229690897,6.179143322838415e-08,1.2224722117091443e-06,7.363158915225042e-27,4.036425074946774e-15
1.7823892851371226e-06,0.05595639656,0.054,0.0,0.0,0.004110095051557212,0.8655097914648806,0.0033797188166982566,0.0009320832815996249,2.811949521606716e-10,0.06374026498776521,0.0,0.02521898640911689,6.430632754391244e-07,3.6302805635450203e-09,5.962666860393554e-06,5.495035500700334e-07,1.6630150707512865e-08,1.1756097526833187e-08,4.169908259693339e-06,1.3364180069292704e-05,0.0003683189969028958,6.139077532337704e-08,1.2185336861784343e-06,7.447710891421301e-27,4.040678756223354e-15
1.7897441333413465e-06,0.05595639656,0.054,0.0,0.0,0.004096557688941669,0.8655010630138515,0.0033835681377221943,0.0009331646534275112,2.82797618352851e-10,0.06373772338858923,0.0,0.025232168737711082,6.41482584002773e-07,3.606463760931598e-09,5.9401252608417464e-06,5.465729521982216e-07,1.658931321936931e-08,1.1724554396548506e-08,4.159110996703724e-06,1.3336543444468206e-05,0.0003687719567457598,6.099412704989926e-08,1.2146207601248693e-06,7.532849045137065e-27,4.044904105773421e-15
1.7970989815455705e-06,0.05595639656,0.054,0.0,0.0,0.004083115761228256,0.8654923919448549,0.0033873985925459084,0.0009342404394351708,2.844022197143851e-10,0.06373519417218688,0.0,0.02524525672560728,6.399123842106976e-07,3.5829020594385782e-09,5.917761509326449e-06,5.436709860524264e-07,1.654874674285297e-08,1.1693208414157012e-08,4.14838463734869e-06,1.3309048384289674e-05,0.00036922321738769683,6.060143491091388e-08,1.210733190996984e-06,7.618574741917946e-27,4.04910140059078e-15
1.8044538297497944e-06,0.05595639656,0.054,0.0,0.0,0.004069768260821719,0.8654837776663018,0.0033912103520993982,0.0009353106905523655,2.860087489576191e-10,0.0637326772268885,0.0,0.02525825137137424,6.383525694273415e-07,3.5595917347781383e-09,5.895573527606368e-06,5.407972588664791e-07,1.6508448523243336e-08,1.1662057714230561e-08,4.1377284714702725e-06,1.328169387390437e-05,0.0003696727935258206,6.021264629935911e-08,1.2068707392509279e-06,7.704889343985237e-27,4.0532709140955105e-15
1.8118086779540183e-06,0.05595639656,0.054,0.0,0.0,0.004056514194295598,0.8654752195948089,0.0033950035851356623,0.0009363754570628673,2.8761719885799576e-10,0.0637301724424404,0.0,0.025271153659530643,6.368030344109078e-07,3.536529131126644e-09,5.873559269504032e-06,5.379513847664295e-07,1.6468415845786636e-08,1.1631100454928602e-08,4.127141798439728e-06,1.3254478906565745e-05,0.000370120699667581,5.98277094798259e-08,1.2030331683055944e-06,7.791794210261294e-27,4.057412916189928e-15
1.8191635261582422e-06,0.05595639656,0.054,0.0,0.0,0.004043352582143487,0.8654667171550541,0.0033987784582661107,0.0009374347886148882,2.892275622532387e-10,0.06372767970998196,0.0,0.025283964560791766,6.35263675423807e-07,3.5137106598677838e-09,5.8517167202300574e-06,5.351329845820214e-07,1.642864602860132e-08,1.160033481757482e-08,4.116623926999412e-06,1.3227402483615831e-05,0.0003705669501338963,5.944657357100183e-08,1.199220244497637e-06,7.879290696398861e-27,4.061527673313802e-15
1.826518374362466e-06,0.05595639656,0.054,0.0,0.0,0.0040302824585356015,0.8654582697796369,0.0034025351359952697,0.0009384887342313089,2.908398320425493e-10,0.06372519892202307,0.0,0.02529668503231091,6.33734390165146e-07,3.491132798032686e-09,5.830043895827055e-06,5.323416857567906e-07,1.638913642452203e-08,1.156975900632985e-08,4.106174175101712e-06,1.320046361438448e-05,0.0003710115590622987,5.9069188529910785e-08,1.195431737036372e-06,7.967380154800751e-27,4.065615448501479e-15
1.83387322256669e-06,0.05595639656,0.054,0.0,0.0,0.004017302871080482,0.8654498769089428,0.0034062737807548414,0.000939537342319707,2.9245400118581784e-10,0.06372272997242216,0.0,0.025309316017915688,6.322150775598474e-07,3.468792086456466e-09,5.808538842658564e-06,5.295771222381511e-07,1.634988443038496e-08,1.1539371247905332e-08,4.095791869758544e-06,1.3173661316177327e-05,0.00037145454041001113,5.869550513469587e-08,1.191667417961506e-06,8.056063934643308e-27,4.069676501434638e-15
1.841228070770914e-06,0.05595639656,0.054,0.0,0.0,0.004004412880591629,0.8654415379910088,0.0034099945529370837,0.0009405806606821922,2.940700627028471e-10,0.06372027275636466,0.0,0.025321858448339445,6.307056379266027e-07,3.4466851288458537e-09,5.787199636722946e-06,5.26838934239209e-07,1.63108874740841e-08,1.1509169791095166e-08,4.085476346894066e-06,1.3146994614278393e-05,0.000371895907956894,5.83254749678159e-08,1.1879270621008075e-06,8.145343381906967e-27,4.073711088493658e-15
1.8485829189751378e-06,0.05595639656,0.054,0.0,0.0,0.003991611560858858,0.8654332524813912,0.003413697610927492,0.0009416187365250494,2.956880096725889e-10,0.06371782717034154,0.0,0.025334313241448025,6.29205973138421e-07,3.424808590747529e-09,5.766024383051471e-06,5.241267681271741e-07,1.627214300511377e-08,1.1479152906394347e-08,4.075226951191524e-06,1.312046254182351e-05,0.000372335675308355,5.7959050401933226e-08,1.1842104470267126e-06,8.235219839394305e-27,4.077719462812478e-15
1.8559377671793617e-06,0.05595639656,0.054,0.0,0.0,0.003978897998424583,0.8654250198430401,0.0034173831111368935,0.0009426516164681969,2.973078352323941e-10,0.0637153931121288,0.0,0.0253466813024616,6.277159861699883e-07,3.4031591970765533e-09,5.745011215377823e-06,5.21440276444075e-07,1.623364852410623e-08,1.144931888589487e-08,4.065043035951012e-06,1.3094064139777398e-05,0.0003727738558982522,5.7596184583810664e-08,1.1805173530164825e-06,8.325694646750804e-27,4.081701874328556e-15
1.8632926153835857e-06,0.05595639656,0.054,0.0,0.0,0.003966271292364868,0.8654168395461708,0.003421051208032975,0.0009436793465544631,2.989295325772734e-10,0.06371297048076696,0.0,0.025358963524171763,6.262355810413377e-07,3.3817337310558753e-09,5.724158295538853e-06,5.187791176505979e-07,1.6195401576171507e-08,1.1419666042850672e-08,4.054923962952908e-06,1.3067798456969247e-05,0.00037321046299176,5.7236831417897575e-08,1.17684756301267e-06,8.416769140497323e-27,4.0856585698301634e-15
1.8706474635878096e-06,0.05595639656,0.054,0.0,0.0,0.003953730554074557,0.8654087110681413,0.003424702054171074,0.0009447019722586858,3.005530949591719e-10,0.06371055917654116,0.0,0.025371160787154772,6.247646635399803e-07,3.3605290349121974e-09,5.70346381263619e-06,5.161429558412822e-07,1.6157399697222927e-08,1.1390192711030061e-08,4.044869102312268e-06,1.304166454993905e-05,0.00037364550968804067,5.688094555392371e-08,1.1732008625810792e-06,8.508444654046888e-27,4.0895897930093295e-15
1.8780023117920335e-06,0.05595639656,0.054,0.0,0.0,0.003941274907056743,0.865400633893333,0.0034283358002243735,0.0009457195384966367,3.021785156862548e-10,0.06370815910096127,0.0,0.025383273959980093,6.233031408020287e-07,3.339542006718629e-09,5.682925982833562e-06,5.135314609404655e-07,1.6119640464908213e-08,1.1360897244791023e-08,4.034877832343571e-06,1.301566148289148e-05,0.0003740790089228293,5.652848237204499e-08,1.1695770398730407e-06,8.600722517721709e-27,4.093495784509557e-15
1.8853571599962574e-06,0.05595639656,0.054,0.0,0.0,0.003928903486717452,0.8653926075130299,0.003431952595013731,0.000946732089633778,3.038057881222039e-10,0.06370577015674304,0.0,0.02539530389941406,6.218509202641384e-07,3.3187695967869075e-09,5.6625430492036456e-06,5.109443086580123e-07,1.6082121563560474e-08,1.1331778019046569e-08,4.02494953943443e-06,1.2989788327779356e-05,0.00037451097347136004,5.617939796633247e-08,1.1659758855890187e-06,8.693604058788276e-27,4.09737678196874e-15
1.8927120082004813e-06,0.05595639656,0.054,0.0,0.0,0.003916615440164065,0.8653846314253056,0.0034355525855368292,0.0009477396694938501,3.0543490568552803e-10,0.06370339224778912,0.0,0.025407251450620106,6.204079109466967e-07,3.298208812011293e-09,5.642313280503402e-06,5.083811798000487e-07,1.6044840634700982e-08,1.1302833428122083e-08,4.015083617907425e-06,1.2964044164124755e-05,0.00037494141595102476,5.5833649134110276e-08,1.1623971929375762e-06,8.78709060147361e-27,4.101233020070266e-15
1.9000668564047052e-06,0.05595639656,0.054,0.0,0.0,0.003904409926006324,0.8653767051349073,0.003439135916996447,0.0009487423213673019,3.070658618488817e-10,0.06370102527917033,0.0,0.025419117447355775,6.18974024443791e-07,3.2778567155074948e-09,5.622234970546424e-06,5.058417603832534e-07,1.6007795254693928e-08,1.1274061885499594e-08,4.005279469891222e-06,1.2938428078932923e-05,0.0003753703488232627,5.549119336269397e-08,1.1588407575992366e-06,8.881183466977078e-27,4.105064730589443e-15
1.907421704608929e-06,0.05595639656,0.054,0.0,0.0,0.003892286114163265,0.8653688281531464,0.003442702732828576,0.0009497400880195568,3.0869865013839596e-10,0.06369866915710744,0.0,0.0254309027121638,6.175491720275739e-07,3.2577104138843664e-09,5.602306439105122e-06,5.033257423732217e-07,1.59709832470134e-08,1.1245461824890893e-08,3.9955365052036435e-06,1.2912939166839688e-05,0.0003757977843964129,5.51519888121407e-08,1.1553063776937955e-06,8.975883973508742e-27,4.108872142431666e-15
1.9147765528131533e-06,0.05595639656,0.054,0.0,0.0,0.003880243185675622,0.865360999997788,0.0034462531747303776,0.000950733011699127,3.1033326413302096e-10,0.06369632378895412,0.0,0.025442608056559065,6.161332645203125e-07,3.2377670628042e-09,5.582526030907749e-06,5.008328226863745e-07,1.5934402504251123e-08,1.1217031699097164e-08,3.985854141219658e-06,1.2887576529910042e-05,0.0003762237348292041,5.4815994306263943e-08,1.151793853740058e-06,9.071193436306302e-27,4.1126554816813135e-15
1.9221314010173774e-06,0.05595639656,0.054,0.0,0.0,0.0038682803325173973,0.8653532201929452,0.0034497873826867006,0.0009517211341455756,3.119696974638787e-10,0.06369398908317883,0.0,0.025454234281215533,6.147262174568832e-07,3.218023884858397e-09,5.562892113094498e-06,4.983627021361177e-07,1.5898050478815133e-08,1.1188769977854838e-08,3.976231802750086e-06,1.2862339277492656e-05,0.00037664821213169035,5.448316932163864e-08,1.148302988620406e-06,9.16711316763993e-27,4.116414971648033e-15
1.9294862492216015e-06,0.05595639656,0.054,0.0,0.0,0.003856396757411221,0.8653454882689737,0.0034533054949959325,0.0009527044965973308,3.1360794381362366e-10,0.06369166494934678,0.0,0.025465782176147547,6.133279483150163e-07,3.1984781417379866e-09,5.543403076963403e-06,4.959150874455665e-07,1.5861924896591563e-08,1.1160675149982396e-08,3.966668921934792e-06,1.2837226526456e-05,0.0003770712281666289,5.4153473968811156e-08,1.1448335875525325e-06,9.263644476854264e-27,4.120150832900424e-15
1.9368410974258256e-06,0.05595639656,0.054,0.0,0.0,0.003844591673655985,0.8653378037623694,0.0034568076482971184,0.0009536831397993508,3.152479969158159e-10,0.06368935129810475,0.0,0.02547725252088187,6.119383686831713e-07,3.179127112631087e-09,5.5240573400544685e-06,4.934896916179833e-07,1.5826024312285576e-08,1.1132745725149104e-08,3.957164938110639e-06,1.2812237400956973e-05,0.0003774927946552308,5.382686898466402e-08,1.1413854580500594e-06,9.360788670387797e-27,4.123863283311631e-15
1.9441959456300497e-06,0.05595639656,0.054,0.0,0.0,0.0038328643049525273,0.8653301662156674,0.003460293977595993,0.0009546571040106529,3.1688985055430674e-10,0.06368704804116518,0.0,0.025488646084633297,6.105573935950105e-07,3.159968162834682e-09,5.504853340371428e-06,4.910862298088745e-07,1.579034625642963e-08,1.1104980228318025e-08,3.9477192976988474e-06,1.2787371032203877e-05,0.0003779129231789366,5.350331572483558e-08,1.1379584098865065e-06,9.45854705176868e-27,4.127552538105895e-15
1.950815309013851e-06,0.05595639656,0.054,0.0,0.0,0.00382237548611382,0.8653233322010471,0.0034634182547267148,0.0009555297041520983,3.183690531898821e-10,0.06368498392492175,0.0,0.025498835271856934,6.093218137580179e-07,3.1428872201004538e-09,5.487689649405585e-06,4.889416348820791e-07,1.575842355554407e-08,1.1080130231064305e-08,3.9392676530658416e-06,1.2765095545348989e-05,0.000378289818846272,5.3214695556725185e-08,1.1348919356668595e-06,9.547055800680255e-27,4.1308532109402534e-15
1.956238543150182e-06,0.05595639656,0.054,0.0,0.0,0.003813828078515015,0.8653177609514184,0.0034659685655304417,0.0009562418436270178,3.1958204169594963e-10,0.06368329897570103,0.0,0.025507137747847155,6.083146122209339e-07,3.129005896429871e-09,5.473711321333966e-06,4.871975046149781e-07,1.573240152623239e-08,1.1059868009594253e-08,3.932377848111572e-06,1.2746918421814424e-05,0.00037859775350401997,5.2980029617851184e-08,1.1323920958506036e-06,9.619943097194109e-27,4.133543680243486e-15
1.961661777286513e-06,0.05595639656,0.054,0.0,0.0,0.003805321838589761,0.8653122145937218,0.003468510462089358,0.0009569514955783961,3.2079600038997346e-10,0.06368161955407774,0.0,0.025515399554086722,6.073119704494533e-07,3.115225313138843e-09,5.459807877421559e-06,4.854649064572816e-07,1.5706497925759566e-08,1.1039692850768352e-08,3.925518989290734e-06,1.2728806815575137e-05,0.00037890492256996823,5.2746969063536784e-08,1.1299034511729477e-06,9.693166197117986e-27,4.1362218397118706e-15
1.967085011422844e-06,0.05595639656,0.054,0.0,0.0,0.003796856469193015,0.8653066929527362,0.003471043996310154,0.0009576586754865447,3.2201092684860173e-10,0.06367994562610223,0.0,0.02552362098500015,6.063138623855109e-07,3.1015445160817454e-09,5.445978718514508e-06,4.837437296032794e-07,1.568071071236031e-08,1.1019604183042422e-08,3.918690864320451e-06,1.2710760388567151e-05,0.00037921133049517204,5.251549922593807e-08,1.1274259284554336e-06,9.766725619058497e-27,4.138887772022834e-15
1.971456673822873e-06,0.05595639656,0.054,0.0,0.0,0.0037900620963844775,0.8653022598389207,0.0034730802228541903,0.0009582269432819482,3.2299098042043777e-10,0.06367860025096775,0.0,0.02553021907793766,6.055125692683819e-07,3.0905883791813038e-09,5.434884724308517e-06,4.823645338327754e-07,1.5660008578264948e-08,1.1003473308262695e-08,3.913208950434223e-06,1.2696260403858644e-05,0.00037945777448193137,5.233005975225084e-08,1.125436847201624e-06,9.826266956245419e-27,4.141027931894036e-15
1.975828336222902e-06,0.05595639656,0.054,0.0,0.0,0.0037832939369559886,0.865297842582965,0.0034751110757726333,0.0009587936227049318,3.239716600199703e-10,0.06367725840621197,0.0,0.025536791276117903,6.047141831939689e-07,3.0796959160981076e-09,5.423838313754286e-06,4.809926382188456e-07,1.5639381579905762e-08,1.098739798327398e-08,3.907746761229227e-06,1.2681802378630092e-05,0.0003797037290415442,5.214563697746925e-08,1.1234549080759935e-06,9.886027441160519e-27,4.143160242457624e-15
1.980199998622931e-06,0.05595639656,0.054,0.0,0.0,0.0037765518392807785,0.8652934410954234,0.0034771365816192884,0.0009593587216751374,3.2495296439770976e-10,0.06367592007446565,0.0,0.025543337729775628,6.039186886413793e-07,3.068866618251311e-09,5.412839183133007e-06,4.796279866282863e-07,1.561882926900983e-08,1.0971377911375268e-08,3.9023041882617224e-06,1.266738613872352e-05,0.00037994919645174504,5.1962223453469366e-08,1.1214800736276406e-06,9.946007344277209e-27,4.145284745987508e-15
1.9845716610229597e-06,0.05595639656,0.054,0.0,0.0,0.003769835652899615,0.86528905528753,0.003479156766761856,0.0009599222480570828,3.259348923099872e-10,0.06367458523848023,0.0,0.025549858587987914,6.031260710988461e-07,3.058099983947744e-09,5.401887030819638e-06,4.782705246175782e-07,1.5598351274242336e-08,1.0955412805891169e-08,3.896881123867435e-06,1.2653011510764952e-05,0.00038019417897279317,5.177981180059123e-08,1.119512306666369e-06,1.000620693572252e-26,4.147401484457322e-15
1.9889433234229886e-06,0.05595639656,0.054,0.0,0.0,0.0037631452285103897,0.8652846850711929,0.0034811716573840807,0.0009604842096606579,3.2691744251891227e-10,0.06367325388112634,0.0,0.02555635399868411,6.023363137177099e-07,3.047395519312464e-09,5.390981559482805e-06,4.769202000131029e-07,1.557794715211986e-08,1.0939502382024107e-08,3.891477461169678e-06,1.2638678322219397e-05,0.00038043867884854333,5.15983947065458e-08,1.1175515702576312e-06,1.0066626485279162e-26,4.149510499542486e-15
1.9933149858230175e-06,0.05595639656,0.054,0.0,0.0,0.003756480417959919,0.8652803303589882,0.0034831812794882695,0.0009610446142416088,3.2790061379232977e-10,0.06367192598539319,0.0,0.025562824108654188,6.015494002686721e-07,3.036752733128889e-09,5.3801224740609435e-06,4.7557695977095584e-07,1.5557616506221425e-08,1.092364635556783e-08,3.886093094088321e-06,1.2624386401442155e-05,0.0003806826983082454,5.141796492558992e-08,1.1155978277182458e-06,1.0127266262386758e-26,4.151611832621931e-15
1.9976866482230464e-06,0.05595639656,0.054,0.0,0.0,0.0037498410742318523,0.8652759910641517,0.0034851856588965177,0.0009616034695020153,3.2888440490378156e-10,0.06367060153438761,0.0,0.025569269063561068,6.00765315643993e-07,3.0261711388368366e-09,5.369309481211986e-06,4.7424075071979347e-07,1.553735893094071e-08,1.0907844443612983e-08,3.8807279173258725e-06,1.2610135577649887e-05,0.00038092623956577116,5.12385152778968e-08,1.1136510426162403e-06,1.0188126536143333e-26,4.153705524781189e-15
2.0020583106230754e-06,0.05595639656,0.054,0.0,0.0,0.0037432270514343915,0.8652716671005743,0.003487184821251849,0.0009621607830907645,3.2986881463246687e-10,0.06366928051133311,0.0,0.025575689007952696,5.999840441060997e-07,3.0156502559623254e-09,5.358542290368641e-06,4.7291152122757645e-07,1.5517174013466936e-08,1.0892096366393847e-08,3.875381826350427e-06,1.2595925680886773e-05,0.00038116930481896217,5.1060038648880376e-08,1.1117111787704014e-06,1.0249207575306714e-26,4.155791616815386e-15
2.0064299730231043e-06,0.05595639656,0.054,0.0,0.0,0.0037366382047903657,0.8652673583827953,0.0034891787920201156,0.0009627165626040202,3.308538417632027e-10,0.06366796289956833,0.0,0.025582084085271642,5.992055698412191e-07,3.0051896082372237e-09,5.3478206135720335e-06,4.7158922021153666e-07,1.5497061362373376e-08,1.0876401846275961e-08,3.870054717393645e-06,1.258175654203682e-05,0.0003814118962504283,5.0882527988458436e-08,1.1097782002470988e-06,1.0310509648295821e-26,4.157870149231417e-15
2.010801635423133e-06,0.05595639656,0.054,0.0,0.0,0.0037300743906270714,0.8652630648259967,0.0034911675964917344,0.0009632708155856873,3.3183948508638407e-10,0.0636666486825465,0.0,0.02558845443786531,5.984298776739472e-07,2.9947887240568555e-09,5.337144165063085e-06,4.702737964705698e-07,1.5477020577221342e-08,1.0860760606723629e-08,3.864746487448704e-06,1.2567627992835742e-05,0.0003816540160279796,5.070597631030378e-08,1.1078520713570169e-06,1.0372033023192053e-26,4.159941162250391e-15
2.015173297823162e-06,0.05595639656,0.054,0.0,0.0,0.003723535466365232,0.8652587863459962,0.003493151259783059,0.0009638235495278721,3.32825743397946e-10,0.06366533784383414,0.0,0.02559480020699684,5.976569523899792e-07,2.9844471365655457e-09,5.326512661514527e-06,4.6896519942493673e-07,1.545705125963659e-08,1.0845172373263704e-08,3.8594570342603346e-06,1.2553539865856445e-05,0.0003818956663043821,5.053037669116477e-08,1.1059327566536044e-06,1.0433777967740616e-26,4.162004695810274e-15
2.019544960223191e-06,0.05595639656,0.054,0.0,0.0,0.0037170212905085383,0.865254522859242,0.00349512980683787,0.000964374771871335,3.338126154993246e-10,0.06366403036711034,0.0,0.025601121532855646,5.96886778650327e-07,2.974164383483867e-09,5.31592582199887e-06,4.676633792397553e-07,1.5437153022770278e-08,1.0829636873731133e-08,3.854186256315406e-06,1.2539491994497517e-05,0.00038213684921742114,5.0355722270217945e-08,1.1040202209317913e-06,1.0495744749351856e-26,4.164060789568427e-15
2.02391662262322e-06,0.05595639656,0.054,0.0,0.0,0.0037105317226335775,0.8652502742828067,0.003497103262428984,0.0009649244900059399,3.348001001974191e-10,0.06366272623616556,0.0,0.025607418554567263,5.961193414467048e-07,2.9639400072143703e-09,5.30538336779641e-06,4.6636828640373644e-07,1.541732547568879e-08,1.0814153837601412e-08,3.848934052837944e-06,1.2525484212985276e-05,0.0003823775668902078,5.0182006248393035e-08,1.1021144292257713e-06,1.0557933635102561e-26,4.16610948290395e-15
2.028288285023249e-06,0.05595639656,0.054,0.0,0.0,0.0037040666233796185,0.8652460405343808,0.0034990716511597527,0.0009654727112710991,3.3578819630455436e-10,0.06366142543490068,0.0,0.02561369141020348,5.953546259136394e-07,2.953773554548853e-09,5.2948850225276355e-06,4.6507987179292474e-07,1.539756823089766e-08,1.079872299609347e-08,3.84370032378368e-06,1.2511516356373377e-05,0.00038261782143132294,5.0009221887684125e-08,1.1002153468065427e-06,1.0620344891737322e-26,4.168150814920115e-15
2.0326599474232777e-06,0.05595639656,0.054,0.0,0.0,0.0036976258544385234,0.8652418215322685,0.0035010349974655235,0.0009660194429562141,3.367769026384434e-10,0.06366012794732606,0.0,0.02561994023679232,5.945926171353903e-07,2.943664576670262e-09,5.284430512177545e-06,4.6379808682501364e-07,1.537788090775068e-08,1.0783344082430315e-08,3.838484969832496e-06,1.2497588260535807e-05,0.00038285761493489224,4.983736251049078e-08,1.098322939179986e-06,1.06829787856698e-26,4.170184824446777e-15
2.041403272223335e-06,0.05595639656,0.054,0.0,0.0,0.00368481675946617,0.8652334274432275,0.003504946659712216,0.0009671084664964514,3.387561412840541e-10,0.06365754284983105,0.0,0.025632366345780262,5.930766611127834e-07,2.9236172724231387e-09,5.263651911112632e-06,4.612542136743488e-07,1.533871450241477e-08,1.0752740980424217e-08,3.828108993537746e-06,1.2469850698750627e-05,0.00038333582713433135,4.9496392294472474e-08,1.094558011492457e-06,1.0808915549435802e-26,4.17423102999814e-15
2.049272264543387e-06,0.05595639656,0.054,0.0,0.0,0.003673370417356522,0.8652259223882472,0.0035084501523880932,0.0009680835654375132,3.405395312889141e-10,0.06365522743670694,0.0,0.025643469018169215,5.917214111446662e-07,2.905766850072559e-09,5.245098381671392e-06,4.5898692297488374e-07,1.5303700077677907e-08,1.0725373142336594e-08,3.81883247593419e-06,1.24450212451178e-05,0.00038376466208216197,4.9192616768257334e-08,1.0911920630642675e-06,1.0923022722315673e-26,4.177847956106927e-15
2.057141256863439e-06,0.05595639656,0.054,0.0,0.0,0.0036620008015639275,0.8652184638681849,0.0035119376801008317,0.0009690539492637148,3.4232488028391453e-10,0.06365292251617373,0.0,0.02565449592083084,5.903747052258222e-07,2.8880958650654826e-09,5.2266827163396855e-06,4.567403769847842e-07,1.5268906364851242e-08,1.0698169483434319e-08,3.8096139814376167e-06,1.242031810095466e-05,0.0003841920351890209,4.8891737032284413e-08,1.0878472150512079e-06,1.1037855368317034e-26,4.181441748983666e-15
2.065010249183491e-06,0.05595639656,0.054,0.0,0.0,0.0036507071422521554,0.8652110514280003,0.0035154093794730803,0.0009700196587348109,3.441121815639782e-10,0.06365062799881552,0.0,0.025665447816446252,5.890364608653685e-07,2.870601854681048e-09,5.208403395964359e-06,4.5451430805054624e-07,1.523433121744324e-08,1.067112851197631e-08,3.8004529561417513e-06,1.239574033820425e-05,0.00038461795816207087,4.8593716243725565e-08,1.084523274528826e-06,1.1153415029367912e-26,4.185012625505209e-15
2.072879241503543e-06,0.05595639656,0.054,0.0,0.0,0.0036394886798714267,0.8652036846186457,0.003518865385477105,0.0009709807341190745,3.4590142847772274e-10,0.06364834379629236,0.0,0.02567632545749698,5.877065962357246e-07,2.853282398496825e-09,5.190258923652036e-06,4.5230845322932544e-07,1.5199972532887543e-08,1.0644248754810717e-08,3.791348853236638e-06,1.2371287037106364e-05,0.0003850424425666678,4.829851814432599e-08,1.081220050888462e-06,1.1269703244023864e-26,4.188560799861146e-15
2.080748233823595e-06,0.05595639656,0.054,0.0,0.0,0.0036283446649870614,0.8651963629969659,0.003522305831460413,0.0009719372152008608,3.47692614426809e-10,0.06364606982132379,0.0,0.02568712958643497,5.863850306331293e-07,2.836135117619284e-09,5.172247824100498e-06,4.501225538151463e-07,1.5165828239884432e-08,1.0617528756509732e-08,3.7823011328957327e-06,1.2346957286126618e-05,0.0003854654998287507,4.8006107049288434e-08,1.0779373558031242e-06,1.1386721547491386e-26,4.1920864835950495e-15
2.088617226143647e-06,0.05595639656,0.054,0.0,0.0,0.0036172743581112093,0.865189086125602,0.003525730849170804,0.0009728891412880239,3.494857328652996e-10,0.06364380598767219,0.0,0.025697860935849397,5.850716848279137e-07,2.8191576749024743e-09,5.154368643147145e-06,4.4795635508354986e-07,1.513189626737989e-08,1.0590967078811009e-08,3.7733092621618446e-06,1.2322750181873928e-05,0.0003858871412370288,4.771644783645216e-08,1.0746750031939042e-06,1.1504471471650707e-26,4.19558988564513e-15
2.096486218463699e-06,0.05595639656,0.054,0.0,0.0,0.003606277029537741,0.8651818535728947,0.0035291405687808445,0.0009738365512192042,3.5128077729902825e-10,0.063641552210127,0.0,0.025708520228630294,5.837664802236982e-07,2.8023477727808234e-09,5.136619947848047e-06,4.458096067582565e-07,1.5098174588919664e-08,1.0564562301211204e-08,3.764372714839493e-06,1.2298664829032379e-05,0.0003863073779449832,4.742950593568964e-08,1.0714328091968582e-06,1.1622954545078659e-26,4.1990712123840485e-15
2.1043552107837508e-06,0.05595639656,0.054,0.0,0.0,0.003595351959181109,0.8651746649127932,0.003532535118912072,0.0009747794833709694,3.5307774128497855e-10,0.06363930840448913,0.0,0.02571910817812849,5.824693390083422e-07,2.7857031522361266e-09,5.1190003258958126e-06,4.4368206270807696e-07,1.5064661223595745e-08,1.0538313020418719e-08,3.7554909713888278e-06,1.227470034029293e-05,0.0003867262209731211,4.7145247318482256e-08,1.068210592130351e-06,1.1742172293071405e-26,4.202530667657862e-15
2.1122242031038027e-06,0.05595639656,0.054,0.0,0.0,0.0035844984364181713,0.8651675197247624,0.0035359146266587295,0.0009757179756648312,3.548766184306723e-10,0.06363707448755554,0.0,0.02572962548831257,5.811801849931796e-07,2.7692215940995666e-09,5.101508384811198e-06,4.415734804159578e-07,1.5031354172489063e-08,1.05122178493572e-08,3.7466635188168537e-06,1.2250855836268292e-05,0.00038714368121110044,4.686363848779562e-08,1.0650081724630684e-06,1.1862126237666396e-26,4.205968452824514e-15
2.1200931954238547e-06,0.05595639656,0.054,0.0,0.0,0.003573715759932579,0.8651604175936944,0.003539279217610854,0.0009766520655741285,3.566774023935684e-10,0.06363485037710402,0.0,0.025740072853922984,5.798989427565695e-07,2.7529009164404547e-09,5.08414275212664e-06,4.394836214959474e-07,1.4998251474288473e-08,1.048627541775779e-08,3.7378898505769582e-06,1.22271304454287e-05,0.0003875597694195632,4.6584646468182774e-08,1.0618253727828578e-06,1.1982817897664476e-26,4.209384766791528e-15
2.1279621877439066e-06,0.05595639656,0.054,0.0,0.0,0.0035630032375628938,0.86515335810982,0.003542629015877137,0.0009775817901307867,3.584800868804699e-10,0.06363263599187852,0.0,0.02575045096062273,5.786255371895187e-07,2.736738972466611e-09,5.066902075198047e-06,4.3741225168013004e-07,1.4965351244251977e-08,1.0460484372157769e-08,3.72916946646944e-06,1.2203523304037827e-05,0.00038797449623227193,4.630823879600958e-08,1.058662017765849e-06,1.210424878865199e-26,4.2127798060528e-15
2.1358311800639586e-06,0.05595639656,0.054,0.0,0.0,0.0035523601861537045,0.8651463408686229,0.003545964144107427,0.0009785071859319545,3.6028466564694134e-10,0.06363043125157455,0.0,0.025760760485145213,5.773598948665007e-07,2.7207336537994303e-09,5.049785020093829e-06,4.3535913999010714e-07,1.4932651556138917e-08,1.043484337451434e-08,3.720501872536306e-06,1.2180033556060586e-05,0.00038838787215817345,4.603438350997443e-08,1.0555179341460062e-06,1.2226420423021908e-26,4.216153764725123e-15
2.1437001723840105e-06,0.05595639656,0.054,0.0,0.0,0.0035417859314088016,0.8651393654707544,0.003549284723514531,0.0009794282891465154,3.620911324967339e-10,0.06362823607682487,0.0,0.025771002095439637,5.761019435793358e-07,2.704882887919493e-09,5.032790271611905e-06,4.333240591704286e-07,1.4900150490122283e-08,1.0409351102468221e-08,3.7118865809674963e-06,1.2156660353102168e-05,0.0003887999075830221,4.5763049141858103e-08,1.0523929506854454e-06,1.2349334309995181e-26,4.21950683458393e-15
2.1515691647040625e-06,0.05595639656,0.054,0.0,0.0,0.0035312798077480048,0.8651324315219527,0.0035525908738958016,0.0009803451355214882,3.63899481281221e-10,0.06362605038918553,0.0,0.025781176450812928,5.748516108487341e-07,2.6891846330201706e-09,5.015916533652595e-06,4.3130678614892105e-07,1.4867846265657812e-08,1.0384006250146115e-08,3.703323110009051e-06,1.2133402854354226e-05,0.0003892106127714282,4.549420470733957e-08,1.0492868981450366e-06,1.2472991955642288e-26,4.222839205098038e-15
2.1594381570241144e-06,0.05595639656,0.054,0.0,0.0,0.003520841158167173,0.8651255386329592,0.003555882713654537,0.0009812577603883028,3.657097058988407e-10,0.06362387411112218,0.0,0.025791284202068904,5.736088255712129e-07,2.673636884191975e-09,4.999162527924696e-06,4.293071009221326e-07,1.4835737048206369e-08,1.0358807526608276e-08,3.6948109838605307e-06,1.211026022649298e-05,0.0003896199978689795,4.522781969712191e-08,1.0461996092556422e-06,1.2597394862903555e-26,4.226151063464226e-15
2.1673071493441664e-06,0.05595639656,0.054,0.0,0.0,0.0035104693340993723,0.865118686419441,0.003559160359820562,0.0009821661986689698,3.675218002945481e-10,0.06362170716599629,0.0,0.02580132599164579,5.723735187790354e-07,2.6582376733548625e-09,4.982526993432638e-06,4.273247866119858e-07,1.4803820915108928e-08,1.0333753655192221e-08,3.6863497325867174e-06,1.2087231643617858e-05,0.00039002807290354654,4.4963864068301555e-08,1.0431309186901226e-06,1.2722544531609697e-26,4.2294425946412875e-15
2.1751761416642184e-06,0.05595639656,0.054,0.0,0.0,0.0035001636952795728,0.8651118745019107,0.0035624239280705045,0.0009830704848821366,3.693357584592758e-10,0.06361954947805208,0.0,0.02581130245375003,5.7114562082371e-07,2.6429850572616634e-09,4.9660086876088314e-06,4.2535963065473167e-07,1.4772096186553521e-08,1.030884337530704e-08,3.677938892034042e-06,1.2064316287213607e-05,0.0003904348477871372,4.470230823571797e-08,1.0400806630350967e-06,1.2848442458502978e-26,4.232713981382834e-15
2.1830451339842703e-06,0.05595639656,0.054,0.0,0.0,0.0034899236096134624,0.8651051025056519,0.003565673532748292,0.0009839706531490331,3.7115157442940155e-10,0.06361740097240356,0.0,0.025821214214487007,5.699250622944255e-07,2.627877125911997e-09,4.9496063852211745e-06,4.234114236220708e-07,1.4740561187243237e-08,1.0284075441460602e-08,3.6695780037301097e-06,1.2041513346037411e-05,0.00039084033231835295,4.444312306362973e-08,1.0370486807635212e-06,1.2975090137256703e-26,4.2359654042699165e-15
2.1909141263043223e-06,0.05595639656,0.054,0.0,0.0,0.003479748453046178,0.8650983700606423,0.00356890928688468,0.0009848667371993153,3.7296924228622597e-10,0.06361526157502169,0.0,0.02583106189199125,5.687117772366254e-07,2.612912012099935e-09,4.933318876669466e-06,4.2147995831666527e-07,1.4709213923581308e-08,1.0259448620762095e-08,3.6612666148000965e-06,1.201882201605318e-05,0.0003912445361833651,4.41862798576743e-08,1.0340348122085576e-06,1.3102489058494956e-26,4.239197041743554e-15
2.1987831186243742e-06,0.05595639656,0.054,0.0,0.0,0.0034696376094334345,0.8650916768014809,0.0035721313022160335,0.0009857587703767999,3.7478875615545576e-10,0.06361313121272133,0.0,0.025840846096553304,5.675056995596917e-07,2.598087867312023e-09,4.917144969808796e-06,4.195650318369293e-07,1.4678052748557655e-08,1.0234961695288607e-08,3.653004277891881e-06,1.1996241500416267e-05,0.00039164746895716397,4.393175035671303e-08,1.0310388995365133e-06,1.323064070981341e-26,4.242409070135909e-15
2.206652110944426e-06,0.05595639656,0.054,0.0,0.0,0.0034595904704191275,0.8650850223673151,0.00357533968920402,0.000986646785645102,3.7661011020669613e-10,0.06361100981314961,0.0,0.025850567430741805,5.663067609283588e-07,2.583402864604683e-09,4.901083490138344e-06,4.176664451058315e-07,1.4647076316161552e-08,1.0210613463474764e-08,3.6447905510764345e-06,1.1973771009345942e-05,0.0003920491401067093,4.367950672501505e-08,1.0280607867204358e-06,1.335954657579801e-26,4.245601663700781e-15
2.214521103264478e-06,0.05595639656,0.054,0.0,0.0,0.0034496064353121713,0.8650784064017699,0.003578534557054557,0.0009875308155931687,3.7843329865295144e-10,0.06360889730477391,0.0,0.025860226489526583,5.651148973484944e-07,2.56885523389629e-09,4.8851332771762315e-06,4.1578400016108686e-07,1.46162825185655e-08,1.018640273503985e-08,3.6366249977685646e-06,1.1951409760050499e-05,0.0003924495589919801,4.342952154476637e-08,1.0251003195158515e-06,1.3489208138043952e-26,4.248774994644661e-15
2.22239009558453e-06,0.05595639656,0.054,0.0,0.0,0.003439684910961956,0.865071828552879,0.0035817160137348106,0.000988410892440717,3.8025831575013197e-10,0.06360679361686868,0.0,0.025869823860400355,5.639300476577089e-07,2.5544432253225172e-09,4.869293185855713e-06,4.139175025767102e-07,1.4585669464377316e-08,1.016232833164817e-08,3.628507186662628e-06,1.192915697674802e-05,0.00039284873486574145,4.3181767808369345e-08,1.0221573454349183e-06,1.3619626875176172e-26,4.251929233156814e-15
2.230259087904582e-06,0.05595639656,0.054,0.0,0.0,0.003429825311643739,0.8650652884730146,0.003584884165991712,0.0009892870480435773,3.8208515579656707e-10,0.06360469867950476,0.0,0.025879360123492148,5.627521448426334e-07,2.5401650781101433e-09,4.853562089965333e-06,4.120667634004578e-07,1.455523644867887e-08,1.0138389093576237e-08,3.6204366916307896e-06,1.1907011890515565e-05,0.00039324667687744573,4.2936218911113555e-08,1.0192317137207453e-06,1.3750804262867318e-26,4.255064547437553e-15
2.238128080224634e-06,0.05595639656,0.054,0.0,0.0,0.0034200270589462007,0.8650587858188221,0.0035880391193713903,0.0009901593138989392,3.839138131325295e-10,0.06360261242353879,0.0,0.025888835851682165,5.615811241366623e-07,2.526019107067259e-09,4.83793887686754e-06,4.1023159413455616e-07,1.4524981469386037e-08,1.0114583873557444e-08,3.612413091646568e-06,1.188497373919173e-05,0.00039364339407576497,4.269284864418702e-08,1.0163232753250573e-06,1.3882741773855698e-26,4.258181103727317e-15
2.2452101733126806e-06,0.05595639656,0.054,0.0,0.0,0.0034112606106185086,0.8650529651486063,0.0035908673786512134,0.0009909410531821594,3.8556115387310377e-10,0.06360074215924032,0.0,0.025897312717450598,5.605330446767599e-07,2.5133993921575443e-09,4.823969313988863e-06,4.085930988467586e-07,1.4497901920638476e-08,1.009327281626909e-08,3.6052316030284885e-06,1.1865230207968345e-05,0.0003939993997338449,4.247565678458897e-08,1.013720259225834e-06,1.4002136654034528e-26,4.260970102147944e-15
2.252292266400727e-06,0.05595639656,0.054,0.0,0.0,0.003402542978761636,0.8650471742740529,0.0035936851066555,0.0009917196894630707,3.872099579995877e-10,0.06359887882216916,0.0,0.02590574141586088,5.594904502453547e-07,2.500884180828852e-09,4.8100854546805044e-06,4.069669319840703e-07,1.4470964128944417e-08,1.0072068569829326e-08,3.598087462576625e-06,1.1845572136114885e-05,0.0003943544269909158,4.2260190137933224e-08,1.0111309440488435e-06,1.4122149494174653e-26,4.263744158175006e-15
2.258666150179969e-06,0.05595639656,0.054,0.0,0.0,0.003394738511757218,0.8650419877624361,0.0035962121192196304,0.0009924178274321172,3.886951295682225e-10,0.0635972077012248,0.0,0.025913286394524216,5.585567601643079e-07,2.489708842044898e-09,4.7976626164078774e-06,4.0551381653608573e-07,1.4446841059636902e-08,1.0053075408909438e-08,3.59168942361302e-06,1.1827952491306609e-05,0.00039467312027240917,4.2067730073355075e-08,1.0088121877045377e-06,1.423069028848127e-26,4.266228129767933e-15
2.2650400339592108e-06,0.05595639656,0.054,0.0,0.0,0.0033869729629134294,0.865036825015146,0.0035987307156198677,0.0009931134860399799,3.901814802787999e-10,0.06359554211653301,0.0,0.025920792974822932,5.57627443765319e-07,2.478616366529798e-09,4.785308002571408e-06,4.040704847063794e-07,1.4422830343534038e-08,1.0034167521939316e-08,3.585321182361745e-06,1.1810401237960538e-05,0.0003949910308396655,4.187663941464228e-08,1.0065043679241452e-06,1.4339733272123557e-26,4.268700177610686e-15
2.2707765293605284e-06,0.05595639656,0.054,0.0,0.0,0.003380017003745577,0.8650321987183565,0.003600990300636428,0.0009937374720872074,3.9152020167902896e-10,0.06359404779492474,0.0,0.025927516304413162,5.567947764836886e-07,2.468703280332178e-09,4.774246720362402e-06,4.027797739618944e-07,1.4401316357959491e-08,1.001722285013013e-08,3.5796150670208363e-06,1.1794663262979496e-05,0.0003952764849068641,4.170581789605768e-08,1.0044366186624153e-06,1.443830197047155e-26,4.270914895164245e-15
2.2759393752217146e-06,0.05595639656,0.054,0.0,0.0,0.0033737832185143693,0.8650280512865688,0.00360301816732404,0.0009942973629765367,3.9272586379435984e-10,0.06359270669453469,0.0,0.025933541079398995,5.560483609302443e-07,2.459837773289169e-09,4.764338100621026e-06,4.016247933619829e-07,1.4382031564115775e-08,1.0002030959989576e-08,3.5744999261548243e-06,1.1780545947466514e-05,0.0003955328573950668,4.155301012882522e-08,1.0025831213398612e-06,1.4527362594196884e-26,4.272899991306324e-15
2.2811022210829008e-06,0.05595639656,0.054,0.0,0.0,0.0033675744551397574,0.8650239191421184,0.0036050406062514634,0.000994855655234579,3.9393229439570526e-10,0.06359136916482992,0.0,0.025939541168630217,5.553047581885511e-07,2.4510251515805954e-09,4.754473263551017e-06,4.0047606841358843e-07,1.4362819160129758e-08,9.986893995943466e-09,3.569403961692807e-06,1.1766472815959828e-05,0.0003957887244117893,4.1401077902659926e-08,1.0007366666871868e-06,1.461675408183309e-26,4.274877412157959e-15
2.285748782357968e-06,0.05595639656,0.054,0.0,0.0,0.003362007837415901,0.8650202132088634,0.003606856183429824,0.0009953567582647459,3.950187377334124e-10,0.06359016842603961,0.0,0.025944920265791822,5.546379095542165e-07,2.4431386418217868e-09,4.745632105168452e-06,3.9944752406300963e-07,1.4345589760115819e-08,9.973317437801508e-09,3.5648338986718954e-06,1.1753844607146184e-05,0.0003960185745104348,4.126508194038633e-08,9.990808466935572e-07,1.4697489648703727e-26,4.276650564490956e-15
2.2903953436330354e-06,0.05595639656,0.054,0.0,0.0,0.003356461256667625,0.8650165195212087,0.003608667406579761,0.0009958565790742736,3.961058012054987e-10,0.06358897055168156,0.0,0.02595027959599206,5.539733145707035e-07,2.4352942935948703e-09,4.7368259699071865e-06,3.9842397448493214e-07,1.4328418763706207e-08,9.959784910117943e-09,3.5602792000074407e-06,1.1741251875775924e-05,0.00039624801881703504,4.112978488481232e-08,9.974306713423887e-07,1.4778493846870567e-26,4.27841756652733e-15
2.2950419049081028e-06,0.05595639656,0.054,0.0,0.0,0.0033509346048356736,0.8650128380149134,0.0036104742956091346,0.0009963551236040842,3.971934837111886e-10,0.06358777552870985,0.0,0.02595561926624557,5.533109608104021e-07,2.427491815845836e-09,4.728054652076374e-06,3.9740538515775046e-07,1.4311305388481667e-08,9.946296196712124e-09,3.5557397867635488e-06,1.1728694475566869e-05,0.0003964770590393252,4.0995181931141366e-08,9.957861125395978e-07,1.485976697494756e-26,4.280178449523018e-15
2.29968846618317e-06,0.05595639656,0.054,0.0,0.0,0.003345427774638482,0.8650091686261907,0.00361227687029653,0.0009968523977565702,3.982817841543378e-10,0.06358658334416321,0.0,0.025960939382795693,5.526508386865388e-07,2.4197308872743132e-09,4.719317945777875e-06,3.9639172033071026e-07,1.429424964624458e-08,9.932851076057973e-09,3.551215580528012e-06,1.1716172260903832e-05,0.00039670569687439507,4.08612683159015e-08,9.941471423754686e-07,1.4941309331210175e-26,4.281933244523354e-15
2.3043350274582374e-06,0.05595639656,0.054,0.0,0.0,0.003339940659562373,0.865005511291705,0.0036140751502917686,0.0009973484073959157,3.9937070144340355e-10,0.06358539398516379,0.0,0.025966240051124207,5.519929358802678e-07,2.412011193469921e-09,4.7106156483194105e-06,3.95382947292072e-07,1.4277251617865717e-08,9.919449338998337e-09,3.546706503419646e-06,1.170368508689416e-05,0.0003969339340071263,4.072803931649958e-08,9.925137331244685e-07,1.50231212135973e-26,4.2836819823657756e-15
2.3089815887333048e-06,0.05595639656,0.054,0.0,0.0,0.00333447315385748,0.865001865948567,0.003615869155118369,0.0009978431583484132,4.004602344914145e-10,0.06358420743891652,0.0,0.025971521375956475,5.513372392480463e-07,2.404332464452205e-09,4.7019475592025265e-06,3.943790337708505e-07,1.4260310250121053e-08,9.906090777998852e-09,3.5422124781249732e-06,1.1691232809532464e-05,0.0003971617721117054,4.0595490250711235e-08,9.908858572418276e-07,1.5105202919713e-26,4.285424693680961e-15
2.313628150008372e-06,0.05595639656,0.054,0.0,0.0,0.0033290251525317865,0.8649982325343311,0.0036176589041740626,0.0009983366564027742,4.015503822159408e-10,0.06358302369270863,0.0,0.025976783461265817,5.506837391964762e-07,2.3966943891940236e-09,4.693313477578389e-06,3.9337994504482726e-07,1.4243425465985287e-08,9.892775172726579e-09,3.537733427840503e-06,1.1678815285463502e-05,0.0003973892128527718,4.0463616476337515e-08,9.892634873611617e-07,1.5187554746826294e-26,4.287161408893786e-15
2.3182747112834394e-06,0.05595639656,0.054,0.0,0.0,0.0033235965513415807,0.86499461098699,0.003619444416731088,0.000998828907310444,4.026411435390657e-10,0.06358184273390892,0.0,0.02598202641028308,5.500324249742205e-07,2.3890966459830034e-09,4.684713204841675e-06,3.9238564798977364e-07,1.4226597750461786e-08,9.879502316055197e-09,3.5332692762798496e-06,1.1666432372029362e-05,0.0003976162578837064,4.033241339080075e-08,9.876465962947591e-07,1.5270176991873028e-26,4.288892158225987e-15
2.3229212725585067e-06,0.05595639656,0.054,0.0,0.0,0.0033181872467857895,0.8649910012449721,0.0036212257119384353,0.000999319916785904,4.0373251738735683e-10,0.0635806645499669,0.0,0.025987250325504366,5.493832830803336e-07,2.3815389863911548e-09,4.676146545412341e-06,3.9139611169826034e-07,1.4209825766135549e-08,9.866272010131189e-09,3.5288199477171566e-06,1.1654083927484561e-05,0.0003978429088466041,4.020187643065231e-08,9.860351570320722e-07,1.5353069951458173e-26,4.290616971698203e-15
2.327567833833574e-06,0.05595639656,0.054,0.0,0.0,0.003312797136100958,0.8649874032471362,0.0036230028088223183,0.0009998096905069781,4.0482450269183673e-10,0.06357948912841252,0.0,0.025992455308693877,5.487363031394131e-07,2.3740211155722503e-09,4.6676133034804766e-06,3.9041130318874496e-07,1.4193109175073652e-08,9.853084035752805e-09,3.524385366914388e-06,1.1641769810690497e-05,0.0003980691673741478,4.007200107128366e-08,9.844291427372436e-07,1.5436233921855093e-26,4.292335879130382e-15
2.3322143951086414e-06,0.05595639656,0.054,0.0,0.0,0.003307426117252678,0.8649838169327695,0.0036247757262864006,0.0010002982341151322,4.0591709838795494e-10,0.06357831645685513,0.0,0.025997641460891525,5.480914759281674e-07,2.3665426926840466e-09,4.659113284275576e-06,3.894311892695297e-07,1.4176449170803646e-08,9.839938185823134e-09,3.5199654591318736e-06,1.1629489881156092e-05,0.00039829503508872284,3.994278282654193e-08,9.82828526748686e-07,1.5519669199007243e-26,4.294048910143871e-15
2.3368609563837087e-06,0.05595639656,0.054,0.0,0.0,0.0033020740889294206,0.8649802422415821,0.003626544483114481,0.001000785553215774,4.070103034155599e-10,0.06357714652298292,0.0,0.026002808882422793,5.474487883884757e-07,2.3591034918806033e-09,4.650646296709927e-06,3.8845573966012155e-07,1.4159844127772929e-08,9.826834274743376e-09,3.5155601501951864e-06,1.1617243999372657e-05,0.0003985205136014053,3.9814217248161405e-08,9.812332825774067e-07,1.560337607853116e-26,4.295756094164184e-15
2.341507517658776e-06,0.05595639656,0.054,0.0,0.0,0.0032967409505375847,0.8649766791137048,0.0036283090979706304,0.0010012716533785457,4.0810411671887107e-10,0.06357597931456234,0.0,0.026007957672901292,5.468082288259102e-07,2.3517032507583553e-09,4.6422121502940064e-06,3.8748492320990047e-07,1.4143292976750011e-08,9.81377208440164e-09,3.511169366396847e-06,1.1605032026402707e-05,0.00039874560451380457,3.9686299925537954e-08,9.796433839048328e-07,1.5687354855715217e-26,4.297457460421315e-15
2.3456894228063366e-06,0.05595639656,0.054,0.0,0.0,0.0032919571943077343,0.8649734821360987,0.0036298937252839964,0.0010017081059078814,4.090890678984774e-10,0.06357493114719669,0.0,0.02601257573654267,5.462335379520169e-07,2.345076027427756e-09,4.634649339854408e-06,3.8661512253427455e-07,1.412844512170618e-08,9.802051611749747e-09,3.507230019430913e-06,1.1594070128373541e-05,0.00039894785625275254,3.957172497859796e-08,9.7821702388591e-07,1.5763168471472706e-26,4.298983739867164e-15
2.349871327953897e-06,0.05595639656,0.054,0.0,0.0,0.0032871885856799203,0.8649702944335559,0.0036314750260598126,0.0010021435795907058,4.100745101661781e-10,0.0635738851687913,0.0,0.026017178860776365,5.456605559040904e-07,2.3384798900948463e-09,4.62711283934873e-06,3.857490259768033e-07,1.411364191181439e-08,9.790364636076643e-09,3.503302325502142e-06,1.158313548422389e-05,0.00039914979647795397,3.945766841336361e-08,9.767949535936438e-07,1.5839202778061077e-26,4.300505351481081e-15
2.3540532331014577e-06,0.05595639656,0.054,0.0,0.0,0.0032824350527861654,0.8649671159632893,0.003633053013660336,0.0010025780784141379,4.1106044276128023e-10,0.06357284137058786,0.0,0.02602176711677094,5.450892721012488e-07,2.3319147566085014e-09,4.6196025142126275e-06,3.84886612794217e-07,1.4098879739665525e-08,9.778711008298827e-09,3.4993862319384215e-06,1.1572227994299616e-05,0.000399351426335645,3.934412709109078e-08,9.753771541919088e-07,1.5915457990071072e-26,4.302022316173442e-15
2.3582351382490183e-06,0.05595639656,0.054,0.0,0.0,0.0032776965242121074,0.8649639466827789,0.003634627701368589,0.0010030116063425494,4.120468649258904e-10,0.06357179974387815,0.0,0.026026340575238855,5.445196806130495e-07,2.325380271107641e-09,4.612118228142839e-06,3.840278593753289e-07,1.40841624084939e-08,9.767090554993485e-09,3.4954816863065845e-06,1.156134755899201e-05,0.00039955274696690615,3.923109789700552e-08,9.739636069536346e-07,1.599193432187941e-26,4.303534654728756e-15
2.362417043396579e-06,0.05595639656,0.054,0.0,0.0,0.003272972928993667,0.8649607865497688,0.003636199102391971,0.001003444167317733,4.130337759048993e-10,0.06357076028000318,0.0,0.026030899306446233,5.439517766039631e-07,2.318876132053077e-09,4.60465984533221e-06,3.8317274217691993e-07,1.4069493172509483e-08,9.755503162324024e-09,3.491588636554611e-06,1.1550494079420017e-05,0.0003997537595056555,3.9118577739777826e-08,9.725542932606919e-07,1.606863198765331e-26,4.3050423878087225e-15
2.3661807580293833e-06,0.05595639656,0.054,0.0,0.0,0.0032687344030284827,0.8649579502164594,0.003637610564058379,0.001003832648690212,4.139224131004508e-10,0.06356982660462196,0.0,0.02603498963045037,5.434420954938057e-07,2.3130485475725367e-09,4.597969340168467e-06,3.824062302587973e-07,1.4056322110744896e-08,9.745102684943945e-09,3.488094678061615e-06,1.1540748914038018e-05,0.00039993440830211506,3.9017742288336675e-08,9.712895153161884e-07,1.6137849304231915e-26,4.306395426880449e-15
2.3691255292001357e-06,0.05595639656,0.054,0.0,0.0,0.003265426495849669,0.8649557361616358,0.0036387130642297205,0.0010041360586449035,4.146179677911351e-10,0.06356909729954743,0.0,0.02603818169849669,5.430442579060387e-07,2.3085059356958112e-09,4.592749110304942e-06,3.8180853574231806e-07,1.4046042842661854e-08,9.736983724852411e-09,3.4853674064396e-06,1.153313931376723e-05,0.0004000755770344103,3.893913187322482e-08,9.703023113115816e-07,1.6192130915755798e-26,4.3074514793769016e-15
2.372070300370888e-06,0.05595639656,0.054,0.0,0.0,0.003262125902846285,0.864953526588685,0.0036398139515668925,0.001004438994169441,4.1531376389421106e-10,0.06356836905585683,0.0,0.026041366553674505,5.426472469465427e-07,2.3039782036648303e-09,4.587541553543179e-06,3.812126162003151e-07,1.4035785221326215e-08,9.728881001169801e-09,3.4826457686270393e-06,1.152554295310767e-05,0.00040021659444691536,3.886076992823577e-08,9.693171827358476e-07,1.6246522552914137e-26,4.3085052746257355e-15
2.3750150715416406e-06,0.05595639656,0.054,0.0,0.0,0.003258832599775246,0.8649513214831653,0.003640913230592319,0.0010047414566133487,4.1600980114933777e-10,0.06356764187058528,0.0,0.02604454421998938,5.422510592814192e-07,2.299465275091388e-09,4.5823466245646735e-06,3.8061846484120675e-07,1.4025548719414011e-08,9.72079441837344e-09,3.4799297468210143e-06,1.1517959798075417e-05,0.000400357460927539,3.878265540181182e-08,9.683341232167988e-07,1.6301024290233718e-26,4.309556819695624e-15
2.377959842712393e-06,0.05595639656,0.054,0.0,0.0,0.003255546562500574,0.8649491208307001,0.0036420109058100903,0.0010050434473207715,4.167060792968421e-10,0.06356691574077973,0.0,0.02604771472133993,5.418556912057393e-07,2.2949670883696783e-09,4.57716427844404e-06,3.8002607488827826e-07,1.4015333503999348e-08,9.712723950507888e-09,3.4772193232961115e-06,1.151038981480281e-05,0.00040049817686286675,3.870478724794968e-08,9.673531264075754e-07,1.6355636202190155e-26,4.3106061216256774e-15
2.3809046138831454e-06,0.05595639656,0.054,0.0,0.0,0.0032522677669939,0.8649469246169731,0.0036431069817068206,0.0010053449676305033,4.1740259807771614e-10,0.06356619066349888,0.0,0.02605087808151861,5.414611406685753e-07,2.2904835785888956e-09,4.571994469481559e-06,3.7943543839804623e-07,1.4005139373245376e-08,9.704669543440697e-09,3.474514480406735e-06,1.1502832969549756e-05,0.0004006387426383532,3.862716442616973e-08,9.663741859866848e-07,1.6410358363207936e-26,4.311653187425686e-15
2.383849385053898e-06,0.05595639656,0.054,0.0,0.0,0.0032489961893324582,0.8649447328277321,0.0036442014627510928,0.0010056460188760101,4.180993572336147e-10,0.06356546663581314,0.0,0.02605403432421302,5.410674054728474e-07,2.2860146786899153e-09,4.566837152300872e-06,3.7884654776729777e-07,1.3994966285029103e-08,9.696631146933843e-09,3.4718152005801918e-06,1.149528922867795e-05,0.00040077915863772517,3.8549785901494623e-08,9.653972956584116e-07,1.646519084766058e-26,4.312698024076493e-15
2.3867941562246502e-06,0.05595639656,0.054,0.0,0.0,0.0032457318056985296,0.8649425454487851,0.003645294353393628,0.0010059466023854607,4.187963565068532e-10,0.06356474365480441,0.0,0.02605718347300652,5.406744826019525e-07,2.281560323105876e-09,4.561692282245933e-06,3.7825939604579206e-07,1.398481420391665e-08,9.68860871487758e-09,3.4691214663164127e-06,1.1487758558653225e-05,0.00040091942524299947,3.847265064440813e-08,9.644224491526462e-07,1.6520133729870734e-26,4.31374063853017e-15
2.3897389273954026e-06,0.05595639656,0.054,0.0,0.0,0.003242474592379572,0.8649403624660029,0.0036463856580676184,0.0010062467194817532,4.194935956404038e-10,0.06356402171756619,0.0,0.026060325551378292,5.402823693680331e-07,2.277120447988217e-09,4.556559814690468e-06,3.776739759933193e-07,1.3974683030485567e-08,9.680602198670739e-09,3.4664332601908402e-06,1.1480240926055267e-05,0.000401059542834862,3.839575763081774e-08,9.634496402244244e-07,1.6575187084110233e-26,4.3147810377099834e-15
2.392683698566155e-06,0.05595639656,0.054,0.0,0.0,0.0032392245257674905,0.8649381838653165,0.003647475381188726,0.0010065463714825406,4.201910743778939e-10,0.06356330082120337,0.0,0.02606346058270396,5.398910634613151e-07,2.2726949880018018e-09,4.551439704999735e-06,3.7709028013935964e-07,1.3964572711583486e-08,9.672611550052057e-09,3.4637505648535776e-06,1.1472736297575706e-05,0.00040119951179259645,3.831910584201913e-08,9.62478862653788e-07,1.663035098460027e-26,4.315819228510565e-15
2.3956284697369075e-06,0.05595639656,0.054,0.0,0.0,0.0032359815823577265,0.8649360096327185,0.003648563527155091,0.0010068455597002572,4.2088879246360336e-10,0.06356258096283236,0.0,0.026066588590256498,5.39500562295901e-07,2.2682838790455397e-09,4.546331908910626e-06,3.765083013064483e-07,1.3954483182059217e-08,9.664636721577606e-09,3.4610733630272124e-06,1.146524464001183e-05,0.0004013393324938943,3.824269426466372e-08,9.615101102458431e-07,1.6685625505511493e-26,4.316855217798172e-15
2.39857324090766e-06,0.05595639656,0.054,0.0,0.0,0.0032327457387488195,0.8649338397542615,0.0036496501003474577,0.0010071442854421475,4.2158674964246145e-10,0.0635618621395809,0.0,0.02606970959720667,5.391108631753619e-07,2.263887057546953e-09,4.5412363824414175e-06,3.7592803244629516e-07,1.3944414369641334e-08,9.656677665786872e-09,3.4584016375068634e-06,1.1457765920267661e-05,0.0004014790053149417,3.816652189072739e-08,9.605433768306566e-07,1.6741010720964095e-26,4.317889012410783e-15
2.4015180120784123e-06,0.05595639656,0.054,0.0,0.0,0.0032295169716419878,0.8649316742160587,0.0036507351051293046,0.0010074425500102909,4.222849456600451e-10,0.06356114434858792,0.0,0.02607282362662344,5.387219636158239e-07,2.259504459814978e-09,4.536153081710176e-06,3.753494663862551e-07,1.3934366214140108e-08,9.648734335330777e-09,3.455735371160714e-06,1.1450300105356661e-05,0.0004016185306305185,3.809058771747621e-08,9.595786562630446e-07,1.6796506705027954e-26,4.318920619158204e-15
2.4074075544199175e-06,0.05595639656,0.054,0.0,0.0,0.0032230805742488964,0.8649273561051652,0.0036529004268294,0.0010080377008079787,4.236820531969166e-10,0.06355971185198976,0.0,0.026079030844627597,5.379465530738369e-07,2.2507816837239497e-09,4.526022983088897e-06,3.741974143303376e-07,1.3914331606430392e-08,9.63289466215977e-09,3.4504191478244457e-06,1.1435407058624488e-05,0.0004018971402370335,3.793942998833716e-08,9.57655229212848e-07,1.6907831275017886e-26,4.320977296156863e-15
2.4123760545738997e-06,0.05595639656,0.054,0.0,0.0,0.003217672543666503,0.864923726663299,0.0036547222827491305,0.0010085383554406615,4.248614132735789e-10,0.06355850656323134,0.0,0.02608424584207508,5.372948705500695e-07,2.2434667072299516e-09,4.5175147284474685e-06,3.7323076013466e-07,1.3897493792264679e-08,9.61958058498849e-09,3.445951135871755e-06,1.1422882923007672e-05,0.0004021317237105411,3.781264322671819e-08,9.56038805547556e-07,1.7002091459445617e-26,4.322705592855519e-15
2.417344554727882e-06,0.05595639656,0.054,0.0,0.0,0.003212284351037466,0.864920109393981,0.003656539731382003,0.0010090377144105383,4.2604144989130713e-10,0.0635573041752962,0.0,0.026089441280274236,5.366454307618475e-07,2.236191388498619e-09,4.509040700031792e-06,3.722688596080464e-07,1.3880713919869808e-08,9.606310649628008e-09,3.441498438914917e-06,1.1410395088020331e-05,0.00040236589221957536,3.7686521380376326e-08,9.544280308744372e-07,1.7096667959511195e-26,4.324427751072727e-15
2.422313054881864e-06,0.05595639656,0.054,0.0,0.0,0.0032069158873694703,0.8649165042322198,0.0036583527931941893,0.001009535783824666,4.272221618465715e-10,0.06355610467476433,0.0,0.026094617267138742,5.359982215009978e-07,2.228955433519596e-09,4.5006006933141624e-06,3.713116798486105e-07,1.3863991666622268e-08,9.593084634650825e-09,3.4370609767307044e-06,1.1397943398302723e-05,0.00040259964752232776,3.756105978290648e-08,9.528228763823708e-07,1.7191561129532482e-26,4.326143802716184e-15
2.427281555035846e-06,0.05595639656,0.054,0.0,0.0,0.003201567044468941,0.864912911113493,0.003660161488516963,0.001010032569749774,4.28403547940938e-10,0.06355490804830374,0.0,0.026099773909790472,5.353532312622686e-07,2.2217585502562952e-09,4.49219450503794e-06,3.703591877596379e-07,1.3847326724796985e-08,9.579902319492178e-09,3.4326386696624903e-06,1.1385527699348201e-05,0.00040283299136572307,3.74362538088265e-08,9.512233134536642e-07,1.7286771323425897e-26,4.3278537794738326e-15
2.4322500551898283e-06,0.05595639656,0.054,0.0,0.0,0.0031962377149333194,0.8649093299737428,0.003661965837547712,0.0010105280782126084,4.29585606981036e-10,0.06355371428267009,0.0,0.026104911314567065,5.347104485275377e-07,2.2146004483270205e-09,4.483821933624386e-06,3.6941135061989206e-07,1.3830718821193694e-08,9.566763485029559e-09,3.4282314386133666e-06,1.1373147837491622e-05,0.000403065925485301,3.731209887314084e-08,9.4962931366244e-07,1.7382298894708024e-26,4.3295577128158545e-15
2.4372185553438105e-06,0.05595639656,0.054,0.0,0.0,0.003190927792143627,0.864905760749371,0.0036637658603510324,0.0010110223152002662,4.307683377785247e-10,0.06355252336470558,0.0,0.026110029587029373,5.340698611614155e-07,2.207480842202323e-09,4.475482779484062e-06,3.684681365250806e-07,1.3814167634481705e-08,9.553667914459308e-09,3.4238392050422267e-06,1.1360803659906374e-05,0.0004032984516051615,3.7188590430918904e-08,9.480408487731414e-07,1.747814419649674e-26,4.331255633996705e-15
2.4421870554977926e-06,0.05595639656,0.054,0.0,0.0,0.0031856371702578845,0.864902203377235,0.0036655615768600132,0.0010115152866605314,4.3195173915006054e-10,0.0635513352813386,0.0,0.02611512883196802,5.334314576478044e-07,2.2003994491296354e-09,4.4671768442783186e-06,3.6752951345273645e-07,1.3797672835855167e-08,9.540615392029801e-09,3.4194618909595025e-06,1.1348495014602299e-05,0.0004035305714383871,3.7065723976877914e-08,9.46457890738862e-07,1.7574307581512752e-26,4.332947574056696e-15
2.4471555556517748e-06,0.05595639656,0.054,0.0,0.0,0.003180365744203934,0.864898657794645,0.003667353006877277,0.0010120069985022047,4.331358099172647e-10,0.0635501500195827,0.0,0.026120209153410436,5.327952270904724e-07,2.1933559854972482e-09,4.458903930928999e-06,3.665954492942314e-07,1.3781234188726648e-08,9.527605702487686e-09,3.4150994189201284e-06,1.133622175041409e-05,0.0004037622866871099,3.6943495044965575e-08,9.448804116997887e-07,1.76707894020814e-26,4.334633563823762e-15
2.452124055805757e-06,0.05595639656,0.054,0.0,0.0,0.003175113409671872,0.8648951239393585,0.0036691401700759624,0.0010124974565954305,4.3432054890669096e-10,0.063548967566536,0.0,0.026125270654628354,5.321611576626172e-07,2.186350173055503e-09,4.450663844489545e-06,3.6566591294742336e-07,1.3764851394615218e-08,9.514638633223441e-09,3.410751712021212e-06,1.1323983717001688e-05,0.0004039935990422564,3.6821899207953214e-08,9.433083839817955e-07,1.776759001013352e-26,4.3363136339156584e-15
2.457092555959739e-06,0.05595639656,0.054,0.0,0.0,0.0031698800631076484,0.8648916017495765,0.0036709230860009698,0.0010129866667720202,4.3550595494979464e-10,0.06354778790938048,0.0,0.026130313438144336,5.315292375548536e-07,2.1793817395980273e-09,4.442456391556738e-06,3.647408735849925e-07,1.3748524064188994e-08,9.50171397364556e-09,3.406418693897761e-06,1.1311780764847818e-05,0.0004042245101839052,3.670093207703241e-08,9.417417800948196e-07,1.7864709757206858e-26,4.337987814741519e-15
2.4620610561137212e-06,0.05595639656,0.054,0.0,0.0,0.003164665601706513,0.8648880911639404,0.0036727017740700333,0.0010134746348257743,4.3669202688289923e-10,0.06354661103538135,0.0,0.026135337605738017,5.308994563761734e-07,2.172450408021701e-09,4.434281379483707e-06,3.638202997563661e-07,1.3732251998833089e-08,9.488831512254753e-09,3.402100288712566e-06,1.1299612745237789e-05,0.00040445502178161304,3.6580589301409335e-08,9.401805727312415e-07,1.7962148994448267e-26,4.339656136503266e-15
2.4670295562677034e-06,0.05595639656,0.054,0.0,0.0,0.0031594699234054426,0.8648845921215268,0.003674476253574614,0.0010139613665127978,4.378787635471669e-10,0.0635454369318862,0.0,0.026140343258453692,5.302718030809026e-07,2.1655559042941345e-09,4.426138617569478e-06,3.6290416085548226e-07,1.3716034994217863e-08,9.475991039778683e-09,3.397796421157172e-06,1.1287479510268559e-05,0.00040468513549402275,3.646086656791537e-08,9.38624734764539e-07,1.8059908072614406e-26,4.341318629197946e-15
2.4719980564216856e-06,0.05595639656,0.054,0.0,0.0,0.0031542929268766995,0.8648811045618451,0.003676246543681129,0.0010144468675518153,4.3906616378856653e-10,0.06354426558632434,0.0,0.026145330496606983,5.296462654064144e-07,2.1586979689433416e-09,4.41802791730161e-06,3.6199242732300653e-07,1.3699872535623715e-08,9.463192351397238e-09,3.393507016451063e-06,1.1275380912856117e-05,0.0004049148529690076,3.634175960061929e-08,9.370742392477682e-07,1.815798734207247e-26,4.342975322619536e-15
2.4769665565756677e-06,0.05595639656,0.054,0.0,0.0,0.0031491345115219754,0.864877628424832,0.0036780126634320177,0.001014931143624481,4.4025422645784287e-10,0.06354309698620629,0.0,0.02615029941979029,5.290228329118264e-07,2.1518763338323003e-09,4.40994909062449e-06,3.610850686453599e-07,1.3683764392001817e-08,9.450435239790532e-09,3.389232000323129e-06,1.1263316806690831e-05,0.00040514417584433353,3.622326416043201e-08,9.35529059411987e-07,1.825638715280327e-26,4.3446262463597205e-15
2.48193505672965e-06,0.05595639656,0.054,0.0,0.0,0.0031439945774649693,0.8648741636508488,0.0036797746317465204,0.0010154142003756875,4.4144295041048614e-10,0.06354193111912304,0.0,0.026155250126879973,5.284014958866628e-07,2.145090722248561e-09,4.40190195063375e-06,3.6018205433626623e-07,1.3667710627625487e-08,9.437719497235921e-09,3.3849712990147227e-06,1.1251287046251043e-05,0.00040537310574726587,3.6105376044736944e-08,9.339891686649829e-07,1.8355107854402045e-26,4.3462714298102656e-15
2.486903556883632e-06,0.05595639656,0.054,0.0,0.0,0.0031388730255446228,0.8648707101806782,0.0036815324674219717,0.0010158960434138691,4.426323345067022e-10,0.06354076797274509,0.0,0.02616018271604388,5.277822419920564e-07,2.13834088829025e-09,4.393886313389891e-06,3.592833559051732e-07,1.3651710575185527e-08,9.425044925315199e-09,3.3807248392916784e-06,1.123929148684927e-05,0.0004056016442942524,3.5988091087016876e-08,9.324545405897004e-07,1.845414979607771e-26,4.347910902165526e-15
2.491872057037614e-06,0.05595639656,0.054,0.0,0.0,0.003133769757310014,0.8648672679555182,0.0036832861891348853,0.0010163766783113045,4.4382237761138185e-10,0.06353960753482214,0.0,0.026165097284745947,5.271650597147371e-07,2.1316265833164223e-09,4.385901995863927e-06,3.583889443505572e-07,1.3635763682941997e-08,9.412411322907123e-09,3.376492548411262e-06,1.1227329984545329e-05,0.0004058297930919481,3.587140515645925e-08,9.3092514894266e-07,1.8553513326656916e-26,4.349544692422423e-15
2.4968405571915963e-06,0.05595639656,0.054,0.0,0.0,0.0031286846750133374,0.8648638369169812,0.0036850358154414003,0.0010168561106044145,4.4501307859407127e-10,0.06353844979318261,0.0,0.02616999392975212,5.265499407974531e-07,2.1249475163615992e-09,4.3779488147175905e-06,3.5749878911372875e-07,1.361987057977574e-08,9.399818480446794e-09,3.3722743541176967e-06,1.1215402396132354e-05,0.0004060575537371659,3.5755314157611264e-08,9.294009676530057e-07,1.8653198794586313e-26,4.3511728293822205e-15
2.5018090573455785e-06,0.05595639656,0.054,0.0,0.0,0.0031236176816025556,0.8648604170070882,0.0036867813647788097,0.0010173343457940578,4.4620443632894266e-10,0.06353729473573226,0.0,0.026174872747139432,5.259368741509821e-07,2.118303445434457e-09,4.370026589744874e-06,3.5661286202571176e-07,1.3604030711068378e-08,9.387266205346462e-09,3.368070184685225e-06,1.1203508579279328e-05,0.0004062849278157774,3.563981403003261e-08,9.278819708208044e-07,1.8753206547928778e-26,4.3527953416546145e-15
2.5067775574995606e-06,0.05595639656,0.054,0.0,0.0,0.0031185686807169316,0.8648570081682669,0.003688522855466953,0.0010178113893458223,4.4739644969476516e-10,0.06353614235045418,0.0,0.026179733832300718,5.253258461648157e-07,2.1116941695881037e-09,4.3621351434216905e-06,3.557311362807489e-07,1.3588242442973347e-08,9.374754308734365e-09,3.363879968869708e-06,1.1191648392403906e-05,0.0004065119169038438,3.5524900747884654e-08,9.263681327151287e-07,1.8853536934367865e-26,4.354412257657148e-15
2.511746057653543e-06,0.05595639656,0.054,0.0,0.0,0.003113537576680748,0.8648536103433472,0.003690260305707741,0.0010182872466903174,4.485891175748751e-10,0.0635349926254082,0.0,0.02618457727994735,5.247168488046889e-07,2.105119375951009e-09,4.354274296469706e-06,3.548535817682285e-07,1.3572507131349796e-08,9.362282574016663e-09,3.359703635868345e-06,1.1179821694534714e-05,0.0004067385225685905,3.5410570319606046e-08,9.248594277738627e-07,1.8954190301214452e-26,4.3560236056148156e-15
2.516714557807525e-06,0.05595639656,0.054,0.0,0.0,0.0031085242744951424,0.8648502234755567,0.0036919937335868278,0.0010187619232234586,4.497824388571478e-10,0.06353384554872983,0.0,0.026189403184119855,5.241098744311365e-07,2.098578781061899e-09,4.346443871059997e-06,3.5398016927066734e-07,1.355682558542396e-08,9.34985080837945e-09,3.35554111542009e-06,1.1168028345631749e-05,0.00040696474636636916,3.529681878761401e-08,9.233558306020175e-07,1.905516699539818e-26,4.35762941356669e-15
2.521186207946109e-06,0.05595639656,0.054,0.0,0.0,0.003104027445136283,0.8648471846162884,0.0036935503944154503,0.001019188126941569,4.508569857545066e-10,0.0635328154343281,0.0,0.026193731575395323,5.235653139870826e-07,2.0927214139377164e-09,4.3394223565156835e-06,3.5319761944508845e-07,1.3542754450710697e-08,9.338696259140667e-09,3.3518065990754534e-06,1.1157442729911182e-05,0.0004071680225659157,3.5194934121240475e-08,9.22006939433607e-07,1.914632275146863e-26,4.359069927043176e-15
2.5256578580846927e-06,0.05595639656,0.054,0.0,0.0,0.00309954489056262,0.8648441545457987,0.003695103824711327,0.0010196133824306333,4.51932060206046e-10,0.0635317874470113,0.0,0.026198045899711083,5.230223727813851e-07,2.086891396759544e-09,4.332425216693234e-06,3.524183837635381e-07,1.3528725666718084e-08,9.32757378035991e-09,3.3480831637805178e-06,1.1146883912880196e-05,0.0004073709918273016,3.509351234433232e-08,9.206621468400275e-07,1.923774093577721e-26,4.3605059958516024e-15
2.5296823432094184e-06,0.05595639656,0.054,0.0,0.0,0.003095522740286018,0.8648414349632254,0.0036964991605744667,0.0010199953048279048,4.529000776088212e-10,0.0635308640700627,0.0,0.02620191681987884,5.225351067544104e-07,2.081667594211682e-09,4.326148525632333e-06,3.5171988715747543e-07,1.3516136671620589e-08,9.317590860441677e-09,3.3447415047872495e-06,1.1137403807330108e-05,0.00040755340265203867,3.500262618779336e-08,9.194553227663774e-07,1.9320241886192862e-26,4.361794674165503e-15
2.533706828334144e-06,0.05595639656,0.054,0.0,0.0,0.0030915120484292665,0.8648387224372951,0.0036978918995828986,0.0010203764650892858,4.5386852109907227e-10,0.06352994240301343,0.0,0.026205776448914576,5.220491421954135e-07,2.076465772278122e-09,4.319891384407903e-06,3.5102404422053586e-07,1.3503579351375302e-08,9.307633741162943e-09,3.3414087443681098e-06,1.1127945254430214e-05,0.00040773556656743945,3.491211065254345e-08,9.182517906440348e-07,1.9402955791347115e-26,4.363079783082613e-15
2.5377313134588698e-06,0.05595639656,0.054,0.0,0.0,0.003087512766093967,0.864836016938771,0.0036992820510747424,0.001020756866000992,4.5483739009647434e-10,0.06352902243973618,0.0,0.02620962483521939,5.215644713446504e-07,2.0712856817128917e-09,4.313653703804872e-06,3.503308418480252e-07,1.3491056346330061e-08,9.297702258148459e-09,3.338084846225263e-06,1.1118508181253411e-05,0.0004079174843779789,3.482196371444421e-08,9.170515373682497e-07,1.9485882834725028e-26,4.364361337058529e-15
2.5417557985835955e-06,0.05595639656,0.054,0.0,0.0,0.003083524844661848,0.8648333184385798,0.00370066962434165,0.0010211365103349533,4.5580668402259167e-10,0.06352810417413524,0.0,0.026213462026918516,5.210810912309431e-07,2.066127190243413e-09,4.307435392322489e-06,3.496402639702719e-07,1.3478568215033474e-08,9.287796345242399e-09,3.3347697743856487e-06,1.1109092515596204e-05,0.0004080991568843033,3.473218336329474e-08,9.15854549903308e-07,1.9569023199642334e-26,4.3656393504750416e-15
2.5453778351958484e-06,0.05595639656,0.054,0.0,0.0,0.0030799453889853922,0.8648308957480851,0.003701916243542447,0.001021477545641108,4.566794113935861e-10,0.06352727918159443,0.0,0.026216905967617898,5.206471494195144e-07,2.0615030532027847e-09,4.301855398003301e-06,3.4902097576349435e-07,1.3467354999835429e-08,9.278902846296858e-09,3.331793726655758e-06,1.1100636660567599e-05,0.00040826245306258994,3.46516928287036e-08,9.147800427337782e-07,1.9644032069364638e-26,4.3667865471975e-15
2.5489998718081013e-06,0.05595639656,0.054,0.0,0.0,0.0030763750614270684,0.864828478681857,0.0037031607885758488,0.0010218179723538586,4.5755248207079033e-10,0.06352645555485834,0.0,0.026220340914148477,5.2021424371664e-07,2.0568962305221492e-09,4.296290956128493e-06,3.484037930142016e-07,1.3456168978712923e-08,9.270029867258247e-09,3.328824773191315e-06,1.1092198034853981e-05,0.000408425551766471,3.457149616604597e-08,9.137081609594493e-07,1.9719214011313043e-26,4.3679308980276e-15
2.5526219084203543e-06,0.05595639656,0.054,0.0,0.0,0.003072813827113419,0.8648260672190368,0.0037044032661165097,0.0010221577924646307,4.5842589563641e-10,0.0635256332895472,0.0,0.026223766901027526,5.197823705584163e-07,2.0523065718034367e-09,4.290742002032293e-06,3.4778870507977037e-07,1.3445012247856284e-08,9.261177361278166e-09,3.3258628881692057e-06,1.1083776586440513e-05,0.00040858845357120234,3.44915919381338e-08,9.126388952180962e-07,1.9794569158796352e-26,4.369072413290185e-15
2.555881741371382e-06,0.05595639656,0.054,0.0,0.0,0.0030696164622785994,0.8648239016762573,0.003705519733692038,0.0010224631135581804,4.5921226067073584e-10,0.06352489441118185,0.0,0.026226842657106706,5.193945659626904e-07,2.048190680360585e-09,4.2857611314497265e-06,3.4723690756743794e-07,1.3434991106355204e-08,9.253227615461425e-09,3.323203213962853e-06,1.1076211926794864e-05,0.00040873489731987233,3.441992698399401e-08,9.116787850566531e-07,1.9862536992356105e-26,4.370097361112006e-15
2.55914157432241e-06,0.05595639656,0.054,0.0,0.0,0.0030664264096966526,0.8648217406403682,0.0037066345368049276,0.001022767946348684,4.5999890280438684e-10,0.06352415662887448,0.0,0.02622991120860329,5.190075925364248e-07,2.044088579535511e-09,4.280792707119284e-06,3.4668679110822587e-07,1.342499243497392e-08,9.245294318019811e-09,3.3205492256816514e-06,1.1068661101021923e-05,0.0004088811824593827,3.434849670958491e-08,9.107207795709297e-07,1.9930645327335952e-26,4.371120027903563e-15
2.562075423978335e-06,0.05595639656,0.054,0.0,0.0,0.003063561593638518,0.8648197995490692,0.003707636440461518,0.0010230418795454134,4.607071173949294e-10,0.06352349355932234,0.0,0.026232666765532524,5.186600241872338e-07,2.0404084739289503e-09,4.276331728890615e-06,3.461931179849911e-07,1.3416012088690608e-08,9.23816841647191e-09,3.3181654823495864e-06,1.1061877154803288e-05,0.0004090127038160069,3.428440926271561e-08,9.098603685650286e-07,1.999206303767693e-26,4.372038483872447e-15
2.5650092736342596e-06,0.05595639656,0.054,0.0,0.0,0.003060702662023819,0.8648178620853278,0.0037086370032830274,0.0010233154194178328,4.614155559715951e-10,0.0635228313727357,0.0,0.02623541652484112,5.183131248991349e-07,2.036739515216889e-09,4.271880761024179e-06,3.457007951510414e-07,1.3407048209334329e-08,9.231055799685401e-09,3.3157863161032004e-06,1.1055104356425585e-05,0.0004091440973349885,3.422051032574526e-08,9.090016520017077e-07,2.0053594703355493e-26,4.372955103611771e-15
2.5679431232901844e-06,0.05595639656,0.054,0.0,0.0,0.0030578495967407285,0.8648159282383074,0.0037096362287435693,0.0010235885670025566,4.6212421831524463e-10,0.06352217006683443,0.0,0.02623816050445468,5.179668928905054e-07,2.033081558684256e-09,4.267439769959949e-06,3.4520981724758665e-07,1.3398102837131143e-08,9.223956372821914e-09,3.3134117134717587e-06,1.1048342678566519e-05,0.0004092753633159313,3.4156799155687116e-08,9.081446250101384e-07,2.0115240394974933e-26,4.3738698924890875e-15
2.5708769729461093e-06,0.05595639656,0.054,0.0,0.0,0.0030550023797524146,0.8648139979972144,0.003710634120305754,0.001023861323332365,4.62833104207252e-10,0.06352150963934679,0.0,0.02624089872222721,5.176213256105286e-07,2.0294346369663756e-09,4.263008722748738e-06,3.4472017952182004e-07,1.3389174686664442e-08,9.216870170047471e-09,3.3110416610943285e-06,1.1041592094196392e-05,0.00040940650205688073,3.409327501324316e-08,9.07289282737899e-07,2.0177000183088767e-26,4.374782855853779e-15
2.573810822602034e-06,0.05595639656,0.054,0.0,0.0,0.003052160993096799,0.8648120713512993,0.0037116306814198863,0.0010241336894362216,4.6354221342950173e-10,0.06352085008800933,0.0,0.026243631195939244,5.172764211794165e-07,2.0257987663252037e-09,4.258587586204344e-06,3.4423187668185123e-07,1.338026196036764e-08,9.209797164162957e-09,3.308676145662191e-06,1.1034852576370427e-05,0.0004095375138550472,3.402993716275062e-08,9.064356203506183e-07,2.0238874138206986e-26,4.375693999034344e-15
2.576744672257959e-06,0.05595639656,0.054,0.0,0.0,0.003049325418883918,0.8648101482898561,0.003712625915521397,0.0010244056663392925,4.6425154576438776e-10,0.06352019141056707,0.0,0.026246357943295582,5.169321780763737e-07,2.0221737449553206e-09,4.254176327076659e-06,3.4374490320777615e-07,1.3371367752273006e-08,9.202737216251965e-09,3.306315153847997e-06,1.102812409796506e-05,0.00040966839900699245,3.3966784872132995e-08,9.055836330323632e-07,2.0300862330802868e-26,4.376603327335396e-15
2.5796785219138837e-06,0.05595639656,0.054,0.0,0.0,0.0030464956392977564,0.8648082288022212,0.0037136198260345993,0.0010246772550629648,4.649611009948112e-10,0.06351953360477311,0.0,0.02624907898193091,5.165885940625922e-07,2.018559600275368e-09,4.249774912681777e-06,3.4325925416438025e-07,1.3362491252948854e-08,9.195690378859417e-09,3.3039586724464804e-06,1.1021406632196514e-05,0.00040979915780767033,3.3903817412950454e-08,9.047333159855689e-07,2.0362964831298727e-26,4.3775108460442935e-15
2.5826123715698085e-06,0.05595639656,0.054,0.0,0.0,0.0030436716365962813,0.8648063128777745,0.0037146124163724738,0.0010249484566248618,4.65670878904179e-10,0.0635188766683889,0.0,0.026251794329408905,5.162456669339523e-07,2.0149564124339738e-09,4.245383310468545e-06,3.4277492462262143e-07,1.3353629202092576e-08,9.188656655206314e-09,3.3016066883221952e-06,1.1014700152436882e-05,0.00040992979055089033,3.384103406034071e-08,9.038846644304977e-07,2.0425181710071716e-26,4.378416560428889e-15
2.5855462212257333e-06,0.05595639656,0.054,0.0,0.0,0.003040853393107778,0.8648044005059385,0.00371560368993229,0.0010252192720388627,4.663808792764016e-10,0.06351822059918406,0.0,0.026254504003217268,5.159033951087152e-07,2.011363919711982e-09,4.241001487667062e-06,3.4229190923246223e-07,1.3344785647015129e-08,9.181635850000034e-09,3.299259188289521e-06,1.100800463176019e-05,0.00041006029753004136,3.377843409295566e-08,9.030376736056272e-07,2.048751303746572e-26,4.379320475731917e-15
2.588480070881658e-06,0.05595639656,0.054,0.0,0.0,0.0030380408912334235,0.8648024916761777,0.0037165936501003453,0.0010254897023151215,4.670911018958914e-10,0.06351756539493636,0.0,0.026257208020774473,5.155617767078377e-07,2.0077821295715226e-09,4.236629411831769e-06,3.418102028772335e-07,1.3335960743523428e-08,9.174628036317264e-09,3.2969161592938107e-06,1.1001320043614152e-05,0.0004101906790370184,3.371601679302419e-08,9.021923387675577e-07,2.0549958883772897e-26,4.380222597179432e-15
2.591413920537583e-06,0.05595639656,0.054,0.0,0.0,0.0030352341134481913,0.8648005863779993,0.0037175823002530443,0.0010257597484600834,4.678015465475602e-10,0.06351691105343162,0.0,0.026259906399430703,5.152208094907494e-07,2.0042111853378134e-09,4.232267050881121e-06,3.413298007266522e-07,1.3327149504185261e-08,9.167633231016793e-09,3.294577588366573e-06,1.0994646361673428e-05,0.0004103209353624071,3.3653781446287774e-08,9.013486551902978e-07,2.0612519319238767e-26,4.381122929979379e-15
2.594347770193508e-06,0.05595639656,0.054,0.0,0.0,0.003032433042295331,0.8647986846009524,0.003718569643750302,0.0010260294114765006,4.68512213016819e-10,0.06351625757246386,0.0,0.02626259915646032,5.148804916409668e-07,2.0006508474101194e-09,4.227914372624789e-06,3.408506976978298e-07,1.331835608904925e-08,9.160651285228101e-09,3.2922434624873268e-06,1.098798355929863e-05,0.0004104510667963436,3.359172734193989e-08,9.005066181657012e-07,2.0675194414075902e-26,4.382021479314559e-15
2.59698823488384e-06,0.05595639656,0.054,0.0,0.0,0.003029916943058938,0.8647969760035739,0.003719457138476166,0.0010262717814421827,4.69152002316233e-10,0.0635156701735351,0.0,0.026265017845518806,5.145747593110719e-07,1.997455611439117e-09,4.22400521439347e-06,3.404206115168273e-07,1.3310456840435626e-08,9.154378544190555e-09,3.2901465390458495e-06,1.098199631744491e-05,0.0004105680785433954,3.3536033025619885e-08,8.997501887693214e-07,2.0731700091182096e-26,4.382828653123894e-15
2.5996286995741724e-06,0.05595639656,0.054,0.0,0.0,0.0030274054394888203,0.8647952702423204,0.003720343579958286,0.001026513842608837,4.697919709587421e-10,0.06351508346826397,0.0,0.026267432007493284,5.1426955009195e-07,1.9942689691171097e-09,4.220103849975462e-06,3.399915699109395e-07,1.330257055910639e-08,9.148116210607537e-09,3.2880531962660924e-06,1.0976017847602637e-05,0.000410684989572082,3.3480484429452356e-08,8.989950858743617e-07,2.078829875033035e-26,4.383634390263715e-15
2.6022691642645047e-06,0.05595639656,0.054,0.0,0.0,0.0030248985190066253,0.8647935673096602,0.0037212289706216196,0.00102675559569987,4.704321187889389e-10,0.06351449745505892,0.0,0.026269841654832454,5.139648625517124e-07,1.9910908455949463e-09,4.216210256265648e-06,3.3956356930400233e-07,1.3294698019648857e-08,9.141864225565567e-09,3.2859634247886582e-06,1.0970048130627696e-05,0.00041080180009160324,3.342508104245389e-08,8.982413060853488e-07,2.0844990442613307e-26,4.384438694472412e-15
2.604909628954837e-06,0.05595639656,0.054,0.0,0.0,0.003022396169080107,0.8647918671980878,0.0037221133128834483,0.0010269970414363064,4.710724456517378e-10,0.0635139121323335,0.0,0.02627224679993984,5.136606953405182e-07,1.9879212209419345e-09,4.212324410207067e-06,3.391366060820134e-07,1.3286839279966364e-08,9.135622590824858e-09,3.283877215302656e-06,1.0964087147488113e-05,0.00041091851031042914,3.336982235588755e-08,8.974888460182216e-07,2.0901775219093725e-26,4.385241569476135e-15
2.6075500936451693e-06,0.05595639656,0.054,0.0,0.0,0.003019898377223194,0.8647901699001251,0.0037229966091536218,0.0010272381805368045,4.717129513923754e-10,0.06351332749850659,0.0,0.02627464745517416,5.133570471072721e-07,1.9847600993866027e-09,4.208446288841444e-06,3.3871067665534315e-07,1.3278993416469658e-08,9.129391293825869e-09,3.281794558532387e-06,1.0958134879218436e-05,0.0004110351204363405,3.331470786324227e-08,8.967377023002287e-07,2.0958653130806004e-26,4.3860430189884516e-15
2.611055910765866e-06,0.05595639656,0.054,0.0,0.0,0.0030165890129588194,0.8647879206863252,0.0037241677734986766,0.0010275578748946516,4.725636445202846e-10,0.06351255232604894,0.0,0.02627782795365448,5.129546846468725e-07,1.9805760269173445e-09,4.203309098899283e-06,3.381467499567633e-07,1.3268596919055862e-08,9.1211337134616e-09,3.2790348323543965e-06,1.0950245324514006e-05,0.00041118979256900826,3.3241752803178354e-08,8.957424166465092e-07,2.103431549709466e-26,4.38710492894349e-15
2.6145617278865624e-06,0.05595639656,0.054,0.0,0.0,0.0030132876330091958,0.8647856764020236,0.00372533710373851,0.0010278770316289605,4.734146523519068e-10,0.06351177836157014,0.0,0.026281000587516007,5.125532314163655e-07,1.976406714139191e-09,4.1981854329917015e-06,3.3758463117050726e-07,1.325822505865399e-08,9.112894182397183e-09,3.2762813312278684e-06,1.0942371055241186e-05,0.00041134428910013723,3.3169049873693385e-08,8.947494377708838e-07,2.1110142256972224e-26,4.388164341104102e-15
2.618067545007259e-06,0.05595639656,0.054,0.0,0.0,0.003009994208519169,0.8647834370299352,0.003726504605449349,0.0010281956524026386,4.742659745276097e-10,0.06351100560141115,0.0,0.02628416538531888,5.121526842858016e-07,1.972252204601865e-09,4.19307523810928e-06,3.370243120161512e-07,1.3247875736743555e-08,9.104672738524927e-09,3.273534033717603e-06,1.0934512027482805e-05,0.0004114986105105911,3.3096597907264146e-08,8.937587578717278e-07,2.118613352965955e-26,4.389221264058677e-15
2.6215733621279555e-06,0.05595639656,0.054,0.0,0.0,0.0030067087107725167,0.864781202552856,0.003727670284183013,0.0010285137388713781,4.751176106887451e-10,0.06351023404192888,0.0,0.026287322375484926,5.117530401037857e-07,1.968112459896975e-09,4.187978461541368e-06,3.3646578429115037e-07,1.323754771094168e-08,9.096469313817819e-09,3.270792918465153e-06,1.0926668197399526e-05,0.00041165275727929915,3.3024395743111595e-08,8.927703691820884e-07,2.1262289434293257e-26,4.390275706355528e-15
2.625079179248652e-06,0.05595639656,0.054,0.0,0.0,0.0030034311111896434,0.8647789729536638,0.0037288341454650106,0.0010288312926836852,4.759695604776458e-10,0.06350946367949573,0.0,0.026290471586296077,5.113542956743186e-07,1.9639871907643708e-09,4.182895050883916e-06,3.3590903989968844e-07,1.3227244866558871e-08,9.088283674373426e-09,3.268057964158227e-06,1.0918839521103246e-05,0.00041180672988340016,3.295244222717682e-08,8.91784263969721e-07,2.133861008992888e-26,4.391327676501244e-15
2.6285849963693486e-06,0.05595639656,0.054,0.0,0.0,0.0030001613813295924,0.8647767482153176,0.0037299961947987095,0.0010291483154809236,4.7682182353762e-10,0.06350869451049994,0.0,0.026293613045900308,5.109564478795232e-07,1.9598764077641742e-09,4.177824953968256e-06,3.353540707326723e-07,1.3216966705770646e-08,9.080115892128753e-09,3.2653291496569732e-06,1.0911025955153626e-05,0.00041196052879768083,3.2880736212087994e-08,8.908004345367249e-07,2.1415095615527767e-26,4.392377182967141e-15
2.632090813490045e-06,0.05595639656,0.054,0.0,0.0,0.002996899492888964,0.8647745283208562,0.0037311564376654124,0.00102946480889738,4.776743995129454e-10,0.06350792653134511,0.0,0.026296746782312405,5.105594936381067e-07,1.9557802262629924e-09,4.1727681188850426e-06,3.348008687048524e-07,1.3206709436796015e-08,9.071966035767099e-09,3.2626064539328843e-06,1.0903227456334062e-05,0.0004121141544948605,3.2809276557082e-08,8.898188732191723e-07,2.149174612996347e-26,4.393424234187317e-15
2.6355966306107417e-06,0.05595639656,0.054,0.0,0.0,0.002993645417698928,0.8647723132533994,0.0037323148795201733,0.0010297807745602609,4.785272880488689e-10,0.06350715973845038,0.0,0.026299872823408593,5.101634298326042e-07,1.9516983329889832e-09,4.167724494017729e-06,3.342494258321989e-07,1.3196475687448387e-08,9.06383374476913e-09,3.259889855953259e-06,1.0895443981195107e-05,0.0004122676074461332,3.2738062127939024e-08,8.888395723874532e-07,2.15685617520352e-26,4.394468838552593e-15
2.6391024477314383e-06,0.05595639656,0.054,0.0,0.0,0.002990399127725317,0.8647701029961455,0.0037334715257947206,0.0010300962140897443,4.79380488791602e-10,0.06350639412825025,0.0,0.026302991196932118,5.097682533664915e-07,1.947630682766392e-09,4.162694028012884e-06,3.33699734167138e-07,1.318626661579772e-08,9.055719084258864e-09,3.257179334862017e-06,1.0887675486743266e-05,0.0004124208881203357,3.2667091797022054e-08,8.878625244457854e-07,2.164554260044728e-26,4.395511004418958e-15
2.642257683140065e-06,0.05595639656,0.054,0.0,0.0,0.002987484100048587,0.8647681178635186,0.0037345109766936065,0.0010303796611556902,4.801486361052487e-10,0.06350570608733938,0.0,0.02630579120015429,5.094133506980058e-07,1.9439821608822603e-09,4.158177817197607e-06,3.3320650239178293e-07,1.3177095408694287e-08,9.048431131329507e-09,3.254745044498259e-06,1.0880696614980502e-05,0.0004125586938159378,3.260342627641338e-08,8.869851012682555e-07,2.1714966730574967e-26,4.396446875660313e-15
2.6454129185486916e-06,0.05595639656,0.054,0.0,0.0,0.002984575335550631,0.8647661366014743,0.003735548981481744,0.001030662684531607,4.809170357640519e-10,0.06350501899895761,0.0,0.02630858503504667,5.090591620801036e-07,1.940345047955022e-09,4.153672186600185e-06,3.3271467693886597e-07,1.3167943745470571e-08,9.041157307785e-09,3.25231564449702e-06,1.0873729811651409e-05,0.0004126963606844428,3.253995675424278e-08,8.861094913158826e-07,2.1784524876538246e-26,4.397380784493051e-15
2.6485681539573183e-06,0.05595639656,0.054,0.0,0.0,0.0029816728140723246,0.8647641591979279,0.003736585544071525,0.0010309452853841826,4.816856875120836e-10,0.06350433286053717,0.0,0.026311372721560495,5.08705685269736e-07,1.9367193818736783e-09,4.149177099338476e-06,3.322242521125407e-07,1.315881058572428e-08,9.033897678309171e-09,3.2498911198593133e-06,1.0866775045775433e-05,0.00041283388906352244,3.247668242184174e-08,8.852356891207898e-07,2.1854217124694448e-26,4.398312736931195e-15
2.6514078658250823e-06,0.05595639656,0.054,0.0,0.0,0.002979065865932019,0.8647623828238051,0.003737517220544012,0.0010311992658546703,4.823776894105799e-10,0.06350371614606154,0.0,0.02631387639897939,5.083881629169929e-07,1.933466027815835e-09,4.145140504995396e-06,3.3178406260676023e-07,1.3150606269866477e-08,9.027376098160992e-09,3.2477132037611645e-06,1.0860526022935216e-05,0.0004129575464743621,3.2419901744929935e-08,8.844508082760142e-07,2.1917054876741082e-26,4.39914982635837e-15
2.6542475776928463e-06,0.05595639656,0.054,0.0,0.0,0.002976463943804425,0.8647606095565804,0.003738447734822979,0.0010314529058667833,4.830698951088576e-10,0.06350310019712481,0.0,0.0263163751267254,5.080712137502944e-07,1.930221844058715e-09,4.141112394344394e-06,3.3134499888432646e-07,1.3142417073129901e-08,9.020865915478346e-09,3.2455392137295786e-06,1.0854286702857047e-05,0.0004130810922257808,3.236327793642311e-08,8.836673833477359e-07,2.1980001384348137e-26,4.399985340305783e-15
2.6570872895606103e-06,0.05595639656,0.054,0.0,0.0,0.0029738670331724963,0.8647588393875499,0.0037393770897293224,0.001031706206261707,4.837623044216329e-10,0.06350248501187555,0.0,0.026318868919165524,5.077548361599948e-07,1.926986853617147e-09,4.137092740851597e-06,3.30907056854872e-07,1.313424233782098e-08,9.01436717402089e-09,3.243369138957271e-06,1.0848057063164864e-05,0.00041320452656131275,3.2306810415421385e-08,8.828854103947808e-07,2.2043056710354605e-26,4.4008192831070846e-15
2.6599270014283744e-06,0.05595639656,0.054,0.0,0.0,0.0029712751195751295,0.864757072308042,0.00374030528807401,0.001031959167877709,4.844549171640258e-10,0.06350187058846866,0.0,0.026321357790610917,5.074390285523178e-07,1.9237609902758768e-09,4.133081518086028e-06,3.3047023244021797e-07,1.312608209407945e-08,9.007879791211975e-09,3.241202968660514e-06,1.0841837081485223e-05,0.00041332784972375193,3.225049860370998e-08,8.82104885490045e-07,2.210622091756516e-26,4.401651659079336e-15
2.6627667132961384e-06,0.05595639656,0.054,0.0,0.0,0.0029686881886066066,0.8647553083094184,0.0037412323326579213,0.0010322117915501506,4.85147733151559e-10,0.06350125692506552,0.0,0.02632384175531712,5.071237893493575e-07,1.9205441657505112e-09,4.129078699715685e-06,3.300345215733586e-07,1.3117937131431873e-08,9.001403684776803e-09,3.2390406920892998e-06,1.0835626735485943e-05,0.00041345106195510425,3.219434192574982e-08,8.813258047204979e-07,2.2169494068748845e-26,4.402482472523519e-15
2.6656064251639024e-06,0.05595639656,0.054,0.0,0.0,0.0029661062259169445,0.8647535473830734,0.003742158226272854,0.0010324640781115009,4.85840752200156e-10,0.06350064401983373,0.0,0.026326320827485664,5.068091169673286e-07,1.9173364298625163e-09,4.125084259529962e-06,3.295999202164777e-07,1.3109806583914226e-08,8.994938936269869e-09,3.236882298560827e-06,1.0829426003009912e-05,0.0004135741634964182,3.213833980867167e-08,8.805481641870002e-07,2.2232876226635107e-26,4.4033117277263276e-15
2.6684461370316664e-06,0.05595639656,0.054,0.0,0.0,0.002963529217211419,0.8647517895204336,0.00374308297170091,0.0010327160283913465,4.865339741261403e-10,0.0635000318709472,0.0,0.026328795021263108,5.064950098274632e-07,1.91413773152172e-09,4.12109817143051e-06,3.291664243546534e-07,1.3101690139365032e-08,8.98848547150824e-09,3.2347277774141042e-06,1.0823234861897423e-05,0.00041369715458801674,3.2082491682244934e-08,8.797719600042339e-07,2.2296367453919595e-26,4.404139428958037e-15
2.6712858488994305e-06,0.05595639656,0.054,0.0,0.0,0.00296095714824965,0.8647500347129585,0.0037440065717139087,0.00103296764321641,4.872273987462334e-10,0.06349942047658612,0.0,0.026331264350740756,5.061814663626055e-07,1.9109479481245504e-09,4.117120409413732e-06,3.2873402998053837e-07,1.3093589044373544e-08,8.982043168279979e-09,3.232577118012105e-06,1.0817053289991504e-05,0.0004138200354694954,3.202679697886862e-08,8.789971883008017e-07,2.2359967813263538e-26,4.4049655804725635e-15
2.6741255607671945e-06,0.05595639656,0.054,0.0,0.0,0.0029583900048462384,0.8647482829521393,0.003744929029074887,0.0010332189234105583,4.87921025877554e-10,0.063498809834937,0.0,0.026333728829957045,5.058684850119665e-07,1.907767151811357e-09,4.113150947589093e-06,3.2830273310657486e-07,1.3085502352449828e-08,8.975612145475603e-09,3.2304303097935616e-06,1.081088126534709e-05,0.0004139428063794612,3.197125513356888e-08,8.782238452190138e-07,2.242367736728757e-26,4.405790186510228e-15
2.6769652726349585e-06,0.05595639656,0.054,0.0,0.0,0.00295582777287049,0.8647465342294993,0.0037458503465375567,0.001033469869794818,4.886148553376162e-10,0.06349819994419248,0.0,0.02633618847289639,5.055560642201027e-07,1.904595314171492e-09,4.109189760180483e-06,3.2787252977337173e-07,1.3077429226474028e-08,8.96919234171435e-09,3.2282873422192012e-06,1.0804718766019583e-05,0.0004140654675557983,3.191586558396603e-08,8.774519269147695e-07,2.2487496178578814e-26,4.4066132512952254e-15
2.6798049845027226e-06,0.05595639656,0.054,0.0,0.0,0.0029532704382449343,0.8647447885365941,0.0037467705268449908,0.0010337204831873845,4.893088869443286e-10,0.06349759080255138,0.0,0.026338643293488135,5.052442024285288e-07,1.9014322612005317e-09,4.105236821505848e-06,3.2744341603416044e-07,1.3069371572194951e-08,8.962783572908433e-09,3.226148204761048e-06,1.0798565770014943e-05,0.0004141880192357358,3.1860627770267245e-08,8.766814295577858e-07,2.255142430969162e-26,4.407434779034893e-15
2.6826446963704866e-06,0.05595639656,0.054,0.0,0.0,0.0029507179869463296,0.8647430458650103,0.003747689572731748,0.001033970764403638,4.900031205159931e-10,0.06349698240821877,0.0,0.02634109330560984,5.049328980921012e-07,1.898278085824053e-09,4.101292105992268e-06,3.2701538795534556e-07,1.3061328529046314e-08,8.956386002641803e-09,3.2240128869774742e-06,1.0792422255596936e-05,0.00041431046165546915,3.180554113526478e-08,8.759123493313176e-07,2.2615461823138404e-26,4.4082547739237844e-15
2.6854844082382506e-06,0.05595639656,0.054,0.0,0.0,0.002948170405005827,0.8647413062063669,0.003748607486923724,0.0010342207142561546,4.906975558713024e-10,0.06349637475940574,0.0,0.026343538523086366,5.04622149684473e-07,1.8951328067397803e-09,4.097355588181455e-06,3.265884416293735e-07,1.3053298287610534e-08,8.949999604036182e-09,3.2218813784524046e-06,1.0786288201048052e-05,0.00041443279505046004,3.1750605124299836e-08,8.751446824319144e-07,2.2679608781397915e-26,4.4090732401408455e-15
2.6883241201060146e-06,0.05595639656,0.054,0.0,0.0,0.002945627678506526,0.8647395695523141,0.003749524272135572,0.0010344703335547177,4.913921928293403e-10,0.06349576785432962,0.0,0.026345978959687273,5.043119556583741e-07,1.891996180227732e-09,4.093427242706363e-06,3.2616257316653e-07,1.3045283581951961e-08,8.943624103767961e-09,3.2197536687632425e-06,1.0780163584525291e-05,0.00041455501965561605,3.169581918525946e-08,8.743784250698482e-07,2.2743865246918578e-26,4.409890181847314e-15
2.6911638319737787e-06,0.05595639656,0.054,0.0,0.0,0.0029430897935848223,0.864737835894533,0.0037504399310735346,0.0010347196231063316,4.920870312095796e-10,0.06349516169121369,0.0,0.02634841462913134,5.040023144763231e-07,1.888868307122743e-09,4.0895070443076366e-06,3.257377786894131e-07,1.3037284072072238e-08,8.937259711605555e-09,3.217629747584978e-06,1.0774048384492778e-05,0.0004146771357047603,3.164118276857449e-08,8.736135734688132e-07,2.280823128210528e-26,4.410705603192474e-15
2.6940035438415427e-06,0.05595639656,0.054,0.0,0.0,0.0029405567364316257,0.8647361052247365,0.003751354466436346,0.0010349685837152344,4.927820708318804e-10,0.06349455626828737,0.0,0.026350845545086505,5.036932246438925e-07,1.885749289822864e-09,4.085594967841685e-06,3.2531405434208625e-07,1.3029296308659649e-08,8.930906468791533e-09,3.2155096046269857e-06,1.0767942579476516e-05,0.0004147991434309411,3.158669532717847e-08,8.728501238654533e-07,2.2872706949328492e-26,4.411519508310935e-15
2.6968432557093067e-06,0.05595639656,0.054,0.0,0.0,0.002938028493288365,0.864734377534668,0.0037522678809106366,0.0010352172161829066,4.934773115164895e-10,0.0634939515837861,0.0,0.02635327172116481,5.033846846298913e-07,1.882638796831254e-09,4.081690988249152e-06,3.2489139628807943e-07,1.302132390036463e-08,8.924563976960737e-09,3.213393229568356e-06,1.0761846147772062e-05,0.0004149210430667892,3.1532356316513443e-08,8.720880725100486e-07,2.2937292310931654e-26,4.412331901318324e-15
2.6996829675770707e-06,0.05595639656,0.054,0.0,0.0,0.002935505050448431,0.8647326528161018,0.00375318017717427,0.0010354655213080893,4.941727530840387e-10,0.06349334763595131,0.0,0.026355693170928014,5.030766928970186e-07,1.879536905004702e-09,4.077795080578347e-06,3.244698007062511e-07,1.3013367928974608e-08,8.918232484221717e-09,3.2112806121964134e-06,1.075575906802882e-05,0.0004150428348438023,3.147816519452471e-08,8.713274156662533e-07,2.300198742921298e-26,4.4131427863189944e-15
2.7025226794448348e-06,0.05595639656,0.054,0.0,0.0,0.002932986394260584,0.8647309310608434,0.003754091357899525,0.0010357134998867903,4.94868395355544e-10,0.06349274442303038,0.0,0.026358109907889737,5.027692479747724e-07,1.876443793205344e-09,4.073907219988315e-06,3.240492637856898e-07,1.3005422702470063e-08,8.911912051655427e-09,3.209171742338868e-06,1.0749681318995091e-05,0.0004151645189926632,3.142412142161546e-08,8.705681496103977e-07,2.3066792366436007e-26,4.413952167403721e-15
2.705362391312599e-06,0.05595639656,0.054,0.0,0.0,0.0029304725111217924,0.8647292122607284,0.003755001425745158,0.0010359611527122991,4.955642381524034e-10,0.06349214194327667,0.0,0.026360521945506886,5.024623483691183e-07,1.873359186055752e-09,4.070027381738766e-06,3.2362978175548366e-07,1.2997492501021026e-08,8.905602423665992e-09,3.2070666098022267e-06,1.0743612879212499e-05,0.00041528609574362273,3.137022446065232e-08,8.698102706319966e-07,2.313170718483586e-26,4.4147600486443646e-15
2.7079181319935863e-06,0.05595639656,0.054,0.0,0.0,0.002928214086053505,0.8647276678605493,0.0037558195374857157,0.0010361837623897488,4.96190667971448e-10,0.0634916003369174,0.0,0.026362688772505628,5.021866037087651e-07,1.870590324734403e-09,4.066542366052207e-06,3.232531467471037e-07,1.2990368103787375e-08,8.89993305427451e-09,3.205175177568543e-06,1.0738159225288956e-05,0.0004153954231837851,3.132184227804312e-08,8.691293624466841e-07,2.319022452120635e-26,4.4154858627499985e-15
2.710473872674574e-06,0.05595639656,0.054,0.0,0.0,0.002925959506336739,0.8647261258415391,0.003756636751868872,0.001036406109421986,4.968172599420069e-10,0.06349105932174862,0.0,0.02636485181363656,5.019112984378771e-07,1.8678283905159918e-09,4.063063810604367e-06,3.22877360405498e-07,1.2983254425789471e-08,8.894272486587967e-09,3.2032867570221576e-06,1.0732713079257188e-05,0.0004155046639839771,3.127357819190436e-08,8.684495721129655e-07,2.324883095702385e-26,4.416210468220224e-15
2.7130296133555614e-06,0.05595639656,0.054,0.0,0.0,0.0029237087621623963,0.8647245861978088,0.0037574530708151623,0.0010366281943817157,4.974440139346694e-10,0.06349051889650928,0.0,0.026367011078605368,5.016364314851074e-07,1.8650733083422334e-09,4.059591697552688e-06,3.2250242000135157e-07,1.2976152157118903e-08,8.888620638344608e-09,3.2014013408259682e-06,1.07272744256817e-05,0.0004156138183103716,3.1225431815737083e-08,8.677708969530762e-07,2.3307526537582547e-26,4.416933867994314e-15
2.715585354036549e-06,0.05595639656,0.054,0.0,0.0,0.0029214618437546297,0.8647230489234894,0.003758268496239247,0.0010368500178398908,4.980709298202723e-10,0.06348997905994214,0.0,0.026369166577084834,5.013620017676564e-07,1.8623250613329023e-09,4.056126009134682e-06,3.221283228291986e-07,1.2969061740865396e-08,8.88297753373881e-09,3.1995189216770575e-06,1.0721843249213328e-05,0.0004157228863285886,3.117740276462335e-08,8.670933342976631e-07,2.3366311308152137e-26,4.417656065002578e-15
2.7181410947175365e-06,0.05595639656,0.054,0.0,0.0,0.0029192187413715513,0.8647215140127313,0.0037590830300507122,0.0010370715803657148,4.986980074699e-10,0.0634894398107938,0.0,0.02637131831871554,5.010880082075974e-07,1.8595836727329995e-09,4.05266672766094e-06,3.217550661937689e-07,1.2961982087666027e-08,8.877343182049133e-09,3.1976394922977878e-06,1.0716419534552315e-05,0.0004158318682037509,3.112949065521536e-08,8.664168814856975e-07,2.3425185313979338e-26,4.418377062166199e-15
2.720696835398524e-06,0.05595639656,0.054,0.0,0.0,0.00291697944530401,0.8647199814597053,0.003759896674152805,0.0010372928825266516,4.993252467548829e-10,0.0634889011478147,0.0,0.026373466313104575,5.008144497355011e-07,1.8568490848226974e-09,4.049213835495181e-06,3.2138264740153613e-07,1.2954913405009728e-08,8.871717504477932e-09,3.195763045424562e-06,1.0711003266393327e-05,0.00041594076410055107,3.108169510573604e-08,8.657415358645982e-07,2.3484148600289238e-26,4.419096862396266e-15
2.7232525760795116e-06,0.05595639656,0.054,0.0,0.0,0.0029147439458753793,0.8647184512585999,0.003760709430442578,0.0010375139248884307,4.999526475467973e-10,0.06348836306975902,0.0,0.026375610569826027,5.005413252837687e-07,1.8541212522453811e-09,4.045767315061758e-06,3.210110637706383e-07,1.294785654833711e-08,8.866100491956003e-09,3.193889573822738e-06,1.0705594429494537e-05,0.00041604957418316265,3.103401573596999e-08,8.650672947902007e-07,2.3543201212283162e-26,4.419815468594655e-15
2.725808316760499e-06,0.05595639656,0.054,0.0,0.0,0.0029125122334425044,0.8647169234036246,0.003761521300812061,0.0010377347080150544,5.005802097174643e-10,0.0634878255753848,0.0,0.026377751098422317,5.002686337884584e-07,1.8514001943229828e-09,4.042327148857015e-06,3.206403126355344e-07,1.2940810739177802e-08,8.860492166193564e-09,3.192019070285992e-06,1.0700193008678798e-05,0.00041615829861524117,3.098645216724979e-08,8.643941556266118e-07,2.3602343195139068e-26,4.4205328836544056e-15
2.7283640574414867e-06,0.05595639656,0.054,0.0,0.0,0.002910284298394904,0.8647153978890078,0.0037623322871473985,0.0010379552324688043,5.012079331389491e-10,0.06348728866345375,0.0,0.026379887908403184,4.99996374187404e-07,1.8486858761491978e-09,4.03889331943973e-06,3.202703913409827e-07,1.2933775691891838e-08,8.854892462772278e-09,3.1901515276238533e-06,1.069479898877233e-05,0.00041626693756000076,3.093900402245435e-08,8.637221157462484e-07,2.366157459401316e-26,4.421249110458808e-15
2.730919798122474e-06,0.05595639656,0.054,0.0,0.0,0.002908060131154037,0.8647138747089964,0.0037631423913284017,0.0010381754988102493,5.018358176835602e-10,0.06348675233273139,0.0,0.026382021009245527,4.997245454217896e-07,1.8459782403748209e-09,4.035465809426574e-06,3.1990129723927796e-07,1.2926752289431682e-08,8.849301348031027e-09,3.188286938670569e-06,1.0689412354646316e-05,0.00041637549118016736,3.089167092600147e-08,8.630511725298239e-07,2.3720895454038522e-26,4.421964151881773e-15
2.7334755388034617e-06,0.05595639656,0.054,0.0,0.0,0.002905839722174178,0.8647123538578572,0.003763951615229748,0.0010383955075982522,5.024638632238493e-10,0.06348621658198694,0.0,0.026384150410394904,4.994531464420812e-07,1.8432773210183937e-09,4.032044601503618e-06,3.195330276956064e-07,1.2919739989764603e-08,8.843718893332173e-09,3.1864252962936375e-06,1.0684033091261498e-05,0.00041648395963792673,3.0844452503832614e-08,8.623813233662107e-07,2.378030582032422e-26,4.422678010788727e-15
2.7360312794844493e-06,0.05595639656,0.054,0.0,0.0,0.0029036230619424734,0.8647108353298757,0.0037647599607209315,0.0010386152593899742,5.0309206963261e-10,0.06348568140999339,0.0,0.026386276121265182,4.99182176198358e-07,1.8405831052846014e-09,4.028629678422565e-06,3.191655800875706e-07,1.291273758847255e-08,8.838145018416911e-09,3.184566593372057e-06,1.067866118356256e-05,0.0004165923430950512,3.0797348383411065e-08,8.617125656524642e-07,2.383980573795833e-26,4.4233906900354405e-15
2.738587020165437e-06,0.05595639656,0.054,0.0,0.0,0.002901410140976906,0.8647093191193568,0.0037655674296642695,0.0010388347547408846,5.037204367828765e-10,0.0634851468155274,0.0,0.026388398151236673,4.989116336330108e-07,1.8378954514284806e-09,4.02522102298622e-06,3.1879895180071166e-07,1.290574715743013e-08,8.832579581480212e-09,3.182710822800876e-06,1.0673296616494708e-05,0.0004167006417128837,3.075035819372446e-08,8.610448967939399e-07,2.3899395252007023e-26,4.4241021924676285e-15
2.7411427608464244e-06,0.05595639656,0.054,0.0,0.0,0.0028992009498273585,0.8647078052206235,0.0037663740239167113,0.001039053994204765,5.043489645479245e-10,0.0634846127973693,0.0,0.02639051650965876,4.986415177091803e-07,1.8352144043731997e-09,4.021818618064022e-06,3.184331402315585e-07,1.2898769398081108e-08,8.827022768101155e-09,3.1808579775250484e-06,1.0667939375177257e-05,0.00041680885565212984,3.0703481565257906e-08,8.603783142040307e-07,2.3959074407509973e-26,4.4248125209234845e-15
2.743698501527412e-06,0.05595639656,0.054,0.0,0.0,0.002896995479078416,0.8647062936280183,0.003767179745332402,0.0010392729783337163,5.049776528012689e-10,0.06348407935430314,0.0,0.0263926312058519,4.983718273920663e-07,1.8325400615327827e-09,4.018422446598387e-06,3.180681427857944e-07,1.289179982168501e-08,8.821474512694904e-09,3.1790080504953e-06,1.0662589444690246e-05,0.0004169169850731129,3.065671812999032e-08,8.597128153041637e-07,2.4018843249487262e-26,4.425521678232159e-15
2.7462542422083994e-06,0.05595639656,0.054,0.0,0.0,0.0028947937193432617,0.8647047843359024,0.003767984595756438,0.0010394917076781659,5.056065014166642e-10,0.06348354648511662,0.0,0.02639474224910127,4.981025616427572e-07,1.829872266511243e-09,4.015032491582437e-06,3.1770395688685207e-07,1.2884841233563219e-08,8.815934691823771e-09,3.1771610346782643e-06,1.065724681010846e-05,0.0004170250301357389,3.061006752140629e-08,8.590483975239219e-07,2.4078701822936786e-26,4.426229667212142e-15
2.7485544088212883e-06,0.05595639656,0.054,0.0,0.0,0.0028928153007654243,0.8647034279352707,0.003768708217960563,0.0010396883467010058,5.061726021759234e-10,0.06348306739251675,0.0,0.026396639072407857,4.978605846208232e-07,1.8274767945541067e-09,4.011986833128783e-06,3.1737688132938106e-07,1.2878590066848984e-08,8.810956125437392e-09,3.1755012037463073e-06,1.0652444664739453e-05,0.0004171221986974236,3.056817813876273e-08,8.584513437609824e-07,2.4132651296621046e-26,4.426865860695939e-15
2.750854575434177e-06,0.05595639656,0.054,0.0,0.0,0.002890839873734214,0.8647020733893983,0.003769431137490816,0.0010398847801918107,5.067388326346804e-10,0.06348258876290173,0.0,0.02639853295105312,4.976189499077597e-07,1.825086644580323e-09,4.0089461839727786e-06,3.170504591761099e-07,1.287234715982699e-08,8.805984437557598e-09,3.1738437201408834e-06,1.0647648406270367e-05,0.00041721929917378365,3.052637958494342e-08,8.578551617668139e-07,2.4186673521997338e-26,4.427501112153002e-15
2.753154742047066e-06,0.05595639656,0.054,0.0,0.0,0.0028888674314736648,0.8647007206942128,0.0037701533556824627,0.0010400810085483912,5.073051927013961e-10,0.06348211059539538,0.0,0.02640042389174301,4.97377656747706e-07,1.8227018160876948e-09,4.0059105318424685e-06,3.167246885608797e-07,1.286611096315396e-08,8.80101953436576e-09,3.1721885787837987e-06,1.0642858023913529e-05,0.00041731633168040443,3.0484671595827515e-08,8.572598496842703e-07,2.4240768531822455e-26,4.428135423620081e-15
2.7554549086599547e-06,0.05595639656,0.054,0.0,0.0,0.0028868979672256527,0.864699369845654,0.0037708748738644587,0.001040277032167474,5.078716822846863e-10,0.06348163288912377,0.0,0.02640231190116048,4.971367044052843e-07,1.8203221887857642e-09,4.0028798644982765e-06,3.1639956763250705e-07,1.2859885228766409e-08,8.796061442362374e-09,3.170535774617935e-06,1.0638073506939031e-05,0.00041741329633252476,3.0443053908257875e-08,8.56665405661391e-07,2.4294936358836926e-26,4.428768797127548e-15
2.7577550752728436e-06,0.05595639656,0.054,0.0,0.0,0.002884931474253981,0.8646980208396743,0.0037715956933638286,0.0010404728514447096,5.084383012933225e-10,0.06348115564321544,0.0,0.02640419698597009,4.968960921453915e-07,1.8179477731644846e-09,3.999854169754767e-06,3.160750945494862e-07,1.2853670149955884e-08,8.7911102280254e-09,3.1688853026029317e-06,1.0633294844657912e-05,0.0004175101932450621,3.040152626002755e-08,8.560718278513297e-07,2.4349177035766652e-26,4.429401234700687e-15
2.7600552418857324e-06,0.05595639656,0.054,0.0,0.0,0.002882967945845439,0.8646966736722375,0.0037723158155066865,0.0010406684667746717,5.090050496362294e-10,0.06348067885680124,0.0,0.0264060791528189,4.966558192057372e-07,1.8155786821627495e-09,3.996833435476956e-06,3.157512674713859e-07,1.2847460744344993e-08,8.78616579893121e-09,3.167237157704932e-06,1.0628522026360436e-05,0.0004176070225326886,3.036008838988011e-08,8.554791144124771e-07,2.440349059532465e-26,4.430032738359371e-15
2.7623554084986212e-06,0.05595639656,0.054,0.0,0.0,0.0028810073753031506,0.8646953283393193,0.003773035241611388,0.0010408638785508646,5.095719272224866e-10,0.06348020252901437,0.0,0.026407958408329428,4.964158848511122e-07,1.8132147618665534e-09,3.993817649545785e-06,3.154280845645692e-07,1.2841260626371176e-08,8.781228094044755e-09,3.1655913349075424e-06,1.062375504137313e-05,0.00041770378430976325,3.031874003751727e-08,8.54887263508413e-07,2.4457877070207958e-26,4.430663310116397e-15
2.76465557511151e-06,0.05595639656,0.054,0.0,0.0,0.0028790497559543376,0.8646939848369093,0.003773753972993692,0.001041059087165583,5.101389339613471e-10,0.06347972665899074,0.0,0.02640983475910333,4.96176288350192e-07,1.8108560274673007e-09,3.990806799890939e-06,3.1510554400093915e-07,1.2835070047399111e-08,8.776297193588243e-09,3.1639478292166372e-06,1.0618993879090702e-05,0.00041780047869025515,3.027748094363634e-08,8.542962733086344e-07,2.4512336493100583e-26,4.4312929519788005e-15
2.766955741724399e-06,0.05595639656,0.054,0.0,0.0,0.0028770950811442893,0.864692643161007,0.0037744720109670793,0.0010412540930102075,5.107060697621955e-10,0.0634792512458681,0.0,0.026411708211725757,4.959370289676069e-07,1.808502482007073e-09,3.98780087448425e-06,3.147836439628072e-07,1.2828887988107109e-08,8.77137305133844e-09,3.162306635645054e-06,1.061423852889449e-05,0.0004178971057879162,3.023631084980598e-08,8.537061419869872e-07,2.4566868896671117e-26,4.431921665948716e-15
2.7692559083372877e-06,0.05595639656,0.054,0.0,0.0,0.002875143344236682,0.8646913033076234,0.0037751893568412306,0.0010414488964751258,5.112733345345598e-10,0.06347877628878656,0.0,0.026413578772762784,4.956981059645378e-07,1.8061541045404548e-09,3.984799861329785e-06,3.144623826367782e-07,1.282271435728494e-08,8.766455633868894e-09,3.160667749218955e-06,1.0609488980187952e-05,0.00041799366571621866,3.01952294985395e-08,8.531168677220411e-07,2.462147431357089e-26,4.432549454022922e-15
2.7715560749501765e-06,0.05595639656,0.054,0.0,0.0,0.0028731945386153497,0.8646899652727815,0.0037759060119219048,0.0010416434979496393,5.11840728188125e-10,0.06347830178688847,0.0,0.026415446448759865,4.95459518612113e-07,1.8038108721281419e-09,3.981803748471504e-06,3.141417582169244e-07,1.2816549599486478e-08,8.761544946726998e-09,3.1590311649810024e-06,1.0604745222412048e-05,0.0004180901585883169,3.015423663326434e-08,8.525284486975777e-07,2.4676152776438275e-26,4.433176318192256e-15
2.7738562415630654e-06,0.05595639656,0.054,0.0,0.0,0.00287124865768478,0.8646886290525158,0.003776621977511575,0.0010418378978219733,5.124082506327306e-10,0.06347782773931859,0.0,0.026417311246242633,4.952212661833551e-07,1.8014727737182932e-09,3.978812523994649e-06,3.138217689039536e-07,1.2810393557668577e-08,8.7566409761069e-09,3.157396877988157e-06,1.0600007245030112e-05,0.000418186584517066,3.0113331998338174e-08,8.519408831025588e-07,2.4730904317897754e-26,4.433802260441771e-15
2.776156408175954e-06,0.05595639656,0.054,0.0,0.0,0.002869305694866424,0.8646872946428713,0.0037773372549097673,0.0010420320964794577,5.129759017783459e-10,0.06347735414522362,0.0,0.026419173171719993,4.94983347948451e-07,1.799139797550876e-09,3.9758261760175296e-06,3.135024129041392e-07,1.2804246000074902e-08,8.751743699293828e-09,3.1557648833081253e-06,1.059527503751781e-05,0.0004182829436150788,3.0072515339008534e-08,8.513541691301178e-07,2.4785728970555856e-26,4.434427282751887e-15
2.778456574788843e-06,0.05595639656,0.054,0.0,0.0,0.002867365643605507,0.8646859620399072,0.003778051845411576,0.0010422260943081527,5.135436815351237e-10,0.06347688100375305,0.0,0.026421032231676918,4.947457631819245e-07,1.7968119240939017e-09,3.972844692703073e-06,3.131836884311005e-07,1.2798107053985394e-08,8.746853104392789e-09,3.15413517602794e-06,1.0590548589393217e-05,0.0004183792359945961,3.0031786401509914e-08,8.507683049796484e-07,2.4840626767008677e-26,4.435051387095904e-15
2.780756741401732e-06,0.05595639656,0.054,0.0,0.0,0.002865428497366623,0.8646846312396939,0.0037787657503086415,0.0010424198916930921,5.141115898133659e-10,0.06347640831405864,0.0,0.026422888432579134,4.945085111636178e-07,1.7944891345869284e-09,3.969868062251338e-06,3.1286559370467315e-07,1.2791976882847251e-08,8.741969184815515e-09,3.1525077512489842e-06,1.0585827890201382e-05,0.0004184754617675664,2.999114493295889e-08,8.501832888554968e-07,2.4895597739839202e-26,4.435674575441538e-15
2.7830569080146207e-06,0.05595639656,0.054,0.0,0.0,0.0028634942496349423,0.8646833022383135,0.0037794789708892294,0.0010426134890182295,5.146796265235303e-10,0.06347593607529449,0.0,0.026424741780872434,4.942715911724602e-07,1.792171420551872e-09,3.96689627290307e-06,3.125481269516697e-07,1.2785855198587614e-08,8.737091920658489e-09,3.1508826040865212e-06,1.0581112929506721e-05,0.00041857162104564066,2.9950590681472446e-08,8.495991189672719e-07,2.4950641921612818e-26,4.436296849750832e-15
2.7853570746275095e-06,0.05595639656,0.054,0.0,0.0,0.0028615628939138373,0.86468197503186,0.003780191508438292,0.00104280688666655,5.15247791576215e-10,0.0634754642866168,0.0,0.026426592282984437,4.940350024873412e-07,1.7898587686304515e-09,3.963929312934679e-06,3.122312864054616e-07,1.2779741869739883e-08,8.73222129296303e-09,3.149259729668905e-06,1.0576403696896331e-05,0.0004186677139401974,2.991012339603557e-08,8.490157935292503e-07,2.5005759344880323e-26,4.4369182119806284e-15
2.7876572412403983e-06,0.05595639656,0.054,0.0,0.0,0.002859634423725763,0.8646806496164376,0.0037809033642370823,0.0010430000850200143,5.158160848821669e-10,0.06347499294718403,0.0,0.026428439945323304,4.937987443938496e-07,1.7875511529793005e-09,3.960967170658182e-06,3.1191507030531023e-07,1.2773637290829858e-08,8.727357297239982e-09,3.1476391231394575e-06,1.057170018198963e-05,0.00041876374056231747,2.986974282646826e-08,8.484333107607424e-07,2.5060950042181717e-26,4.437538664082058e-15
2.789957407853287e-06,0.05595639656,0.054,0.0,0.0,0.002857708832612317,0.8646793259881627,0.003781614539563718,0.001043193084459577,5.163845063522796e-10,0.06347452205615688,0.0,0.026430284774278657,4.935628161797062e-07,1.7852485601936806e-09,3.958009834423214e-06,3.1159947689634045e-07,1.2767541414726619e-08,8.72249992155388e-09,3.1460207796542204e-06,1.0567002374423321e-05,0.00041885970102280615,2.982944872352617e-08,8.478516688858017e-07,2.5116214046039855e-26,4.4381582080009695e-15
2.792257574466176e-06,0.05595639656,0.054,0.0,0.0,0.0028557861141348547,0.8646780041431621,0.0037823250356931173,0.0010433858853651585,5.169530558975957e-10,0.0634740516126982,0.0,0.026432126776221074,4.933272171292817e-07,1.782950989747172e-09,3.955057292619183e-06,3.112845044307512e-07,1.2761453684668237e-08,8.717649141669281e-09,3.1444046943827164e-06,1.056231026385303e-05,0.0004189555954321829,2.9789240838926624e-08,8.472708661334295e-07,2.5171551388960022e-26,4.438776845677836e-15
2.796857907691954e-06,0.05595639656,0.054,0.0,0.0,0.002851949269427548,0.8646753657875521,0.003783743995441231,0.0010437708930889724,5.180905388587536e-10,0.06347311206514927,0.0,0.026435802324452678,4.928570036838679e-07,1.7783708219533166e-09,3.9491665460396045e-06,3.106564153710388e-07,1.2749303719702104e-08,8.707967328551129e-09,3.1411792792329277e-06,1.0552943092482914e-05,0.0004191471865382024,2.970908273574444e-08,8.461117709371362e-07,2.528244622195368e-26,4.440011410038879e-15
2.8006567159873744e-06,0.05595639656,0.054,0.0,0.0,0.0028487895318394033,0.8646731924613995,0.0037849136901211443,0.001044088224816534,5.190302213868055e-10,0.06347233755910502,0.0,0.026438829005534112,4.924697028149257e-07,1.7746036362851988e-09,3.944316512020659e-06,3.1013961673478433e-07,1.2739296594235814e-08,8.699992193959926e-09,3.138522601874574e-06,1.054522507027807e-05,0.00041930519814688293,2.9643148565404217e-08,8.451571420432617e-07,2.5374241057645637e-26,4.441028158034472e-15
2.8044555242827947e-06,0.05595639656,0.054,0.0,0.0,0.00284563754857256,0.8646710239505344,0.0037860815482903755,0.0010444050198117844,5.19970252125889e-10,0.06347156426329628,0.0,0.026441848055869334,4.92083290804672e-07,1.770849940829618e-09,3.939479409169816e-06,3.096244898171669e-07,1.2729312117085352e-08,8.69203488441195e-09,3.1358720231827094e-06,1.0537522456767838e-05,0.00041946303098814024,2.9577446443125082e-08,8.442047796251709e-07,2.5466236342812444e-26,4.44204245860842e-15
2.808254332578215e-06,0.05595639656,0.054,0.0,0.0,0.002842493291134282,0.8646688602378152,0.0037872475755994553,0.001044721279758904,5.209106306792532e-10,0.06347079217401197,0.0,0.026444859503645952,4.916977645009893e-07,1.76710965510748e-09,3.9346551861702744e-06,3.0911102691380785e-07,1.2719350785429065e-08,8.684095363757273e-09,3.133227521775377e-06,1.0529835206060606e-05,0.0004196206855520895,2.9511975273814595e-08,8.432546758367915e-07,2.5558432223519896e-26,4.443054320353874e-15
2.8120531408736353e-06,0.05595639656,0.054,0.0,0.0,0.002839356731171986,0.864666701306183,0.003788411777674958,0.0010450370063346665,5.218513566512313e-10,0.0634700212875571,0.0,0.026447863376914283,4.913131207640658e-07,1.763382734624601e-09,3.929843791979527e-06,3.0859922036534185e-07,1.2709411598767071e-08,8.676173525934189e-09,3.130589076362214e-06,1.0522163272376796e-05,0.0004197781623268351,2.9446733969346622e-08,8.423068228671429e-07,2.5650828845695078e-26,4.4440637518255275e-15
2.8158519491690556e-06,0.05595639656,0.054,0.0,0.0,0.0028362278404705007,0.8646645471386608,0.003789574160117361,0.0010453522012084564,5.227924296472376e-10,0.06346925160025291,0.0,0.02645085970358567,4.909293564734613e-07,1.7596690735703305e-09,3.925045175814603e-06,3.0808906255725195e-07,1.2699496156124025e-08,8.668269395859986e-09,3.127956665772013e-06,1.051450661024531e-05,0.00041993546179824946,2.938172144701653e-08,8.413612129419804e-07,2.574342635522351e-26,4.4450707615355794e-15
2.819650757464476e-06,0.05595639656,0.054,0.0,0.0,0.0028331065909553326,0.8646623977183532,0.003790734728504853,0.0010456668660423015,5.237338492737659e-10,0.06346848310843674,0.0,0.02645384851143663,4.905464685172119e-07,1.7559686659337523e-09,3.920259287172069e-06,3.075805459207483e-07,1.2689601838749797e-08,8.66038276343435e-09,3.125330268897916e-06,1.0506865174126086e-05,0.0004200925844504129,2.9316936632353704e-08,8.404178383204511e-07,2.583622489776359e-26,4.446075357961599e-15
2.823449565759896e-06,0.05595639656,0.054,0.0,0.0,0.0028299929546852097,0.8646602530284465,0.003791893488387627,0.0010459810024909262,5.246756151383821e-10,0.0634677158084619,0.0,0.02645682982810449,4.901644538066224e-07,1.7522813593737202e-09,3.915486075793704e-06,3.0707366293099287e-07,1.267973249060905e-08,8.652513843794749e-09,3.1227098648014456e-06,1.0499238919121414e-05,0.00042024953076480985,2.925237845377682e-08,8.394766913008636e-07,2.5929224619099284e-26,4.4470775495326766e-15
2.8272483740553165e-06,0.05595639656,0.054,0.0,0.0,0.0028268869038602295,0.8646581130522066,0.003793050445296464,0.0010462946122018102,5.256177268497172e-10,0.06346694969669757,0.0,0.02645980368109611,4.897833092549691e-07,1.748607193755781e-09,3.910725491708349e-06,3.0656840610713465e-07,1.2669883385863539e-08,8.644662233512558e-09,3.1200954325379196e-06,1.0491627799808718e-05,0.00042040630122168644,2.918804585110171e-08,8.385377642108163e-07,2.6022425664561695e-26,4.448077344652508e-15
2.8306673015211948e-06,0.05595639656,0.054,0.0,0.0,0.0028240979208019974,0.8646561910900105,0.003794090169519958,0.001046576411936658,5.264659227662544e-10,0.06346626120904149,0.0,0.026462473789968462,4.89441020623207e-07,1.7453115664091163e-09,3.906451721264571e-06,3.0611505919484454e-07,1.2661038848227756e-08,8.637610693216003e-09,3.1177475322634457e-06,1.0484790696561884e-05,0.00042054724466938334,2.9130338501079183e-08,8.376946215600486e-07,2.6106478857896396e-26,4.4489751181988e-15
2.834086228987073e-06,0.05595639656,0.054,0.0,0.0,0.0028213150394648208,0.864654272920309,0.0037951284417880016,0.0010468577875334068,5.273143982186742e-10,0.06346557367828305,0.0,0.026465137895294213,4.890994321174941e-07,1.7420264517578673e-09,3.90218810258723e-06,3.0566301806831785e-07,1.2652212275529011e-08,8.630573216425292e-09,3.1154044372704743e-06,1.0477965784458838e-05,0.0004206880464062221,2.9072812244223204e-08,8.368532653268418e-07,2.6190695347579297e-26,4.449870963452243e-15
2.8375051564529513e-06,0.05595639656,0.054,0.0,0.0,0.0028185382398596844,0.8646523585310689,0.0037961652660802097,0.001047138740178142,5.281631529238694e-10,0.06346488710180812,0.0,0.026467796016846342,4.887585415226304e-07,1.7387517765239957e-09,3.897934599768402e-06,3.052122773596388e-07,1.2643404522362187e-08,8.62354985629547e-09,3.113066132557746e-06,1.0471153031177757e-05,0.00042082870677760334,2.9015466317470233e-08,8.360136899938166e-07,2.627507523955492e-26,4.450764886450634e-15
2.8409240839188296e-06,0.05595639656,0.054,0.0,0.0,0.0028157675020867626,0.8646504479103087,0.003797200646362134,0.001047419271052292,5.290121865994213e-10,0.06346420147701258,0.0,0.026470448174312544,4.884183466341687e-07,1.7354875360148175e-09,3.893691177078643e-06,3.047628317350965e-07,1.263461394478346e-08,8.61654036670729e-09,3.1107326031217906e-06,1.0464352404081626e-05,0.0004209692261280996,2.8958299964716115e-08,8.351758900623396e-07,2.635961863948118e-26,4.451656893214611e-15
2.844343011384708e-06,0.05595639656,0.054,0.0,0.0,0.002813002806330491,0.8646485410460979,0.00379823458658191,0.0010476993813326484,5.298614989635976e-10,0.06346351680130262,0.0,0.026473094387292975,4.880788452620825e-07,1.7322336430110865e-09,3.889457798956711e-06,3.043146758940785e-07,1.2625841942755367e-08,8.609544951769512e-09,3.108403834123571e-06,1.0457563871296987e-05,0.00042110960480022403,2.890131242940253e-08,8.343398600610635e-07,2.6444325653282974e-26,4.452546989727927e-15
2.847761938850586e-06,0.05595639656,0.054,0.0,0.0,0.002810244132864718,0.8646466379265576,0.003799267090674259,0.0010479790721913847,5.307110897353504e-10,0.06346283307209445,0.0,0.026475734675303463,4.877400352169159e-07,1.728990092963032e-09,3.885234430017413e-06,3.038678045612536e-07,1.2617087023677239e-08,8.602563209006894e-09,3.1060798106423407e-06,1.045078740015971e-05,0.0004212498431362489,2.8844502964937146e-08,8.335055945332886e-07,2.6529196386345295e-26,4.453435181966003e-15
2.8511808663164644e-06,0.05595639656,0.054,0.0,0.0,0.0028074914620453417,0.8646447385398593,0.003800298162556149,0.0010482583447960824,5.315609586343125e-10,0.06346215028681437,0.0,0.026478369057773322,4.874019143230079e-07,1.725756797734765e-09,3.88102103502472e-06,3.034222124852514e-07,1.2608350760020184e-08,8.595595656106198e-09,3.103760518044784e-06,1.0444022959486067e-05,0.0004213899414755543,2.8787870819716745e-08,8.326730880560339e-07,2.661423094470922e-26,4.45432147585454e-15
2.8545997937823427e-06,0.05595639656,0.054,0.0,0.0,0.002804744774319018,0.8646428428742254,0.003801327806132287,0.0010485372003097542,5.324111053807958e-10,0.06346146844289861,0.0,0.026480997554048556,4.870644804110716e-07,1.7225337571809162e-09,3.876817578915529e-06,3.029778944437661e-07,1.2599631375318585e-08,8.58864142316333e-09,3.1014459414120453e-06,1.0437270516144494e-05,0.000421529900158641,2.8731415259322377e-08,8.318423352116207e-07,2.669942943324446e-26,4.455205877332544e-15
2.858018721248221e-06,0.05595639656,0.054,0.0,0.0,0.0028020040502101428,0.8646409509179287,0.003802356025288433,0.0010488156398908701,5.332615296957882e-10,0.0634607875377935,0.0,0.026483620183389733,4.867277313242121e-07,1.7193208831231228e-09,3.872624026781747e-06,3.025348452429568e-07,1.2590930581107543e-08,8.581701702356195e-09,3.099136066416659e-06,1.0430530040167434e-05,0.0004216697195211314,2.8675135533886005e-08,8.310133306292229e-07,2.6784791958414145e-26,4.456088392257971e-15
2.861437648714099e-06,0.05595639656,0.054,0.0,0.0,0.0027992692703377245,0.8646390626592915,0.0038033828239000824,0.0010490936646933735,5.341122313009507e-10,0.06346010756895508,0.0,0.026486236964974652,4.863916649143367e-07,1.7161181718946692e-09,3.868440343892859e-06,3.0209305971791813e-07,1.2582246486493741e-08,8.574774599732859e-09,3.09683087798106e-06,1.042380149715231e-05,0.00042180939990275136,2.8619030925693505e-08,8.301860689224711e-07,2.687031862410358e-26,4.456969026549641e-15
2.8645146834333898e-06,0.05595639656,0.054,0.0,0.0,0.0027968130348132343,0.8646373663784054,0.0038043057312710737,0.0010493435333300243,5.348780995991863e-10,0.06345949639541394,0.0,0.026488587084352214,4.860897870649286e-07,1.7132443551363508e-09,3.864683438913144e-06,3.0169652894025227e-07,1.2574446493555428e-08,8.568552901067826e-09,3.094760203912741e-06,1.0417755987861938e-05,0.0004219349936913027,2.8568685882135377e-08,8.294430191487922e-07,2.6947433052020506e-26,4.457759994246462e-15
2.8675917181526803e-06,0.05595639656,0.054,0.0,0.0,0.0027943615844689294,0.8646356730747624,0.003805227493927243,0.0010495930677619505,5.356441920755838e-10,0.06345888597635564,0.0,0.02649093249637637,4.857884588955834e-07,1.710378688110049e-09,3.8609344749157604e-06,3.0130101384820725e-07,1.25666605519868e-08,8.562341683024481e-09,3.0926933037241742e-06,1.041172009624252e-05,0.00042206047541986047,2.8518481558333707e-08,8.287013728997269e-07,2.702468059606515e-26,4.4585494475980234e-15
2.870361049400042e-06,0.05595639656,0.054,0.0,0.0,0.00279215935894737,0.8646341516400747,0.003806056103893658,0.0010498173636932858,5.363338668101048e-10,0.06345833724277,0.0,0.026493039353824695,4.855177322371154e-07,1.7078065362847026e-09,3.857567176197663e-06,3.009459156074827e-07,1.2559665153542283e-08,8.5567613851446e-09,3.090836311785629e-06,1.040629599921663e-05,0.0004221733133633783,2.8473417539279553e-08,8.280350881066808e-07,2.7094317264116264e-26,4.4592586643190474e-15
2.8731303806474035e-06,0.05595639656,0.054,0.0,0.0,0.0027899609879744078,0.8646326326040328,0.0038068837909310824,0.0010500413901971394,5.37023722819094e-10,0.06345778911749708,0.0,0.026495142419530753,4.852474484427036e-07,1.7052409310266207e-09,3.85420627128193e-06,3.005916343727556e-07,1.2552681304550915e-08,8.551189866556932e-09,3.0889823606327166e-06,1.0400879657861547e-05,0.0004222860609106367,2.8428466690008826e-08,8.273699342358441e-07,2.7164061874514525e-26,4.459966660906414e-15
2.875899711894765e-06,0.05595639656,0.054,0.0,0.0,0.0027877664614470122,0.8646311159605489,0.003807710557061951,0.001050265147876063,5.377137599562308e-10,0.06345724159920837,0.0,0.02649724170348822,4.849776063903408e-07,1.7026818535428199e-09,3.850851742091319e-06,3.0023816746279865e-07,1.2545708872915372e-08,8.545627079921864e-09,3.087131442666737e-06,1.0395471055527907e-05,0.0004223987182375045,2.8383628630097237e-08,8.267059084906041e-07,2.7233914483095044e-26,4.4606734404214964e-15
2.8786690431421267e-06,0.05595639656,0.054,0.0,0.0,0.0027855757692966158,0.8646296017035565,0.003808536404302062,0.0010504886373307119,5.384039780754776e-10,0.06345669468657957,0.0,0.02649933721565583,4.847082049634146e-07,1.7001292856299105e-09,3.847503570619047e-06,2.998855122092404e-07,1.2538747725524416e-08,8.54007328881179e-09,3.0852835503731516e-06,1.0390070176125757e-05,0.0004225112855187645,2.833890297693407e-08,8.260430080801223e-07,2.7303875145921004e-26,4.461379005906853e-15
2.8826143108734593e-06,0.05595639656,0.054,0.0,0.0,0.0027824614497809533,0.8646274485599434,0.0038097113466184908,0.0010508065646684928,5.393875946437197e-10,0.06345591658278965,0.0,0.02650231604695192,4.843251668707701e-07,1.6965040124004136e-09,3.842744615744435e-06,2.9938450611552006e-07,1.2528850387573566e-08,8.53217646726725e-09,3.0826562013572e-06,1.0382389235790061e-05,0.00042267149688321904,2.8275378939105993e-08,8.251005594579485e-07,2.74037298176639e-26,4.462382083732823e-15
2.886559578604792e-06,0.05595639656,0.054,0.0,0.0,0.0027793548631458646,0.8646253002301968,0.0038108844338526743,0.0010511239505670436,5.403715778108644e-10,0.06345513970174482,0.0,0.026505287271858427,4.839430175947416e-07,1.6928918231962302e-09,3.837998476231014e-06,2.988851342879917e-07,1.2518976214252888e-08,8.524297227751621e-09,3.0800349559238114e-06,1.0374723887845661e-05,0.00042283152635318253,2.8212081189110148e-08,8.241603811155273e-07,2.750380406658071e-26,4.463382712546592e-15
2.8905048463361244e-06,0.05595639656,0.054,0.0,0.0,0.002776255980647768,0.8646231566969933,0.0038120556717674095,0.001051440796743348,5.41355927157629e-10,0.063454364039659,0.0,0.02650825091880546,4.835617539440842e-07,1.6892926749980494e-09,3.8332651007107126e-06,2.9838738912459137e-07,1.2509124568970774e-08,8.516436128766179e-09,3.077419792569343e-06,1.0367074085915092e-05,0.0004229913744288105,2.8149008640107925e-08,8.232224650896862e-07,2.760409805430841e-26,4.4643809010449125e-15
2.894450114067457e-06,0.05595639656,0.054,0.0,0.0,0.002773164773686524,0.864621017943094,0.003813225066100054,0.0010517571049067352,5.423406422658839e-10,0.063453589592763,0.0,0.02651120701608142,4.831813727462528e-07,1.6857064981222633e-09,3.828544438088178e-06,2.9789126306878384e-07,1.2499295514703059e-08,8.50859326150122e-09,3.0748106897738805e-06,1.0359439783140532e-05,0.0004231510416089017,2.8086160215830525e-08,8.222868034477527e-07,2.770461194195794e-26,4.4653766578969e-15
2.8983953817987895e-06,0.05595639656,0.054,0.0,0.0,0.0027700812138067637,0.8646188839513438,0.003814392622563454,0.0010520728767589257,5.433257227186478e-10,0.06345281635730424,0.0,0.026514155591833732,4.828018708462172e-07,1.6821331943730983e-09,3.823836437538689e-06,2.9739674860944297e-07,1.2489489801657605e-08,8.500767465939716e-09,3.072207625833439e-06,1.0351820930931165e-05,0.0004233105283923055,2.802353485881742e-08,8.213533882825419e-07,2.7805345889455104e-26,4.466369991766384e-15
2.902340649530122e-06,0.05595639656,0.054,0.0,0.0,0.002767005272691077,0.8646167547046709,0.0038155583468445897,0.0010523881139940724,5.443111681000816e-10,0.06345204432954668,0.0,0.026517096674071393,4.824232450984149e-07,1.6785727192278478e-09,3.819141048510663e-06,2.96903838280515e-07,1.24797068540115e-08,8.49295880661627e-09,3.0696105794457487e-06,1.0344217482684696e-05,0.0004234698352736496,2.7961131506540522e-08,8.204222117329456e-07,2.790630005766941e-26,4.467360911241528e-15
2.9062859172614546e-06,0.05595639656,0.054,0.0,0.0,0.0027639369221580446,0.8646146301860864,0.0038167222446041024,0.0010527028182988102,5.452969779954852e-10,0.06345127350577082,0.0,0.026520030290665478,4.820454923709834e-07,1.675025055184408e-09,3.814458220721482e-06,2.964125246604709e-07,1.2469945487618022e-08,8.48516883900666e-09,3.067019529744341e-06,1.0336629394298392e-05,0.0004236289627427867,2.7898949087844934e-08,8.194932659884283e-07,2.8007474608622757e-26,4.4683494248278124e-15
2.910231184992787e-06,0.05595639656,0.054,0.0,0.0,0.0027608761341722902,0.864612510378684,0.0038178843214793185,0.0010530169913522854,5.462831519912918e-10,0.06345050388227343,0.0,0.026522956469347107,4.816686095583284e-07,1.6714900745707233e-09,3.809787904147179e-06,2.959228003720628e-07,1.2460207192868385e-08,8.477396142302588e-09,3.0644344552565565e-06,1.032905661741151e-05,0.0004237879112926146,2.7836986566002263e-08,8.185665432471988e-07,2.81088697016501e-26,4.4693355410757e-15
2.9141764527241197e-06,0.05595639656,0.054,0.0,0.0,0.002757822880834151,0.8646103952656387,0.0038190445830824904,0.0010533306348262128,5.472696896750622e-10,0.06344973545536765,0.0,0.026525875237711966,4.812925935600602e-07,1.667967731565766e-09,3.8051300490335974e-06,2.954346580821159e-07,1.2450491495737363e-08,8.469640481296573e-09,3.0618553349162447e-06,1.0321499105495218e-05,0.00042394668141198367,2.7775242900507146e-08,8.176420357536464e-07,2.821048549701864e-26,4.470319268461465e-15
2.9181217204554522e-06,0.05595639656,0.054,0.0,0.0,0.002754777134378404,0.8646082848302068,0.0038202030350004247,0.0010536437503849256,5.482565906354794e-10,0.0634489682213827,0.0,0.02652878662322051,4.809174412894537e-07,1.664458000648881e-09,3.80048460589026e-06,2.949480905011255e-07,1.2440797420707382e-08,8.461902635964387e-09,3.059282147984752e-06,1.0313956813781896e-05,0.0004241052735858554,2.7713717046829085e-08,8.167197357975178e-07,2.8312322155745045e-26,4.471300615392957e-15
2.9220669881867848e-06,0.05595639656,0.054,0.0,0.0,0.0027517388671784537,0.8646061790557258,0.0038213596827954507,0.0010539563396853896,5.492438544623469e-10,0.063448202176664,0.0,0.026531690653196407,4.805431496833489e-07,1.660960779392643e-09,3.795851525482238e-06,2.9446309038248793e-07,1.2431125833663487e-08,8.454182364321197e-09,3.0567148735575424e-06,1.0306429696284733e-05,0.00042426368829878307,2.7652407975005357e-08,8.157996356956595e-07,2.841437983782233e-26,4.4722795902681625e-15
2.9260122559181173e-06,0.05595639656,0.054,0.0,0.0,0.0027487080517462834,0.8646040779256139,0.0038225145320064957,0.0010542684043772482,5.502314807465831e-10,0.06344743731757292,0.0,0.02653458735482877,4.801697156901254e-07,1.657475980988771e-09,3.7912307588351777e-06,2.9397965052288846e-07,1.2421477307703595e-08,8.446478499495948e-09,3.054153490645278e-06,1.0298917705638912e-05,0.0004244219260349975,2.7591314671628024e-08,8.148817277907249e-07,2.8516658702359134e-26,4.473256201471781e-15
2.92995752364945e-06,0.05595639656,0.054,0.0,0.0,0.002745684660722854,0.864601981423368,0.003823667588146969,0.0010545799461028865,5.512194690802147e-10,0.0634466736404868,0.0,0.026537476755175243,4.797971362630056e-07,1.654003621823157e-09,3.7866222572388553e-06,2.9349776376203866e-07,1.2411849931959404e-08,8.438792323755804e-09,3.0515979789315277e-06,1.0291420798308243e-05,0.00042457998727245976,2.7530436106441087e-08,8.139660044824144e-07,2.8619158910475416e-26,4.474230457279351e-15
2.9339027913807824e-06,0.05595639656,0.054,0.0,0.0,0.0027426686668849567,0.8645998895325652,0.0038248188567061824,0.0010548909664974732,5.522078190563709e-10,0.06344591114179864,0.0,0.02654035888115929,4.794254083821559e-07,1.6505436050557127e-09,3.7820259722312626e-06,2.9301742298187507e-07,1.2402244387926863e-08,8.431123866457055e-09,3.049048317867691e-06,1.0283938929277025e-05,0.0004247378724890878,2.7469771264801892e-08,8.130524581949207e-07,2.872188062204975e-26,4.475202365964315e-15
2.9374535323389816e-06,0.05595639656,0.054,0.0,0.0,0.0027399605746354634,0.8645980107601168,0.003825853474546239,0.0010551704404602193,5.530976429038788e-10,0.0634452258975412,0.0,0.026542946597110536,4.790915788761754e-07,1.6474400610885892e-09,3.7778997210584474e-06,2.9258643224405357e-07,1.2393618851953149e-08,8.42423612297908e-09,3.0467586080378382e-06,1.0277218065692982e-05,0.00042487981908202087,2.7415354821264575e-08,8.12232121642035e-07,2.881451967886771e-26,4.476075083834878e-15
2.9410042732971807e-06,0.05595639656,0.054,0.0,0.0,0.002737258432506346,0.8645961356978367,0.0038268866528411837,0.0010554494946453982,5.539877590580972e-10,0.06344454160227006,0.0,0.026545528461971703,4.787584344980872e-07,1.6443464340264692e-09,3.7737832913061108e-06,2.9215668288862065e-07,1.2385010651038554e-08,8.417362531241153e-09,3.0444736058100393e-06,1.0270509313612267e-05,0.0004250216238297574,2.73611099505816e-08,8.114135368897245e-07,2.890733839912503e-26,4.476945913189707e-15
2.94455501425538e-06,0.05595639656,0.054,0.0,0.0,0.0027345622209283393,0.864594264333916,0.0038279183955435346,0.0010557281302301792,5.548781672246951e-10,0.06344385825338825,0.0,0.02654810449509731,4.784259730753457e-07,1.6412626643247085e-09,3.769676648170619e-06,2.9172816981336636e-07,1.2376420074667682e-08,8.41050272583654e-09,3.0421932963346887e-06,1.0263812639916062e-05,0.0004251632870772524,2.7307035929841355e-08,8.105966984829877e-07,2.9000336898808795e-26,4.477814859991509e-15
2.948105755213579e-06,0.05595639656,0.054,0.0,0.0,0.0027318719204172566,0.8645923966565955,0.0038289487065901262,0.0010560063483870932,5.557688671100535e-10,0.06344317584830908,0.0,0.02655067471575709,4.780941924421718e-07,1.6381887094065613e-09,3.765579757013377e-06,2.9130088794346856e-07,1.236784711971751e-08,8.403656656764801e-09,3.039917664891684e-06,1.0257128012055632e-05,0.00042530480916763144,2.7253132037447907e-08,8.097816009918361e-07,2.909351529412138e-26,4.478681930168686e-15
2.951656496171778e-06,0.05595639656,0.054,0.0,0.0,0.002729187511574278,0.864590532654168,0.003829977589902419,0.0010562841502840539,5.566598584212646e-10,0.0634424943844559,0.0,0.026553239143136252,4.777630904419469e-07,1.6351245268185868e-09,3.761492583358779e-06,2.908748322306358e-07,1.235929166095973e-08,8.396824287153355e-09,3.037646696830801e-06,1.0250455397633837e-05,0.00042544619044267623,2.719939755513125e-08,8.089682390085577e-07,2.9186873701190657e-26,4.47954712962484e-15
2.955207237129977e-06,0.05595639656,0.054,0.0,0.0,0.0027265089750854936,0.8645886723149754,0.0038310050493864595,0.0010565615370843782,5.575511408661277e-10,0.06344181385926212,0.0,0.02655579779633578,4.774326649276879e-07,1.6320700726771707e-09,3.75741509289207e-06,2.904499976529631e-07,1.2350753697326498e-08,8.390005573480147e-09,3.035380377560682e-06,1.024379476434551e-05,0.0004255874312429006,2.7145831768693447e-08,8.081566071474775e-07,2.928041223607027e-26,4.48041046423898e-15
2.9587579780881763e-06,0.05595639656,0.054,0.0,0.0,0.0027238362917214967,0.8645868156274105,0.003832031088933048,0.00105683850994681,5.584427141531475e-10,0.06344113427017128,0.0,0.026558350694372995,4.771029137615253e-07,1.6290253051527749e-09,3.7533472514595985e-06,2.9002637921544183e-07,1.2342233153064072e-08,8.383200475241223e-09,3.0331186925519333e-06,1.0237146080009519e-05,0.0004257285319075182,2.7092433967606024e-08,8.073467000452653e-07,2.937413101473968e-26,4.481271939865618e-15
2.9623087190463754e-06,0.05595639656,0.054,0.0,0.0,0.00272116944233686,0.8645849625799152,0.0038330557124177777,0.0010571150700255448,5.593345779915303e-10,0.0634404556146367,0.0,0.026560897856181973,4.7677383481448257e-07,1.6259901819753733e-09,3.7492890250678327e-06,2.896039719495857e-07,1.233372996848988e-08,8.376408950917385e-09,3.03086162733668e-06,1.0230509312555652e-05,0.00042586949277446316,2.703920344510667e-08,8.065385123604558e-07,2.9468030153104335e-26,4.482131562334919e-15
2.9658594600045746e-06,0.05595639656,0.054,0.0,0.0,0.0027185084078696726,0.8645831131609815,0.003834078923701115,0.0010573912184702523,5.60226732091183e-10,0.06343977789012169,0.0,0.026563439300614052,4.764454259668015e-07,1.6229646608196589e-09,3.745240379882131e-06,2.891827709128812e-07,1.2325244100370297e-08,8.36963095970878e-09,3.028609167507841e-06,1.0223884430027023e-05,0.00042601031418039497,2.6986139498151275e-08,8.057320387732671e-07,2.956210976699585e-26,4.482989337452824e-15
2.972960941920973e-06,0.05595639656,0.054,0.0,0.0,0.002713203707854997,0.8645794251630126,0.0038361211250303472,0.0010579422850337703,5.620119099174048e-10,0.0634384252240529,0.0,0.026568505112341618,4.7579061013541843e-07,1.6169422581915978e-09,3.737171698579222e-06,2.883439678869408e-07,1.2308324075138522e-08,8.356115413471977e-09,3.024118006684008e-06,1.0210670192481608e-05,0.0004262915399495187,2.688050853715075e-08,8.041242127211491e-07,2.97508108843176e-26,4.484699368737766e-15
2.980062423837371e-06,0.05595639656,0.054,0.0,0.0,0.0027079220408356163,0.8645757515424181,0.0038381577235049548,0.0010584917187450686,5.637982453249562e-10,0.06343707625186769,0.0,0.026573548278728067,4.7513844948885235e-07,1.6109577656123768e-09,3.729140940016561e-06,2.875099311149691e-07,1.2291472642701855e-08,8.34265351204782e-09,3.019645096030558e-06,1.0197503113963875e-05,0.00042657221188290717,2.677553553375062e-08,8.025231797623851e-07,2.994023529188653e-26,4.486402079688124e-15
2.9871639057537693e-06,0.05595639656,0.054,0.0,0.0,0.0027026632572773853,0.8645720922088884,0.0038401887494720053,0.0010590395286408784,5.655857360180064e-10,0.06343573095362405,0.0,0.02657856894765002,4.7448892739003494e-07,1.6050108549379085e-09,3.721147839144586e-06,2.8668062198384497e-07,1.2274689375605957e-08,8.329244933529195e-09,3.0151903224522417e-06,1.0184382942844275e-05,0.00042685233262858047,2.667121499516091e-08,8.009288981128337e-07,3.0130383913712194e-26,4.488097515891835e-15
2.9942653876701676e-06,0.05595639656,0.054,0.0,0.0,0.0026974272089397063,0.8645684470728813,0.0038422142330438074,0.0010595857236876667,5.673743797116678e-10,0.063434389309534,0.0,0.02658356726570243,4.7384202734247867e-07,1.5991012019223789e-09,3.7131921333697773e-06,2.858560022833217e-07,1.225797384287089e-08,8.315889358744009e-09,3.010753573798412e-06,1.0171309429258078e-05,0.00042713190481476237,2.656754148591299e-08,7.993413263269921e-07,3.03212576726368e-26,4.489785722561027e-15
3.008468351502964e-06,0.05595639656,0.054,0.0,0.0,0.0026870227313479634,0.8645611990390518,0.0038462486922910422,0.0010606733047529183,5.709551170155041e-10,0.06343171690542222,0.0,0.026593497429252596,4.725560281094303e-07,1.5873923883925188e-09,3.6973918688471974e-06,2.842206803185392e-07,1.2224744304778556e-08,8.289335956084831e-09,3.00193370732568e-06,1.0145301383962287e-05,0.00042768941392374617,2.6362114095858942e-08,7.961861482354296e-07,3.07051842873431e-26,4.493140626288203e-15
3.0226713153357606e-06,0.05595639656,0.054,0.0,0.0,0.0026767074474796392,0.8645540067396261,0.0038502613375381977,0.00106175453229374,5.745404391731425e-10,0.0634290588842464,0.0,0.026603339917026795,4.7128032257233304e-07,1.5758287996019193e-09,3.6817380937506616e-06,2.826036674098662e-07,1.219178069092705e-08,8.26299080093007e-09,2.9931846179256867e-06,1.0119477013888566e-05,0.0004282447598471804,2.615921099912917e-08,7.930573205609144e-07,3.109202249557295e-26,4.496467145195587e-15
3.036874279168557e-06,0.05595639656,0.054,0.0,0.0,0.002666480216574029,0.8645468694850627,0.0038542524014677604,0.0010628294755828593,5.781303282911945e-10,0.0634264150930855,0.0,0.026613095857035578,4.700147836670476e-07,1.5644079647964874e-09,3.6662287929022815e-06,2.8100467188137314e-07,1.215907971671697e-08,8.2368514300056e-09,2.9845054414034834e-06,1.0093834382140177e-05,0.0004287979629180592,2.595879070353743e-08,7.899545235780869e-07,3.1481779638511815e-26,4.4997656278381355e-15
3.0510772430013536e-06,0.05595639656,0.054,0.0,0.0,0.0026563399172689814,0.8645397865973345,0.0038582221132240865,0.001063898202834026,5.817247666437019e-10,0.06342378538133718,0.0,0.026622766358069705,4.687592864390656e-07,1.5531274661341744e-09,3.650861987795019e-06,2.7942340803446537e-07,1.2126638159194241e-08,8.210915419051066e-09,2.975895327756925e-06,1.006837157865474e-05,0.00042934904317102306,2.576081256774511e-08,7.868774426616197e-07,3.187446303910853e-26,4.503036417116388e-15
3.06528020683415e-06,0.05595639656,0.054,0.0,0.0,0.002646285447190279,0.8645327574096878,0.0038621706984826136,0.0010649607812227195,5.853237366696823e-10,0.06342116960067247,0.0,0.02663235251010735,4.675137079995803e-07,1.5419849378174804e-09,3.6356357357662346e-06,2.778595959992341e-07,1.2094452840171728e-08,8.185180382101802e-09,2.967353440885117e-06,1.0043086719755607e-05,0.00042989802034818116,2.5565236780360086e-08,7.838257681840811e-07,3.2270080002218336e-26,4.50627985039027e-15
3.0794831706669466e-06,0.05595639656,0.054,0.0,0.0,0.002636315722551004,0.8645257812664086,0.003866098379517476,0.001066017276906381,5.889272209707217e-10,0.06341856760499158,0.0,0.026641855384711307,4.6627792748226484e-07,1.5309780643362568e-09,3.6205481291910516e-06,2.763129615910989e-07,1.206252063814327e-08,8.159643970688468e-09,2.958878958303782e-06,1.0017977947711426e-05,0.0004304449139048027,2.537202433962783e-08,7.807991954166255e-07,3.266863781474438e-26,4.509496259590226e-15
3.093686134499743e-06,0.05595639656,0.054,0.0,0.0,0.002626429677760745,0.8645188575225918,0.0038700053752675715,0.0010670677550441768,5.925352023086104e-10,0.06341597925038073,0.0,0.026651276035416466,4.6505182600199143e-07,1.5201045792820933e-09,3.6055972946974897e-06,2.747832361694763e-07,1.2030838484045797e-08,8.134303873130308e-09,2.9504710708671867e-06,9.993043430302309e-06,0.00043098974301487885,2.518113703376265e-08,7.777974244339716e-07,3.3070143745776514e-26,4.512685971325805e-15
3.1078890983325396e-06,0.05595639656,0.054,0.0,0.0,0.0026166262650447135,0.864511985543918,0.00387389190140105,0.0010681122798162942,5.961476636030289e-10,0.06341340439507007,0.0,0.0266606154981075,4.6383528661421017e-07,1.509362264247073e-09,3.5907813924038834e-06,2.7327015650103597e-07,1.1999403354924882e-08,8.109157813794075e-09,2.9421289824970403e-06,9.968281360395027e-06,0.00043153252657654874,2.499253742183899e-08,7.748201600214808e-07,3.347460504672887e-26,4.515849306991654e-15
3.122092062165336e-06,0.05595639656,0.054,0.0,0.0,0.002606904454072587,0.864505164706436,0.0038777581703782447,0.0010691509144427726,5.997645879292764e-10,0.06341084289939232,0.0,0.02666987479138683,4.626281942750784e-07,1.498748947390936e-09,3.576098615176099e-06,2.717734646275372e-07,1.196821227984697e-08,8.084203552396816e-09,2.933851909918181e-06,9.943689955526742e-06,0.0004320732832173919,2.4806188815180923e-08,7.718671115830921e-07,3.3882028951475424e-26,4.518986582870897e-15
3.1362950259981326e-06,0.05595639656,0.054,0.0,0.0,0.0025972632315966397,0.8644983943963498,0.003881604391513131,0.0010701837212018974,6.033859585160428e-10,0.06340829462574286,0.0,0.02667905491693349,4.61430435802995e-07,1.4882625023475863e-09,3.561547187903875e-06,2.7029290773707333e-07,1.193726233609472e-08,8.059438883324302e-09,2.9256390824006954e-06,9.919267457496633e-06,0.00043261203129959467,2.462205525926246e-08,7.689379930513245e-07,3.4292422676483693e-26,4.522098110236076e-15
3.150497989830929e-06,0.05595639656,0.054,0.0,0.0,0.002587701601098786,0.8644916740098116,0.0038854307710333613,0.001071210761448166,6.070117587432264e-10,0.06340575943854028,0.0,0.026688156859852985,4.6024189984092076e-07,1.477900847153541e-09,3.5471253667967025e-06,2.6882823803896867e-07,1.190655064564381e-08,8.034861634951818e-09,2.9174897415082214e-06,9.895012131965103e-06,0.000433148788924996,2.444010151614122e-08,7.660325228001921e-07,3.4705793420946923e-26,4.525184195447716e-15
3.1647009536637256e-06,0.05595639656,0.054,0.0,0.0,0.0025782185824462837,0.8644850029527192,0.0038892375121389092,0.0010722320956298391,6.106419721397888e-10,0.06340323720418821,0.0,0.026697181589018758,4.590624768194119e-07,1.467661942986222e-09,3.5328314386982433e-06,2.673792126423776e-07,1.1876074378953242e-08,8.0104696689917e-09,2.9094031408522142e-06,9.87092226806035e-06,0.0004336835739400162,2.426029304739225e-08,7.631504235602349e-07,3.512214836691423e-26,4.528245140050636e-15
3.178903917496522e-06,0.05595639656,0.054,0.0,0.0,0.002568813211555943,0.8644783806405197,0.0038930248150593583,0.0010732477833060915,6.142765823816528e-10,0.06340072779103764,0.0,0.026706130057405048,4.578920589208067e-07,1.457543793160843e-09,3.5186637204182674e-06,2.659455934382785e-07,1.1845830751589686e-08,7.986260879856094e-09,2.901378545852159e-06,9.84699617799241e-06,0.0004342164039404699,2.408259599749657e-08,7.602914223349714e-07,3.5541494679419225e-26,4.531281240867947e-15
3.1931068813293186e-06,0.05595639656,0.054,0.0,0.0,0.0025594845400665964,0.8644718064980151,0.0038967928771098605,0.001074257883163757,6.179155732896397e-10,0.06339823106935052,0.0,0.026715003202411665,4.567305400442326e-07,1.447544442135133e-09,3.504620558082031e-06,2.64527146984826e-07,1.181581702148772e-08,7.962233194026082e-09,2.893415233501506e-06,9.823232196674547e-06,0.0004347472962762658,2.3906977177677614e-08,7.574552503191191e-07,3.596383950660694e-26,4.5342927900928955e-15
3.207309845162115e-06,0.05595639656,0.054,0.0,0.0,0.0025502316350195665,0.8644652799591763,0.003900541892745814,0.001075262453033702,6.215589288274453e-10,0.06339574691126391,0.0,0.026723801946180792,4.555778157712672e-07,1.437661974364011e-09,3.490700326496717e-06,2.631236443959386e-07,1.1786030492133792e-08,7.938384569442438e-09,2.8855124921391977e-06,9.7996286813518e-06,0.0004352762680559977,2.3733404050194188e-08,7.546416428190072e-07,3.6389189979859125e-26,4.537280075378556e-15
3.2215128089949116e-06,0.05595639656,0.054,0.0,0.0,0.0025410535785468876,0.8644588004669588,0.0039042720536162897,0.001076261549906817,6.252066330996529e-10,0.06339327519075513,0.0,0.026732527195906075,4.5443378333260515e-07,1.4278945133801554e-09,3.476901428534051e-06,2.617348612329762e-07,1.1756468509491654e-08,7.914712994911024e-09,2.8776696212265667e-06,9.776184011236376e-06,0.0004358033361514292,2.3561844713071556e-08,7.518503391749066e-07,3.6817553213917865e-26,4.540243379925446e-15
3.235715772827708e-06,0.05595639656,0.054,0.0,0.0,0.0025319494675670774,0.8644523674731237,0.003907983548616249,0.001077255229949649,6.288586703497846e-10,0.06339081578360738,0.0,0.026741179844134294,4.532983415755386e-07,1.4182402208901483e-09,3.4632222945287094e-06,2.603605773994945e-07,1.1727128459253529e-08,7.89121648951479e-09,2.8698859311295077e-06,9.752896587149942e-06,0.00043632851720187593,2.33922678852426e-08,7.490810826849048e-07,3.724893630700769e-26,4.543182982567152e-15
3.2499187366605046e-06,0.05595639656,0.054,0.0,0.0,0.0025229184134882357,0.8644459804380639,0.003911676563937564,0.0010782435485196815,6.32515024958388e-10,0.0633883685673767,0.0,0.026749760769059685,4.5217139093200985e-07,1.408697295711882e-09,3.4496613816921794e-06,2.5900057703892053e-07,1.1698007770178323e-08,7.86789310204448e-09,2.8621607429057577e-06,9.729764831172573e-06,0.00043685182761848805,2.3224642892085276e-08,7.463336205303919e-07,3.76833463409562e-26,4.546099157853958e-15
3.264121700493301e-06,0.05595639656,0.054,0.0,0.0,0.002513959541918295,0.8644396388306326,0.003915351283118907,0.0010792265601802682,6.361756814411571e-10,0.06338593342135905,0.0,0.02675827083481121,4.510528333875529e-07,1.3992639729325086e-09,3.4362171735414893e-06,2.576546484350131e-07,1.1669103911257859e-08,7.844740910444138e-09,2.854493388097165e-06,9.706787186298247e-06,0.0004373732835884335,2.3058939651356103e-08,7.436077037033424e-07,3.812079038131288e-26,4.5489921761345865e-15
3.2783246643260976e-06,0.05595639656,0.054,0.0,0.0,0.0025050719923821936,0.8644333421279774,0.003919007887094487,0.0010802043187152302,6.398406244470903e-10,0.06338351022655858,0.0,0.026766710891732996,4.4994257245105953e-07,1.3899385231061714e-09,3.4228881793424206e-06,2.563225839151228e-07,1.1640414388333843e-08,7.821758021261885e-09,2.8468832085267777e-06,9.683962116096796e-06,0.00043789290107898687,2.2895128659507726e-08,7.409030869352929e-07,3.856127547746685e-26,4.551862303636077e-15
3.292527628158894e-06,0.05595639656,0.054,0.0,0.0,0.0024962549180457855,0.8644270898153776,0.0039226465542417325,0.0010811768771431319,6.435098387566788e-10,0.0633810988656564,0.0,0.026775081776658008,4.4884051312503715e-07,1.3807192512481435e-09,3.4096729335668134e-06,2.550041797561239e-07,1.1611936748165334e-08,7.798942569117598e-09,2.8393295561006776e-06,9.661288104382124e-06,0.0004384106958415268,2.2733180978372245e-08,7.382195286278194e-07,3.900480866276268e-26,4.5547098025418245e-15
3.3067305919916907e-06,0.05595639656,0.054,0.0,0.0,0.00248750748544631,0.864420881386086,0.003926267460427877,0.0010821442877312346,6.471833092801305e-10,0.0633786992229801,0.0,0.02678338431317529,4.477465618766281e-07,1.3716044960570082e-09,3.396569995363447e-06,2.536992360928543e-07,1.1583668576007813e-08,7.776292716185983e-09,2.8318317926143507e-06,9.638763654886581e-06,0.0004389266834154421,2.257306822219627e-08,7.35556790784495e-07,3.945139695461511e-26,4.557534931067901e-15
3.320933555824487e-06,0.05595639656,0.054,0.0,0.0,0.0024788288742292226,0.864414716341173,0.0039298707790555295,0.0010831066020091428,6.508610210556258e-10,0.06337631118447394,0.0,0.02679161931189087,4.4666062660948224e-07,1.362592629232518e-09,3.383577948042143e-06,2.5240755682908643e-07,1.1555607490742365e-08,7.7538066516829e-09,2.824389289563559e-06,9.6163872909414e-06,0.0004394408791319509,2.241476254502345e-08,7.329146389444026e-07,3.990104735462227e-26,4.560337943537609e-15
3.3351365196572837e-06,0.05595639656,0.054,0.0,0.0,0.002470218276891236,0.8644085941893755,0.003933456681107234,0.0010840638707821503,6.545429592476031e-10,0.06337393463766972,0.0,0.02679978757068248,4.455826166360651e-07,1.3536820545024467e-09,3.37069539857083e-06,2.5112894955095824e-07,1.1527751150199532e-08,7.73148259136658e-09,2.8170014279595173e-06,9.594157555163018e-06,0.0004399532981178351,2.2258236628414222e-08,7.302928421171436e-07,4.035376684867729e-26,4.56311909045441e-15
3.34933948349008e-06,0.05595639656,0.054,0.0,0.0,0.002461674898529369,0.8644025144469498,0.003937025335189036,0.0010850161441442903,6.582291091450759e-10,0.06337156947165815,0.0,0.026807889874948393,4.4451244265056193e-07,1.3448712068813793e-09,3.357920977085024e-06,2.4986322544267306e-07,1.1500097249828528e-08,7.709318777056278e-09,2.809667598148311e-06,9.572073009145215e-06,0.00044046395529909047,2.2103463669490406e-08,7.276911727192421e-07,4.0809562407078755e-26,4.565878618573188e-15
3.3635424473228767e-06,0.05595639656,0.054,0.0,0.0,0.0024531979565958818,0.8643964766375263,0.003940576907573106,0.0010859634714911013,6.619194561599821e-10,0.06336921557706114,0.0,0.02681592699785032,4.434500167026893e-07,1.3361585521452853e-09,3.345253336409367e-06,2.486101992044731e-07,1.1472643514924717e-08,7.68731347615156e-09,2.8023871996344267e-06,9.55013223315692e-06,0.0004409728654044975,2.1950417369292212e-08,7.251094065119068e-07,4.1268440984639873e-26,4.568616770969932e-15
3.377745411155673e-06,0.05595639656,0.054,0.0,0.0,0.0024447866806588925,0.8643904802919692,0.003944111562239429,0.0010869059015321126,6.656139858255582e-10,0.06336687284600444,0.0,0.026823899700550748,4.4239525217193527e-07,1.327542585873696e-09,3.332691151591069e-06,2.473696889728894e-07,1.1445387707542926e-08,7.665464981163162e-09,2.7951596409082824e-06,9.528333825845621e-06,0.0004414800429691125,2.179907192144184e-08,7.225473225401683e-07,4.173040952079596e-26,4.57133378710989e-15
3.3919483749884697e-06,0.05595639656,0.054,0.0,0.0,0.002436440312168553,0.8643845249482378,0.003947629460916572,0.0010878434823030643,6.693126837947478e-10,0.06336454117209088,0.0,0.026831808732444763,4.413480637421666e-07,1.319021832683183e-09,3.320233119444784e-06,2.461415162430564e-07,1.1418327628075481e-08,7.64377160926574e-09,2.787984339277629e-06,9.506676403946119e-06,0.0004419855023376823,2.164940200110439e-08,7.2000470307335e-07,4.2195474939711165e-26,4.574029902914208e-15
3.406151338821266e-06,0.05595639656,0.054,0.0,0.0,0.002428158104228627,0.8643786101512521,0.00395113076312159,0.0010887762611778524,6.730155358386323e-10,0.06336222045037437,0.0,0.026839654831386447,4.4030836737719405e-07,1.3105948459237133e-09,3.3078779581084588e-06,2.449255057930514e-07,1.139146110226889e-08,7.6222317018485e-09,2.780860720702803e-06,9.485158601994783e-06,0.00044248925766798494,2.150138275423694e-08,7.174813335468204e-07,4.266364415038323e-26,4.576705350825079e-15
3.4203543026540627e-06,0.05595639656,0.054,0.0,0.0,0.002419939321373314,0.8643727354527615,0.003954615626199053,0.001089704284880227,6.767225278448949e-10,0.06335991057733432,0.0,0.026847438723910173,4.3927608029687443e-07,1.3022602067480307e-09,3.2956244066100853e-06,2.437214856103438e-07,1.1364785989114231e-08,7.600843624070985e-09,2.773788219635607e-06,9.463779072048892e-06,0.00044299132293409646,2.1354989787115092e-08,7.149770025049738e-07,4.313492404674772e-26,4.579360359869506e-15
3.434557266486859e-06,0.05595639656,0.054,0.0,0.0,0.002411783239349187,0.864366900411216,0.003958084205359231,0.0010906275994952315,6.804336458163064e-10,0.06335761145085057,0.0,0.026855161125446714,4.382511209532714e-07,1.2940165231836782e-09,3.2834712244450677e-06,2.425292868201562e-07,1.1338300189596237e-08,7.5796057644483e-09,2.766766278861833e-06,9.442536483411156e-06,0.00044349171192958816,2.1210199156131207e-08,7.124915015454516e-07,4.3609321507780365e-26,4.581995155721627e-15
3.4487602303196557e-06,0.05595639656,0.054,0.0,0.0,0.0024036891449021177,0.8643611045916402,0.003961536653715483,0.0010915462504804026,6.841488758692412e-10,0.06335532297017911,0.0,0.026862822740534524,4.3723340900773297e-07,1.2858624301445525e-09,3.2714171911635662e-06,2.4134874361559646e-07,1.1312001625306752e-08,7.558516534433942e-09,2.7597943493472797e-06,9.421429522359329e-06,0.0004439904382706542,2.1066987357855183e-08,7.100246252645585e-07,4.4086843397598616e-26,4.58460996076371e-15
3.462963194152452e-06,0.05595639656,0.054,0.0,0.0,0.002395656335569041,0.8643553475655111,0.0039649731223208185,0.0010924602826767253,6.878682042322163e-10,0.06335304503592788,0.0,0.026870424263026146,4.362228653088328e-07,1.2777965886376873e-09,3.2594611059677823e-06,2.4017969318973614e-07,1.1285888243487568e-08,7.537574367994105e-09,2.7528718900871807e-06,9.400456891880654e-06,0.00044448751539917156,2.0925331319351806e-08,7.075761712038399e-07,4.4567496565561785e-26,4.587204994145825e-15
3.4771661579852487e-06,0.05595639656,0.054,0.0,0.0,0.002387684119474422,0.8643496289106363,0.0039683937602036905,0.0010933697403193636,6.915916172444585e-10,0.06335077755003354,0.0,0.02687796637628993,4.3521941187002236e-07,1.2698176843954426e-09,3.24760178731914e-06,2.3902197566951437e-07,1.125995804186418e-08,7.516777721222333e-09,2.745998367958937e-06,9.379617311411106e-06,0.0004449829565856956,2.0785208388743955e-08,7.051459397977839e-07,4.505128784637021e-26,4.589780471844184e-15
3.491369121818045e-06,0.05595639656,0.054,0.0,0.0,0.0023797718151313445,0.8643439482110391,0.003971798714403052,0.0010942746670481542,6.95319101354492e-10,0.06334852041573845,0.0,0.026885449753407273,4.3422297184787507e-07,1.2619244282694352e-09,3.2358380725546423e-06,2.3787543405116237e-07,1.123420903659244e-08,7.496125071960119e-09,2.739173257578137e-06,9.358909516579505e-06,0.00044547677493239103,2.0646596326017323e-08,7.027337343226323e-07,4.553822406016289e-26,4.5923366067182974e-15
3.5055720856508417e-06,0.05595639656,0.054,0.0,0.0,0.002371918751247061,0.8643383050568417,0.003975188130002643,0.0010951751059178887,6.990506431187537e-10,0.0633462735375683,0.0,0.02689287505736534,4.33233469521831e-07,1.2541155559556816e-09,3.2241688175121236e-06,2.3673991413736738e-07,1.1208639251762778e-08,7.475614919382018e-09,2.7323960411577097e-06,9.338332258956184e-06,0.00044596898337589984,2.0509473294058238e-08,7.003393608462758e-07,4.602831201261432e-26,4.594873608566821e-15
3.519775049483638e-06,0.05595639656,0.054,0.0,0.0,0.0023641242665328665,0.8643326990441529,0.003978562150164562,0.0010960710994083718,7.027862292002324e-10,0.0633440368213099,0.0,0.02690024294124552,4.322508302734985e-07,1.2463898256966009e-09,3.2125928961647907e-06,2.356152644762666e-07,1.1183246776125391e-08,7.45524578363058e-09,2.7256662083701096e-06,9.317884305806049e-06,0.0004464595946901506,2.0373817849919065e-08,6.979626281792025e-07,4.652155849503021e-26,4.597391684182275e-15
3.5339780133164347e-06,0.05595639656,0.054,0.0,0.0,0.0023563877095182594,0.8643271297749601,0.003981920916162136,0.0010969626894342759,7.065258463671271e-10,0.06334181017398995,0.0,0.026907554048407636,4.3127498056559676e-07,1.2387460188571536e-09,3.2011092002644027e-06,2.345013363017598e-07,1.115802972698399e-08,7.4350162054887845e-09,2.7189832562125743e-06,9.297564439846327e-06,0.0004469486214891068,2.0239608936302863e-08,6.956033478264635e-07,4.7017970284441705e-26,4.599891037404539e-15
3.5481809771492312e-06,0.05595639656,0.054,0.0,0.0,0.002348708438369239,0.8643215968570198,0.0039852645674121525,0.0010978499173547852,7.102694814915325e-10,0.06333959350385374,0.0,0.026914809012670137,4.303058479232421e-07,1.2311829411740494e-09,3.1897166389921824e-06,2.3339798347522784e-07,1.1132986191021161e-08,7.414924745971667e-09,2.7123466888752995e-06,9.277371459008697e-06,0.00044743607622945857,2.01068258732623e-08,6.932613339406451e-07,4.7517554143699124e-26,4.602371869173286e-15
3.5623839409820277e-06,0.05595639656,0.054,0.0,0.0,0.0023410858207105587,0.8643160999037536,0.003988593241506315,0.0010987328239830407,7.140171215481435e-10,0.06333738672034467,0.0,0.026922008458486166,4.2934336091548376e-07,1.2236994189271194e-09,3.178414138618323e-06,2.3230506242916663e-07,1.1108114332155273e-08,7.394969985954885e-09,2.7057560176123697e-06,9.25730417620529e-06,0.00044792197121325673,1.9975448350106632e-08,6.909364032758246e-07,4.8020316821563913e-26,4.604834377579202e-15
3.5765869048148242e-06,0.05595639656,0.054,0.0,0.0,0.0023335192334519436,0.8643106385341457,0.003991907074242113,0.0010996114495953949,7.177687536129839e-10,0.06333518973408388,0.0,0.02692915300111581,4.283874491345365e-07,1.2162942984909852e-09,3.167200642170098e-06,2.312224321121176e-07,1.1083412391196136e-08,7.375150525923967e-09,2.6992107606155253e-06,9.237361419099175e-06,0.00044840631859049447,1.9845456417510252e-08,6.886283751424713e-07,4.852626505280033e-26,4.607278757914203e-15
3.5907898686476207e-06,0.05595639656,0.054,0.0,0.0,0.002326008062618214,0.8643052123726418,0.003995206199653136,0.0011004858339404666,7.215243648621535e-10,0.06333300245685057,0.0,0.026936243246794684,4.274380431776294e-07,1.2089664512369774e-09,3.1560751091065605e-06,2.3014995393445836e-07,1.1058878508192664e-08,7.355464985589269e-09,2.6927104428907602e-06,9.217542029879337e-06,0.00044888913036163344,1.9716830479817505e-08,6.863370713632841e-07,4.903540555826531e-26,4.609705202720604e-15
3.6049928324804172e-06,0.05595639656,0.054,0.0,0.0,0.002318551703182977,0.8642998210490508,0.003998490750038601,0.001101356016248017,7.25283942570599e-10,0.06333082480156255,0.0,0.026943279792898595,4.264950746318501e-07,1.2017147683671843e-09,3.1450365150004726e-06,2.2908749171611514e-07,1.1034510874125975e-08,7.335912003444165e-09,2.686254596137341e-06,9.197844865038903e-06,0.000449370418380077,1.9589551287537703e-08,6.840623162299371e-07,4.954774504499803e-26,4.612113901839192e-15
3.6191957963132137e-06,0.05595639656,0.054,0.0,0.0,0.0023111495589059417,0.8642944641984489,0.00400176085599228,0.0011022220352376422,7.290474741109021e-10,0.06332865668225732,0.0,0.02695026322810465,4.255584760541284e-07,1.19453815548147e-09,3.1340838512295414e-06,2.2803491163599123e-07,1.1010307896752859e-08,7.3164902366118484e-09,2.6798427586293777e-06,9.178268795157218e-06,0.0004498501943545962,1.9463599930026442e-08,6.818039364607077e-07,5.006329020630779e-26,4.6145050424563064e-15
3.6333987601460102e-06,0.05595639656,0.054,0.0,0.0,0.002303801042174034,0.8642891414610865,0.0040050166464311,0.0011030839291272872,7.328149469520915e-10,0.06332649801407336,0.0,0.026957194132549114,4.2462818095118404e-07,1.1874355442736069e-09,3.1232161246738457e-06,2.2699208218155143e-07,1.0986267802152052e-08,7.297198360572146e-09,2.6734744751003054e-06,9.158812704687262e-06,0.0004503284698517029,1.9338957828345284e-08,6.795617611589783e-07,5.058204772186157e-26,4.616878809150027e-15
3.6476017239788067e-06,0.05595639656,0.054,0.0,0.0,0.002296505573845741,0.8642838524822929,0.004008258248622942,0.0011039417356415897,7.365863486584701e-10,0.06332434871323198,0.0,0.026964073077981657,4.2370412376844003e-07,1.1804058903952699e-09,3.1124323574175894e-06,2.2595887409978555e-07,1.0962388684746896e-08,7.278035068530723e-09,2.6671492966295013e-06,9.139475491745722e-06,0.0004508052562979741,1.9215606728297326e-08,6.773356217725846e-07,5.1104024257770046e-26,4.619235383935341e-15
3.6618046878116032e-06,0.05595639656,0.054,0.0,0.0,0.0022892625830985467,0.8642785969123904,0.0040114857882136085,0.0011047954920200517,7.403616668884646e-10,0.06332220869701943,0.0,0.026970900627915927,4.2278623987404324e-07,1.1734481535337037e-09,3.1017315864608553e-06,2.249351603509967e-07,1.0938669151682213e-08,7.258999071301274e-09,2.66086678053086e-06,9.120256067905132e-06,0.0004512805649823305,1.909352869363389e-08,6.751253520539771e-07,5.1629226466673004e-26,4.621574946308257e-15
3.6760076516443997e-06,0.05595639656,0.054,0.0,0.0,0.0022820715072802353,0.8642733744066026,0.004014699389253825,0.0011056452350250486,7.441408893934925e-10,0.06332007788376937,0.0,0.02697767733777754,4.218744655328994e-07,1.166561316080409e-09,3.0911128634400536e-06,2.2392081606248478e-07,1.0915107701100617e-08,7.24008909740442e-09,2.654626490244608e-06,9.101153357993047e-06,0.00045175440705827214,1.897270609942465e-08,6.729307880211948e-07,5.215766098782369e-26,4.62389767328922e-15
3.6902106154771962e-06,0.05595639656,0.054,0.0,0.0,0.0022749317917633693,0.8642681846249698,0.004017899174225741,0.0011064910009496779,7.479240040168471e-10,0.06331795619284579,0.0,0.026984403755048906,4.2096873789664125e-07,1.1597444013723651e-09,3.0805752543478616e-06,2.229157184816601e-07,1.0891702096348211e-08,7.221303892137274e-09,2.6484279952313644e-06,9.0821662998948e-06,0.00045222679354606096,1.885312162558729e-08,6.707517679196399e-07,5.268933444717218e-26,4.626203739465691e-15
3.7044135793099928e-06,0.05595639656,0.054,0.0,0.0,0.0022678428898018663,0.8642630272322646,0.004021085264067787,0.0011073328256254486,7.517109986926025e-10,0.0633158435446261,0.0,0.02699108041940983,4.2006899500051895e-07,1.152996424287073e-09,3.070117839260352e-06,2.219197469333667e-07,1.0868450978758328e-08,7.202642217102809e-09,2.642270870866888e-06,9.063293844353808e-06,0.00045269773533486326,1.873475825057962e-08,6.685881321846096e-07,5.322425345744798e-26,4.6284933170333905e-15
3.7186165431427893e-06,0.05595639656,0.054,0.0,0.0,0.0022608042623914392,0.8642579018979083,0.004024257778199911,0.0011081707444298191,7.555018614445327e-10,0.06331373986048477,0.0,0.02699770786287601,4.1917517573019263e-07,1.1463163969843645e-09,3.059739712081411e-06,2.2093278277903652e-07,1.0845353687388028e-08,7.184102851198641e-09,2.6361546983401986e-06,9.044534954780008e-06,0.00045316724318485694,1.8617599245238514e-08,6.664397234045556e-07,5.376242461824149e-26,4.6307665758370405e-15
3.7328195069755858e-06,0.05595639656,0.054,0.0,0.0,0.0022538153781341773,0.8642528082958899,0.004027416834549574,0.0011090047922935843,7.592965803850525e-10,0.06331164506277714,0.0,0.027004286609935913,4.182872197978996e-07,1.139703412249311e-09,3.0494399802839633e-06,2.1995470937140858e-07,1.0822407481988395e-08,7.165684589679529e-09,2.6300790645556446e-06,9.02588860706858e-06,0.00045363532772928547,1.8501628166762705e-08,6.643063862851209e-07,5.430385451608501e-26,4.633023683410797e-15
3.7470224708083823e-06,0.05595639656,0.054,0.0,0.0,0.002246875713103581,0.8642477461046881,0.004030562549574661,0.001109835003708117,7.630951437141709e-10,0.06330955907482352,0.0,0.027010817177682098,4.1740506776471974e-07,1.133156565605569e-09,3.0392177646431874e-06,2.1898541201241974e-07,1.079961007437174e-08,7.14738624212623e-09,2.6240435620333596e-06,9.007353789408018e-06,0.000454101999476469,1.838682885284885e-08,6.621879676138978e-07,5.484854972453225e-26,4.635264805016843e-15
3.7612254346411788e-06,0.05595639656,0.054,0.0,0.0,0.002239984750712157,0.8642427150071924,0.004033695038285658,0.0011106614127324667,7.668975397184641e-10,0.06330748182089378,0.0,0.027017300075939433,4.1652866101770473e-07,1.126674861871284e-09,3.029072199000529e-06,2.1802477791977405e-07,1.0776962752491332e-08,7.129206634735244e-09,2.6180477888112406e-06,8.988929502089556e-06,0.0004545672688117925,1.8273185415969854e-08,6.600843162258004e-07,5.539651680423754e-26,4.63749010368306e-15
3.7754283984739753e-06,0.05595639656,0.054,0.0,0.0,0.002233141981586452,0.8642377146906268,0.004036814414272319,0.001111484053000317,7.707037567700644e-10,0.06330541322619208,0.0,0.027023735807395807,4.1565794169740145e-07,1.1202574311971028e-09,3.019002430041337e-06,2.1707269618623288e-07,1.0754463238689339e-08,7.1111446113319e-09,2.6120913483560726e-06,8.970614757347103e-06,0.0004550311459996479,1.8160682237768733e-08,6.579952829691893e-07,5.594776230303402e-26,4.639699740241936e-15
3.7896313623067718e-06,0.05595639656,0.054,0.0,0.0,0.002226346903441644,0.8642327448464769,0.004039920789726588,0.0011123029577268094,7.745137833256628e-10,0.06330335321684202,0.0,0.027030124867726796,4.14792852737157e-07,1.1139035357866911e-09,3.0090076170269406e-06,2.1612905773185358e-07,1.0732105355889823e-08,7.09319902745335e-09,2.606173849471901e-06,8.952408579182587e-06,0.0004554936411853135,1.8049303963596178e-08,6.559207206727592e-07,5.650229275601071e-26,4.641893873367437e-15
3.8038343261395683e-06,0.05595639656,0.054,0.0,0.0,0.0022195990209523246,0.8642278051704162,0.004043014275458235,0.001113118159715232,7.783276079255307e-10,0.06330130171987193,0.0,0.027036467745710398,4.139333379195873e-07,1.1076121560127396e-09,2.99908693154996e-06,2.151937552758297e-07,1.0709892772895735e-08,7.075368751981187e-09,2.600294906200394e-06,8.93431000315653e-06,0.0004559547643968304,1.793903549720816e-08,6.538604841128832e-07,5.706011468558924e-26,4.64407265960829e-15
3.818037289972365e-06,0.05595639656,0.054,0.0,0.0,0.002212897845636593,0.8642228953622334,0.004046094980921497,0.0011139296913635786,7.821452191925543e-10,0.06329925866320057,0.0,0.027042764923351368,4.13079341724324e-07,1.1013822904805694e-09,2.989239557376691e-06,2.1426668331190023e-07,1.0687829199539889e-08,7.0576526761085824e-09,2.594454137739298e-06,8.916318076243793e-06,0.0004564145255468523,1.7829861995541404e-08,6.518144299815589e-07,5.76212346015994e-26,4.646236253425261e-15
3.830819957421882e-06,0.05595639656,0.054,0.0,0.0,0.002206906324185118,0.8642185018270426,0.004048856778106075,0.0011146569581617519,7.855842975959326e-10,0.06329742706978309,0.0,0.027048393702455605,4.123154182003364e-07,1.0958277209778978e-09,2.9804389367904872e-06,2.134392697964163e-07,1.0668084820597522e-08,7.041804942360486e-09,2.5892297749531902e-06,8.900215748452611e-06,0.00045682715412048426,1.7732529971044698e-08,6.499849903148939e-07,5.812906767469473e-26,4.648170624348214e-15
3.840435912251739e-06,0.05595639656,0.054,0.0,0.0,0.002202423579607334,0.8642152123818619,0.004050927663816841,0.0011152021272010535,7.881734068794815e-10,0.06329605366280008,0.0,0.02705260409991169,4.117436382443751e-07,1.0916813086133847e-09,2.9738568952883538e-06,2.1282112887156396e-07,1.0653307692384093e-08,7.029943135859965e-09,2.585319684718746e-06,8.88815855082323e-06,0.00045713684256288564,1.7659880908811575e-08,6.486162009496758e-07,5.851285976535464e-26,4.649617821286245e-15
3.850051867081597e-06,0.05595639656,0.054,0.0,0.0,0.002197961681647304,0.8642119362813211,0.004052992817820852,0.0011157456512680783,7.907642386308023e-10,0.06329468404136368,0.0,0.027056794104761136,4.111743238950063e-07,1.0875621317399772e-09,2.9673075187948052e-06,2.122066395841347e-07,1.063859697570104e-08,7.018132397873911e-09,2.5814266537947426e-06,8.876149136748218e-06,0.0004574459181354305,1.7587716738066556e-08,6.472537471693441e-07,5.889817125496992e-26,4.651058232502328e-15
3.859667821911455e-06,0.05595639656,0.054,0.0,0.0,0.002193520485697449,0.8642086734364567,0.004055052272702373,0.0011162875400023574,7.933567894044966e-10,0.06329331818401582,0.0,0.027060963859681157,4.1060745864945535e-07,1.0834701361149562e-09,2.960790566394283e-06,2.115957709861993e-07,1.0623945857703439e-08,7.006372402749154e-09,2.577550569276481e-06,8.864187222204518e-06,0.0004577543837961891,1.7516033109156385e-08,6.458975864587425e-07,5.928500415063883e-26,4.652491903799399e-15
3.869283776741312e-06,0.05595639656,0.054,0.0,0.0,0.0021890998484802916,0.8642054237591081,0.0040571060607732246,0.0011168278029638427,7.959510557716961e-10,0.06329195606947331,0.0,0.027065113506020415,4.1004302625944884e-07,1.0794048581742186e-09,2.9543057994152158e-06,2.1098849242432732e-07,1.0609360439883205e-08,6.994662778147274e-09,2.5736913192583323e-06,8.852272525385472e-06,0.0004580622424805501,1.744482572129797e-08,6.445476766780162e-07,5.967336045687721e-26,4.653918880569218e-15
3.877938136088184e-06,0.05595639656,0.054,0.0,0.0,0.0021851387353494667,0.8642025102354975,0.0040589496514102695,0.0011173126574312829,7.982873595138827e-10,0.06329073334903265,0.0,0.027068831110664007,4.0953710382840497e-07,1.0757688034963834e-09,2.9484968323467534e-06,2.104449861760578e-07,1.059628835906667e-08,6.984166956390194e-09,2.5702322960576696e-06,8.8415894383055e-06,0.00045833879873959083,1.7381142742502786e-08,6.433380678910951e-07,6.00241853031928e-26,4.655197473033043e-15
3.8857270595003685e-06,0.05595639656,0.054,0.0,0.0,0.002181587788359632,0.8641998970706993,0.004060604999802354,0.0011177479127591442,8.003912166056796e-10,0.06328963546547077,0.0,0.027072163209308272,4.090834376264005e-07,1.072514711682066e-09,2.943290747320513e-06,2.0995827782126378e-07,1.0584563294813344e-08,6.97475520669661e-09,2.5671306908260885e-06,8.83200699974712e-06,0.00045858728277139673,1.7324152400882915e-08,6.42253695172578e-07,6.034098529412462e-26,4.656343628001142e-15
3.893515982912553e-06,0.05595639656,0.054,0.0,0.0,0.0021780500795106454,0.8641972923909489,0.004062256686798433,0.001118182118158675,8.02496193255306e-10,0.06328854000028553,0.0,0.02707548236178309,4.0863133909808066e-07,1.0692777465699779e-09,2.9381053625249763e-06,2.094738715504065e-07,1.0572880046913088e-08,6.965375947117738e-09,2.564039934996949e-06,8.82245504698789e-06,0.0004588353737119185,1.7267467030790298e-08,6.411733499734682e-07,6.065878835041745e-26,4.657485470082855e-15
3.901304906324738e-06,0.05595639656,0.054,0.0,0.0,0.00217452553516052,0.8641946961508997,0.004063904729073404,0.0011186152785612159,8.046022876717245e-10,0.06328744694249416,0.0,0.027078788640735846,4.081807998515168e-07,1.0660578248676195e-09,2.9329405555510417e-06,2.0899175172072431e-07,1.056123718795894e-08,6.956029019761257e-09,2.560959970990689e-06,8.81293343450977e-06,0.00045908307307855893,1.7211084437524497e-08,6.40097010602273e-07,6.097759553244258e-26,4.6586230226366526e-15
3.908314937395704e-06,0.05595639656,0.054,0.0,0.0,0.0021713646404663968,0.8641923667135866,0.0040653848645777375,0.0011190042335005167,8.06498726862355e-10,0.06328646523978432,0.0,0.027081753344539383,4.077766408261514e-07,1.063174368075752e-09,2.9283097229267535e-06,2.0855978597229366e-07,1.055079270684344e-08,6.9476442818670275e-09,2.5581971831360635e-06,8.804389804694515e-06,0.0004593056689594719,1.7160597179790884e-08,6.391317123469847e-07,6.126538139928389e-26,4.6596431715594995e-15
3.91532496846667e-06,0.05595639656,0.054,0.0,0.0,0.002168214296888051,0.8641900440433716,0.004066862073277816,0.0011193923495093304,8.083960687029038e-10,0.06328548547031985,0.0,0.02708470773139821,4.073737320430342e-07,1.0603045141627138e-09,2.9236953721019546e-06,2.0812964848164455e-07,1.0540380922076418e-08,6.9392854701206325e-09,2.555443048954423e-06,8.79587052860181e-06,0.0004595279499801705,1.7110351837378408e-08,6.381696257693963e-07,6.155398223746133e-26,4.660659881542758e-15
3.922334999537636e-06,0.05595639656,0.054,0.0,0.0,0.0021650744518648315,0.8641877281078745,0.004068336367104395,0.0011197796301152978,8.102943119019045e-10,0.06328450762624235,0.0,0.027087651853159565,4.0697206751262014e-07,1.0574482029089787e-09,2.9190974158309204e-06,2.0770132812779767e-07,1.0530000886226603e-08,6.930952473461261e-09,2.5526975273203925e-06,8.787375502062145e-06,0.0004597499172276169,1.706034685102279e-08,6.372107353733166e-07,6.184339881772559e-26,4.661673169269948e-15
3.9293450306086015e-06,0.05595639656,0.054,0.0,0.0,0.002161945053184661,0.864185418874926,0.00406980775791784,0.001120166078825143,8.121934551723244e-10,0.06328353169973926,0.0,0.027090585761324937,4.065716412811965e-07,1.0546053357317047e-09,2.914515767475412e-06,2.0727481388344741e-07,1.05196525531105e-08,6.922645158549207e-09,2.5499605773720344e-06,8.778904621499255e-06,0.0004599715717827994,1.7010580674048068e-08,6.362550257610049e-07,6.213363191011759e-26,4.662683051317338e-15
3.936355061679567e-06,0.05595639656,0.054,0.0,0.0,0.0021588260489810306,0.8641831163125652,0.004071276257508579,0.0011205516991248355,8.14093497231539e-10,0.06328255768304374,0.0,0.02709350950705293,4.0617244743928614e-07,1.0517757935376252e-09,2.9099503410026587e-06,2.0685009480520265e-07,1.0509336843679064e-08,6.914363406065171e-09,2.547232158508517e-06,8.770457783925234e-06,0.0004601929147207774,1.6961051772242497e-08,6.353024816323922e-07,6.242468228397095e-26,4.663689544154811e-15
3.943365092750533e-06,0.05595639656,0.054,0.0,0.0,0.002155717387731541,0.8641808203890378,0.00407274187759914,0.0011209364944797452,8.15994436801308e-10,0.06328158556843425,0.0,0.027096423141163697,4.0577448011363356e-07,1.0489595312867254e-09,2.9054010509919403e-06,2.0642716003243816e-07,1.0499052513303338e-08,6.9061071151917015e-09,2.5445122303901786e-06,8.762034886944711e-06,0.0004604139471107163,1.6911758623729795e-08,6.343530877843067e-07,6.271655070791402e-26,4.664692664147314e-15
3.950375123821499e-06,0.05595639656,0.054,0.0,0.0,0.0021526190182538543,0.8641785310727954,0.004074204629843343,0.0011213204683348018,8.178962726077518e-10,0.06328061534823416,0.0,0.027099326714140257,4.053777334652589e-07,1.0461564646791727e-09,2.900867812620284e-06,2.0600599879481862e-07,1.0488799043292778e-08,6.897876151418692e-09,2.5418007529346138e-06,8.753635828743552e-06,0.0004606346700159391,1.6862699718860167e-08,6.33406829109696e-07,6.300923794987147e-26,4.665692427555118e-15
3.957385154892465e-06,0.05595639656,0.054,0.0,0.0,0.0021495308897021854,0.8641762483324921,0.004075664525826084,0.0011217036241146481,8.197990033813266e-10,0.06327964701481144,0.0,0.027102220276130566,4.049822016968311e-07,1.0433664538235334e-09,2.89635054164606e-06,2.0558660040512512e-07,1.0478578044247268e-08,6.889670391784924e-09,2.539097686313465e-06,8.745260508080521e-06,0.00046085508449397587,1.681387356009313e-08,6.32463690596878e-07,6.330274477706633e-26,4.666688850534397e-15
3.964395185963431e-06,0.05595639656,0.054,0.0,0.0,0.0021464529515667794,0.8641739721369848,0.004077121577066288,0.0011220859652237957,8.217026278568015e-10,0.06327868056057842,0.0,0.0271051038769529,4.0458787904848214e-07,1.040589465079333e-09,2.8918491544215016e-06,2.0516895425584624e-07,1.0468388144996754e-08,6.8814897483890404e-09,2.536402990953873e-06,8.736908824296644e-06,0.00046107519159659273,1.6765278661868025e-08,6.315236573288142e-07,6.359707195602248e-26,4.667681949139049e-15
3.971405217034397e-06,0.05595639656,0.054,0.0,0.0,0.002143385153669943,0.8641717024553304,0.004078575795016072,0.0011224674950467749,8.236071447732355e-10,0.06327771597799126,0.0,0.027107977566097008,4.041947597940656e-07,1.037825438607864e-09,2.8873635678861313e-06,2.047530498262753e-07,1.0458227999902226e-08,6.8733340858703e-09,2.533716627534644e-06,8.72858067730403e-06,0.00046129499236983963,1.671691355050103e-08,6.305867144823631e-07,6.389222025256599e-26,4.668671739320882e-15
3.9784152481053626e-06,0.05595639656,0.054,0.0,0.0,0.0021403274461614416,0.8641694392567844,0.004080027191059244,0.001122848216948288,8.255125528739531e-10,0.06327675325954976,0.0,0.027110841392724818,4.038028382455101e-07,1.0350742006619539e-09,2.882893699543821e-06,2.0433887667747647e-07,1.0448100265805385e-08,6.865203271895326e-09,2.5310385569812276e-06,8.720275967570549e-06,0.0004615144878541057,1.6668776764076625e-08,6.296528473275298e-07,6.418819043182712e-26,4.6696582369297105e-15
3.9854252791763284e-06,0.05595639656,0.054,0.0,0.0,0.0021372797795192323,0.8641671825107987,0.004081475776515543,0.0011232281342733567,8.274188509065218e-10,0.06327579239779703,0.0,0.027113695405677107,4.0341210875320314e-07,1.0323357220761302e-09,2.878439467477597e-06,2.039264244480533e-07,1.0438003759522522e-08,6.85709723584497e-09,2.52836874046904e-06,8.711994596136241e-06,0.0004617336790841385,1.6620866852314225e-08,6.287220412267578e-07,6.44849832582429e-26,4.6706414577156594e-15
3.992435310247294e-06,0.05595639656,0.054,0.0,0.0,0.002134242104546102,0.8641649321870221,0.00408292156264031,0.0011236072503474734,8.293260376227291e-10,0.06327483338531914,0.0,0.02711653965347512,4.030225657019967e-07,1.029609993043171e-09,2.87400079034561e-06,2.0351568286031415e-07,1.0427935471985752e-08,6.8490158450190425e-09,2.5257071394205798e-06,8.703736464605548e-06,0.00046195256708908886,1.6573182376469204e-08,6.277942816342072e-07,6.478259949555833e-26,4.6716214173295115e-15
3.99944534131826e-06,0.05595639656,0.054,0.0,0.0,0.0021312143723629527,0.8641626882552955,0.004084364560620624,0.001123985568476744,8.312341117785597e-10,0.0632738762147448,0.0,0.02711937418431864,4.026342035100325e-07,1.0268967928567235e-09,2.8695775873485805e-06,2.0310664171629157e-07,1.0417899412516174e-08,6.840958948574966e-09,2.5230537154970067e-06,8.695501475118935e-06,0.0004621711528925811,1.6525721909238394e-08,6.268695540950221e-07,6.508103990682826e-26,4.672598131321853e-15
4.006455372389226e-06,0.05595639656,0.054,0.0,0.0,0.0021281965344109887,0.8641604506856535,0.004085804781581035,0.0011243630919480373,8.33143072134173e-10,0.06327292087874498,0.0,0.02712219904609432,4.0224701663445353e-07,1.0241960728503532e-09,2.8651697782540497e-06,2.0269929089355936e-07,1.0407895493947325e-08,6.832926497300154e-09,2.52040843060361e-06,8.687289530377456e-06,0.00046238943751272034,1.6478484034621154e-08,6.259478442446494e-07,6.538030525442024e-26,4.673571615145995e-15
4.012764400353095e-06,0.05595639656,0.054,0.0,0.0,0.002125488899945075,0.8641584422879448,0.004087098615238785,0.001124702186340837,8.348618931336568e-10,0.06327206263888284,0.0,0.027124733193968267,4.0189954878853756e-07,1.0217761572492303e-09,2.861215846001066e-06,2.0233411207552283e-07,1.0398914484272913e-08,6.825718079740331e-09,2.518034601782049e-06,8.679918403404637e-06,0.0004625856369961139,1.643615910285458e-08,6.251208737031625e-07,6.565035001735201e-26,4.6744450014885444e-15
4.019073428316965e-06,0.05595639656,0.054,0.0,0.0,0.0021227892057742487,0.8641564389978288,0.004088390216489844,0.0011250406420768918,8.365814300560476e-10,0.06327120587383973,0.0,0.02712725958290275,4.015530244994551e-07,1.0193662070392599e-09,2.8572742605604245e-06,2.0197028701981486e-07,1.0389959271754243e-08,6.818529250526161e-09,2.515667307478467e-06,8.672565794145606e-06,0.0004627815940757457,1.6394012316689345e-08,6.242963255809062e-07,6.592106415046669e-26,4.6753157949620325e-15
4.025382456280834e-06,0.05595639656,0.054,0.0,0.0,0.002120097417151224,0.8641544407938546,0.004089679593312482,0.0011253784615129258,8.383016820060854e-10,0.06327035057835953,0.0,0.027129778247162707,4.0120743978970947e-07,1.016966200294877e-09,2.8533449645810654e-06,2.0160780850542136e-07,1.038102909976317e-08,6.811359961660151e-09,2.513306520416874e-06,8.665231632800898e-06,0.00046297730948253036,1.6352042666947757e-08,6.234741895909534e-07,6.61924482081084e-26,4.6761840066312976e-15
4.031060581448316e-06,0.05595639656,0.054,0.0,0.0,0.0021176815380793013,0.8641526467412971,0.004090838137128259,0.001125681956906786,8.39850519371988e-10,0.06326958206458114,0.0,0.027132038468559043,4.008972136309565e-07,1.0148146994112507e-09,2.849819058574771e-06,2.012827232077929e-07,1.0373011268660137e-08,6.8049242302794015e-09,2.5111873533348566e-06,8.658646603156068e-06,0.000463153247319607,1.6314420605507476e-08,6.22736321117327e-07,6.643726710326178e-26,4.676963198786051e-15
4.036738706615798e-06,0.05595639656,0.054,0.0,0.0,0.0021152720094734286,0.8641508567757709,0.004091994891344284,0.0011259849404974653,8.413999345384258e-10,0.06326881473311925,0.0,0.027134292485258296,4.0058774248216067e-07,1.0126711483009687e-09,2.846303019549999e-06,2.0095871761235193e-07,1.0365013513251258e-08,6.798504168020599e-09,2.509073415481221e-06,8.652076409677953e-06,0.00046332899051875636,1.6276940487300038e-08,6.220003907666402e-07,6.668262948942694e-26,4.677740316569675e-15
4.04241683178328e-06,0.05595639656,0.054,0.0,0.0,0.002112868806420575,0.8641490708818901,0.004093149861691396,0.0011262874139776854,8.429499268583054e-10,0.06326804858019786,0.0,0.027136540321825272,4.0027902348907766e-07,1.0105355226243951e-09,2.8427968064370044e-06,2.0063578656584997e-07,1.0357036295829463e-08,6.792099778958372e-09,2.5069646872884048e-06,8.64552100220645e-06,0.00046350453960556065,1.623960159139676e-08,6.212663911584631e-07,6.692853576979502e-26,4.6785153679193196e-15
4.0480949569507625e-06,0.05595639656,0.054,0.0,0.0,0.002110471904139611,0.8641472890443473,0.004094303053875688,0.0011265893790322673,8.445004956862698e-10,0.06326728360205826,0.0,0.027138782002697537,3.999710538160204e-07,1.0084078589067876e-09,2.839300378394278e-06,2.003139249399227e-07,1.0349076763434099e-08,6.785711002911165e-09,2.5048611492904763e-06,8.638980330818416e-06,0.000463679895103331,1.620240320145316e-08,6.205343149493881e-07,6.717498634726571e-26,4.679288360732563e-15
4.0537730821182446e-06,0.05595639656,0.054,0.0,0.0,0.0021080812779766373,0.8641455112479142,0.004095454473574505,0.0011268908373381836,8.460516403786929e-10,0.06326651979495916,0.0,0.027141017552181863,3.996638306583387e-07,1.0062879757808641e-09,2.8358136947734486e-06,1.9999312762989393e-07,1.0341137444077226e-08,6.779337651393025e-09,2.5027627821164275e-06,8.632454345803249e-06,0.0004638550575331368,1.6165344605693216e-08,6.198041548327845e-07,6.74219816244479e-26,4.680059302865986e-15
4.059451207285727e-06,0.05595639656,0.054,0.0,0.0,0.0021056969034070855,0.8641437374774392,0.00409660412644006,0.0011271917905646002,8.476033602936698e-10,0.06326575715517642,0.0,0.027143246994459316,3.9935735120423237e-07,1.004175908936742e-09,2.8323367151730635e-06,1.9967338957795676e-07,1.0333218088290824e-08,6.7729798055989604e-09,2.500669566493699e-06,8.625942997678202e-06,0.00046403002741378797,1.6128425096840377e-08,6.190759035385784e-07,6.766952200366192e-26,4.6808282021371365e-15
4.064561519936461e-06,0.05595639656,0.054,0.0,0.0,0.0021035562912414124,0.8641421445137455,0.004097637308028426,0.0011274622179987166,8.490003995032798e-10,0.06326507177436314,0.0,0.027145248290732067,3.9908215325426656e-07,1.0022817720245498e-09,2.829215697275368e-06,1.9938652684474896e-07,1.0326105348644879e-08,6.7672709709856224e-09,2.4987900611610307e-06,8.620095258196202e-06,0.00046418733610384,1.6095315877227353e-08,6.184221034374801e-07,6.789277473947589e-26,4.681518471263741e-15
4.069671832587195e-06,0.05595639656,0.054,0.0,0.0,0.0021014207054069456,0.8641405547879313,0.004098669067123877,0.001127732238870104,8.503979036590669e-10,0.06326438733338238,0.0,0.027147244677102295,3.9880755342243066e-07,1.0003938541711894e-09,2.826102477957381e-06,1.991005143856157e-07,1.0319007734162305e-08,6.7615744582668145e-09,2.496914699141485e-06,8.614259298942451e-06,0.00046434448962260076,1.60623182394496e-08,6.177698383742884e-07,6.811646962646372e-26,4.6822070976157805e-15
4.074782145237929e-06,0.05595639656,0.054,0.0,0.0,0.002099290128287041,0.8641389682891104,0.004099699407790982,0.001128001854379556,8.517958722966314e-10,0.06326370382955453,0.0,0.027149236170934565,3.985335496929793e-07,9.985120539743393e-10,2.8229970282114666e-06,1.9881534857039335e-07,1.031192969686076e-08,6.755890329606094e-09,2.4950434665826424e-06,8.608435084292964e-06,0.00046450148834371977,1.602943167715979e-08,6.171191031241392e-07,6.834060695731777e-26,4.682894086809899e-15
4.0798924578886635e-06,0.05595639656,0.054,0.0,0.0,0.0020971645423525135,0.8641373850064469,0.00410072833408325,0.0011282710657228604,8.531943049526848e-10,0.06326302126021086,0.0,0.027151222789518394,3.9826014006552716e-07,9.966366945184523e-10,2.819899319218383e-06,1.985310258097656e-07,1.0304863511254497e-08,6.750218817299007e-09,2.493176349702532e-06,8.602622578797958e-06,0.0004646583326393498,1.5996655686862045e-08,6.164698924856355e-07,6.856518702454187e-26,4.683579444439744e-15
4.0844917392743246e-06,0.05595639656,0.054,0.0,0.0,0.002095255768050085,0.864135962792948,0.004101653161789069,0.001128513011354086,8.544532906969259e-10,0.06326240774458876,0.0,0.027153006592126154,3.980145777112923e-07,9.949540819609457e-10,2.8171179757409677e-06,1.9827585317434743e-07,1.0298516616105046e-08,6.745124813717131e-09,2.4914994520714505e-06,8.597401305980899e-06,0.0004647993607781006,1.596725142085465e-08,6.158869021737325e-07,6.87676878662404e-26,4.684194875919969e-15
4.088631092521419e-06,0.05595639656,0.054,0.0,0.0,0.0020935413052673747,0.8641346850142064,0.004102484532412171,0.001128730484056391,8.555866986247958e-10,0.06326185622426998,0.0,0.02715460866035502,3.9779398044871814e-07,9.934439881384745e-10,2.814620090356759e-06,1.9804677701289066e-07,1.0292815795890738e-08,6.740548745389296e-09,2.4899930767756054e-06,8.592710223946811e-06,0.00046492617963501785,1.5940863511324528e-08,6.153632600694844e-07,6.895024561930649e-26,4.68474764150724e-15
4.092770445768513e-06,0.05595639656,0.054,0.0,0.0,0.0020918300862954103,0.8641334093264802,0.004103314982209799,0.0011289476936951603,8.567204101750794e-10,0.0632613053123572,0.0,0.027156207560401695,3.975737694369856e-07,9.919379217578939e-10,2.8121272328307143e-06,1.978182476182061e-07,1.028712494542071e-08,6.735980716486415e-09,2.4884893774667044e-06,8.588026761693816e-06,0.00046505289783048095,1.5914547262244913e-08,6.148406090908018e-07,6.913309437116733e-26,4.685299346484936e-15
4.096909799015608e-06,0.05595639656,0.054,0.0,0.0,0.002090122101972905,0.8641321357241052,0.004104144513302583,0.001129164640896387,8.57854425103683e-10,0.06326075500745312,0.0,0.02715780330129809,3.9735394363253583e-07,9.904358629002329e-10,2.8096393881063826e-06,1.9759026311988297e-07,1.0281444004435518e-08,6.731420693485748e-09,2.48698834693679e-06,8.583350900647192e-06,0.0004651795155595442,1.588830241149612e-08,6.143189465178566e-07,6.931623427691044e-26,4.685849993776712e-15
4.101049152262702e-06,0.05595639656,0.054,0.0,0.0,0.0020884173431729817,0.8641308642014375,0.004104973127804013,0.0011293813262839615,8.589887431669838e-10,0.06326020530816504,0.0,0.027159395892041895,3.971345019893923e-07,9.889378022996217e-10,2.807156541190471e-06,1.9736282165071343e-07,1.0275773045983785e-08,6.7268686719364e-09,2.4854899780040078e-06,8.578682622292327e-06,0.0004653060330166719,1.5862128698159314e-08,6.137982696406502e-07,6.949966549154312e-26,4.686399586295546e-15
4.105188505509796e-06,0.05595639656,0.054,0.0,0.0,0.0020867158008032456,0.8641295947528543,0.004105800827820694,0.0011295977504796803,8.601233641218271e-10,0.06325965621310482,0.0,0.027160985341596937,3.9691544346538253e-07,9.874437241202928e-10,2.8046786771431135e-06,1.9713592134542255e-07,1.0270111959045978e-08,6.722324623875818e-09,2.4839942635129122e-06,8.574021908176006e-06,0.00046543245039573297,1.5836025862511503e-08,6.132785757589728e-07,6.968338816999198e-26,4.686948126943816e-15
4.113467212003986e-06,0.05595639656,0.054,0.0,0.0,0.002083322329154855,0.8641270620555538,0.004107453492791177,0.0011300298177723475,8.623935137358564e-10,0.06325855983013866,0.0,0.02716415485282726,3.9647847163433596e-07,9.844674541448027e-10,2.799737838178993e-06,1.9668373681798894e-07,1.0258819373698343e-08,6.713260363866284e-09,2.4810107693629405e-06,8.564723099143242e-06,0.00046568498569212494,1.5784031791320948e-08,6.12242126229942e-07,7.005170853764436e-26,4.688042064185462e-15
4.121745918498175e-06,0.05595639656,0.054,0.0,0.0,0.0020799416149687,0.8641245375876317,0.004109102524927392,0.0011304608477072378,8.64664872009857e-10,0.06325746584754138,0.0,0.02716731190602601,3.9604301989279346e-07,9.815069367520448e-10,2.794816752855666e-06,1.962336948023878e-07,1.0247566064657994e-08,6.704227748300594e-09,2.478037807760202e-06,8.555454327117655e-06,0.000465937122987705,1.5732318143791556e-08,6.112095765231861e-07,7.042119661768047e-26,4.689131828510126e-15
4.130024624992365e-06,0.05595639656,0.054,0.0,0.0,0.002076573586725176,0.8641220213048435,0.0041107479408324194,0.0011308908451842653,8.669374370153259e-10,0.06325637425437217,0.0,0.027170456571696575,3.9560908005291005e-07,9.785620568659072e-10,2.7899153037656766e-06,1.9578578070375343e-07,1.0236351816183398e-08,6.695226611384704e-09,2.4750753223886745e-06,8.546215446619295e-06,0.00046618886381197977,1.568088288449884e-08,6.101809053850255e-07,7.079185364663666e-26,4.690217442759417e-15
4.1383033314865545e-06,0.05595639656,0.054,0.0,0.0,0.002073218173438849,0.864119513163267,0.004112389757000035,0.0011313198150707021,8.692112068311241e-10,0.06325528503976215,0.0,0.027173588919813946,3.9517664398689897e-07,9.756327000691905e-10,2.785033374430965e-06,1.9533998005119248e-07,1.0225176421381633e-08,6.686256788099437e-09,2.472123257339059e-06,8.53700631311121e-06,0.00046644020968507875,1.562972399651977e-08,6.091560917142353e-07,7.116368085977632e-26,4.691298929609629e-15
4.146582037980744e-06,0.05595639656,0.054,0.0,0.0,0.002069875304653369,0.8641170131193002,0.00411402798981567,0.001131747762201466,8.714861795434296e-10,0.06325419819291363,0.0,0.02717670901982976,3.9474570362633014e-07,9.72718753290866e-10,2.7801708492853024e-06,1.948962784990565e-07,1.0214039670002881e-08,6.677318114878754e-09,2.4691815571049566e-06,8.527826782991486e-06,0.0004666911621178331,1.5578839481228463e-08,6.081351145606504e-07,7.15366794910939e-26,4.692376311573283e-15
4.154860744474934e-06,0.05595639656,0.054,0.0,0.0,0.002066544910436559,0.8641145211296581,0.00411566265555733,0.0011321746913793957,8.737623532456933e-10,0.06325311370309959,0.0,0.02717981694067717,3.943162509610338e-07,9.6982010443425e-10,2.7753276136686783e-06,1.9445466182967022e-07,1.0202941355122343e-08,6.668410429255867e-09,2.4662501665792272e-06,8.518676713585708e-06,0.000466941722611848,1.552822735809792e-08,6.071179531238298e-07,7.191085077331879e-26,4.693449611000582e-15
4.171418157463313e-06,0.05595639656,0.054,0.0,0.0,0.0020599212685733074,0.8641095611417784,0.004118921350398817,0.0011330255149292752,8.783182960300102e-10,0.06325095175201641,0.0,0.027185996518034546,3.9346177696557236e-07,9.640682572607085e-10,2.7656985568805343e-06,1.9357762689232884e-07,1.0180859215475019e-08,6.650687376653311e-09,2.4604180962005293e-06,8.50046439081632e-06,0.00046744167374438567,1.5427812455549328e-08,6.05094994939832e-07,7.266271621510824e-26,4.6955840508436565e-15
4.187975570451692e-06,0.05595639656,0.054,0.0,0.0,0.002053346698693111,0.8641046328595824,0.004122165969634145,0.001133872323511717,8.828790200754784e-10,0.06324879910208625,0.0,0.027192128193161955,3.926131590711097e-07,9.583762823235716e-10,2.756145304642618e-06,1.927087639761665e-07,1.0158928376823475e-08,6.633086353219428e-09,2.4546266131965786e-06,8.482368221683077e-06,0.00046794007491387336,1.5328463799246735e-08,6.030870537036318e-07,7.341928702183107e-26,4.697702424748671e-15
4.204532983440071e-06,0.05595639656,0.054,0.0,0.0,0.002046820659721387,0.8640997359479164,0.004125396639711491,0.001134715154422039,8.874445103870726e-10,0.06324665566997531,0.0,0.027198212499342036,3.917703352528031e-07,9.52743319415968e-10,2.7466669715092778e-06,1.9184796374576734e-07,1.0137147236893007e-08,6.615606099586695e-09,2.448875290722733e-06,8.464387097439375e-06,0.0004684369378086913,1.5230166176829766e-08,6.010939682688501e-07,7.418057301018372e-26,4.699804905819829e-15
4.22109039642845e-06,0.05595639656,0.054,0.0,0.0,0.002040342618517256,0.8640948700764299,0.004128613485445391,0.0011355540444678402,8.920147520819743e-10,0.06324452137342383,0.0,0.027204249962010502,3.9093324437256737e-07,9.471685240179829e-10,2.737262685735182e-06,1.9099511876178186e-07,1.0115514216373256e-08,6.598245373835697e-09,2.4431637079868916e-06,8.446519923486824e-06,0.0004689322739767372,1.5132904647261133e-08,5.991155797610399e-07,7.494658397699834e-26,4.701891664699947e-15
4.242924026135177e-06,0.05595639656,0.054,0.0,0.0,0.002031872762298077,0.8640885005401677,0.004132834491330152,0.0011366542935259936,8.980485944731946e-10,0.06324172078681489,0.0,0.02721214059581177,3.89838067034239e-07,9.399047779563666e-10,2.724973363690432e-06,1.8988248796617745e-07,1.008721138617087e-08,6.575533107270575e-09,2.4356921133945716e-06,8.423131539445062e-06,0.00046958314018017534,1.5006208733365856e-08,5.96528957754859e-07,7.596393337183124e-26,4.7046196427627695e-15
4.264757655841905e-06,0.05595639656,0.054,0.0,0.0,0.00202348427086996,0.8640821836785904,0.004137031950889206,0.0011377478351047865,9.040906396426458e-10,0.06323893576121394,0.0,0.027219951841432465,3.887526179019558e-07,9.32738875770221e-10,2.712809376162656e-06,1.887832696018065e-07,1.0059159899979265e-08,6.553023792287045e-09,2.4282879645158148e-06,8.399936980758537e-06,0.00047023139723252497,1.488125599641187e-08,5.939672662766551e-07,7.698953825178083e-26,4.707320953696739e-15
4.286591285548632e-06,0.05595639656,0.054,0.0,0.0,0.002015175982452246,0.8640759187709842,0.004141206137776822,0.0011388347498592773,9.101408543351939e-10,0.06323616611624881,0.0,0.02722768484365335,3.876767635836165e-07,9.256689999135712e-10,2.7007688289118996e-06,1.8769723170030112e-07,1.0031356312637892e-08,6.530714714818368e-09,2.4209503428402646e-06,8.376933846378893e-06,0.0004708770705331385,1.4758014238327114e-08,5.914301584463056e-07,7.802342092454809e-26,4.70999596992436e-15
4.308424915255359e-06,0.05595639656,0.054,0.0,0.0,0.002006946757299411,0.8640697051099935,0.004145357321077064,0.0011399151170805892,9.161992056166567e-10,0.0632334116745529,0.0,0.027235340725464092,3.8661037315381263e-07,9.186933756971483e-10,2.6888498655957648e-06,1.8662414749315388e-07,1.0003797241843477e-08,6.50860320948679e-09,2.413678346703494e-06,8.354119774989589e-06,0.0004715201850874905,1.4636452003913884e-08,5.889172937176097e-07,7.906560363943471e-26,4.712645057012687e-15
4.3302585449620865e-06,0.05595639656,0.054,0.0,0.0,0.001998795477179117,0.8640635420013077,0.004149485765402842,0.0011409890147255932,9.222656608688371e-10,0.06323067226169993,0.0,0.027242920588580213,3.855533180995281e-07,9.11810269984965e-10,2.677050666851492e-06,1.8556379525867238e-07,9.97647936576307e-09,6.486686658332649e-09,2.4064710909019365e-06,8.33149244420748e-06,0.000472160765515462,1.4516538560010404e-08,5.864283377352282e-07,8.011610858781072e-26,4.71526857382983e-15
4.352092174668814e-06,0.05595639656,0.054,0.0,0.0,0.0019907210448667657,0.8640574287633616,0.0041535917309921296,0.0011420565194457575,9.283401877846588e-10,0.06322794770614104,0.0,0.02725042551394378,3.845054722677677e-07,9.050179898743437e-10,2.6653694493531814e-06,1.8451595815590935e-07,9.949399427887667e-09,6.464962489773331e-09,2.3993277063140307e-06,8.309049569773306e-06,0.00047279883605942836,1.4398243875888063e-08,5.839629621953948e-07,8.117495790357459e-26,4.717866872697872e-15
4.373925804375541e-06,0.05595639656,0.054,0.0,0.0,0.0019827223836597274,0.8640513647270415,0.004157675473800601,0.001143117706614926,9.34422754363446e-10,0.06322523783914377,0.0,0.027257856562204585,3.834667118014999e-07,8.983148819548985e-10,2.653804464921032e-06,1.834804241509268e-07,9.922554228848714e-09,6.443428177977531e-09,2.3922473395370744e-06,8.286788904777762e-06,0.0004734344205919683,1.4281538604375663e-08,5.815208447126715e-07,8.224217366359206e-26,4.720440299539477e-15
4.3957594340822684e-06,0.05595639656,0.054,0.0,0.0,0.001974798436901269,0.8640453492354042,0.004161737245592527,0.0011441726503565643,9.40513328906281e-10,0.06322254249473262,0.0,0.027265214774191655,3.824369150904699e-07,8.916993310802481e-10,2.6423539996920585e-06,1.8245698587711853e-07,9.895940623139315e-09,6.422081241546307e-09,2.3852291525371785e-06,8.264708238934692e-06,0.0004740675426234505,1.4166394062924292e-08,5.791016686890714e-07,8.331777788814281e-26,4.722989194020709e-15
4.417593063788996e-06,0.05595639656,0.054,0.0,0.0,0.0019669481675060906,0.8640393816433906,0.004165777294031452,0.0011452214235709386,9.466118800113667e-10,0.06321986150962933,0.0,0.027272501171383128,3.814159627349587e-07,8.851697586780772e-10,2.6310163732889203e-06,1.814454404288386e-07,9.869555528866496e-09,6.400919241871069e-09,2.378272322293178e-06,8.242805397817022e-06,0.0004746982253097025,1.4052782215232546e-08,5.767051231811712e-07,8.440179254135886e-26,4.72551388969464e-15
4.439426693495723e-06,0.05595639656,0.054,0.0,0.0,0.0019591705575083057,0.8640334613175567,0.004169795862766789,0.0011462640979610808,9.527183765695575e-10,0.06321719472319623,0.0,0.027279716756354124,3.804037374781919e-07,8.7872462254487e-10,2.6197899379507717e-06,1.8044558932482175e-07,9.843395923838106e-09,6.379939783555769e-09,2.371376040444065e-06,8.22107824204929e-06,0.0004753264914593006,1.3940675654994527e-08,5.743309027741249e-07,8.549423953163315e-26,4.7280147141405645e-15
4.46126032320245e-06,0.05595639656,0.054,0.0,0.0,0.001951464607628949,0.8640275876358143,0.004173793191516911,0.0011473007440576978,9.588327877600254e-10,0.06321454197738147,0.0,0.027286862513204925,3.794001241472437e-07,8.723624160693206e-10,2.608673077779015e-06,1.7945723843763366e-07,9.81745882221562e-09,6.359140512977943e-09,2.3645395129885346e-06,8.19952466673952e-06,0.0004759523635403401,1.3830047587551973e-08,5.719787074649631e-07,8.659514071206493e-26,4.7304919890910994e-15
4.483093952909178e-06,0.05595639656,0.054,0.0,0.0,0.001943829336852555,0.8640217599871777,0.004177769516150716,0.001148331431243616,9.64955083045995e-10,0.06321190311666562,0.0,0.0272939394079803,3.7840500963161745e-07,8.660816662539497e-10,2.597664208004424e-06,1.7848019777050793e-07,9.791741292688089e-09,6.338519116344738e-09,2.357761959969661e-06,8.178142600805566e-06,0.00047657586368734584,1.3720871813558109e-08,5.6964824254491e-07,8.77045178808927e-26,4.732946030560549e-15
4.504927582615905e-06,0.05595639656,0.054,0.0,0.0,0.0019362637820030384,0.8640159777715087,0.004181725068769282,0.0011493562277782496,9.71085232170477e-10,0.06320927798800807,0.0,0.02730094838908968,3.7741828285879216e-07,8.598809322684788e-10,2.5867617742087114e-06,1.775142812752007e-07,9.766240497920943e-09,6.318073319563046e-09,2.3510426151193335e-06,8.15693000607708e-06,0.00047719701370842936,1.3613122715665631e-08,5.673392184772067e-07,8.882239278186619e-26,4.7353771489799324e-15
4.526761212322632e-06,0.05595639656,0.054,0.0,0.0,0.0019287669973391004,0.8640102403992762,0.004185660077783821,0.0011503752008209967,9.772232051521478e-10,0.06320666644079585,0.0,0.02730789038770789,3.7643983466899364e-07,8.537588077490213e-10,2.5759642515807017e-06,1.7655930705578388e-07,9.740953606769576e-09,6.297800889633456e-09,2.3443807255824963e-06,8.135884876784728e-06,0.0004778158350913967,1.3506775241132794e-08,5.650513507880454e-07,8.994878710463996e-26,4.737785649314547e-15
4.5485948420293595e-06,0.05595639656,0.054,0.0,0.0,0.001921338054166113,0.8640045472913223,0.004189574767990897,0.0011513884164537505,9.83368972281352e-10,0.06320406832679411,0.0,0.02731476631815912,3.7546955782297853e-07,8.477139168556083e-10,2.5652701442601814e-06,1.7561509702439448e-07,9.715877814987725e-09,6.277699629038753e-09,2.3377755516691787e-06,8.115005239179219e-06,0.0004784323490099618,1.3401804883616234e-08,5.627843599610939e-07,9.108372248527997e-26,4.740171831175422e-15
4.570428471736087e-06,0.05595639656,0.054,0.0,0.0,0.0019139760404566352,0.8639988978786348,0.004193469360646072,0.0011523959397029754,9.895225041161666e-10,0.06320148350009788,0.0,0.027321577078292976,3.745073470113289e-07,8.417449122128355e-10,2.5546779846512176e-06,1.7468147667616875e-07,9.691010428592794e-09,6.257767376309032e-09,2.3312263665087525e-06,8.094289150565026e-06,0.0004790465763304324,1.3298187673678954e-08,5.605379713262494e-07,9.222722050659816e-26,4.742535988945392e-15
4.592262101442814e-06,0.05595639656,0.054,0.0,0.0,0.00190668006047079,0.8639932916021204,0.004197344073537405,0.0011533978345617717,9.956837714784673e-10,0.06319891181708381,0.0,0.027328323549860933,3.7355309874282256e-07,8.35850478647609e-10,2.544186332719674e-06,1.7375827531463833e-07,9.66634883886791e-09,6.238002012812658e-09,2.3247324556928603e-06,8.073734698247224e-06,0.00047965853761809706,1.3195900170572303e-08,5.583119149511746e-07,9.337930269836624e-26,4.74487841190576e-15
4.614095731149541e-06,0.05595639656,0.054,0.0,0.0,0.0018994492343925677,0.8639877279123862,0.004201199121056017,0.001154394164010989,1.0018527454501272e-09,0.06319635313636379,0.0,0.027335006598875413,3.726067112062922e-07,8.300293328345731e-10,2.5337937753968758e-06,1.7284532602760528e-07,9.641890278982624e-09,6.218401452105822e-09,2.318293117230301e-06,8.053340000240648e-06,0.00048026825314159975,1.3094919430269305e-08,5.561059255553612e-07,9.453999053801151e-26,4.747199384308643e-15
4.635929360856269e-06,0.05595639656,0.054,0.0,0.0,0.0018922826979834097,0.8639822062695316,0.004205034714264029,0.0011553849900395633,1.008029397369326e-09,0.06319380731874039,0.0,0.027341627075953244,3.7166808450141733e-07,8.242802121519782e-10,2.5234989259065085e-06,1.719424649090325e-07,9.617632208710335e-09,6.198963636325979e-09,2.31190766112371e-06,8.033103203811004e-06,0.0004808757428802221,1.2995223004800054e-08,5.539197423952284e-07,9.570930545095212e-26,4.749499185512005e-15
4.657762990562996e-06,0.05595639656,0.054,0.0,0.0,0.0018851796022412233,0.8639767261429441,0.004208851060960965,0.0011563703736644818,1.0142136988269101e-09,0.06319127422716311,0.0,0.027348185816653967,3.707371205368237e-07,8.186018799698318e-10,2.513300423170178e-06,1.710495313813007e-07,9.593572330493733e-09,6.179686548368612e-09,2.305575409000207e-06,8.013022484201286e-06,0.0004814810265299015,1.2896788939758436e-08,5.517531091683592e-07,9.688726881067941e-26,4.751778090101839e-15
4.679596620269723e-06,0.05595639656,0.054,0.0,0.0,0.001878139113057173,0.8639712870110934,0.004212648365750333,0.0011573503749507299,1.0204056216627618e-09,0.06318875372668477,0.0,0.027354683641819123,3.6981372253422945e-07,8.129931438715043e-10,2.5031969313275858e-06,1.701663691040076e-07,9.56970789532834e-09,6.160568216443403e-09,2.2992956941041397e-06,7.993096045425354e-06,0.00048208412350649266,1.2799595742590945e-08,5.496057739395995e-07,9.807390193917912e-26,4.754036367951692e-15
4.701430249976451e-06,0.05595639656,0.054,0.0,0.0,0.0018711604108909623,0.8639658883613368,0.0042164268301039184,0.0011583250530304047,1.0266051379622824e-09,0.06318624568441947,0.0,0.027361121357892496,3.688977954354578e-07,8.074528267181907e-10,2.493187138994257e-06,1.69292824226451e-07,9.546036085594798e-09,6.141606673529748e-09,2.2930678611589884e-06,7.973322120602974e-06,0.0004826850529515739,1.2703622357576439e-08,5.474774890364465e-07,9.92692261080684e-26,4.7562742843081835e-15
4.723263879683178e-06,0.05595639656,0.054,0.0,0.0,0.001864242690464172,0.8639605296897328,0.004220186652421986,0.001159294466120937,1.0328122200530029e-09,0.0631837499695027,0.0,0.027367499757225883,3.679892463359193e-07,8.019797551703494e-10,2.483269758601575e-06,1.6842874517920304e-07,9.522555054374124e-09,6.122799986167336e-09,2.2868912655751706e-06,7.953698968084937e-06,0.0004832838337413364,1.2608848202029705e-08,5.4536801093035e-07,1.0047326253810804e-25,4.758492099980888e-15
4.745097509389905e-06,0.05595639656,0.054,0.0,0.0,0.0018573851604401339,0.8639552105008503,0.004223928028095128,0.0011602586715438296,1.0390268405011299e-09,0.0631812664530502,0.0,0.027373819618397587,3.670879837067659e-07,7.965728041943243e-10,2.4734435261804972e-06,1.6757398506515704e-07,9.499263223819626e-09,6.104146315552681e-09,2.280765273139106e-06,7.934224870016044e-06,0.00048388048449066494,1.2515253168596427e-08,5.432771001857745e-07,1.0168603239839995e-25,4.760690071446254e-15
4.7669311390966325e-06,0.05595639656,0.054,0.0,0.0,0.0018505870431207634,0.8639499303075905,0.0042276511495649574,0.0011612177257420762,1.0452489721082715e-09,0.06317879500811997,0.0,0.02738008170650543,3.6619391628782247e-07,7.912309114573284e-10,2.463707201061154e-06,1.6672840040965645e-07,9.476156111210388e-09,6.085643783803876e-09,2.27468926152855e-06,7.914898142724004e-06,0.0004844750235472798,1.2422817459273138e-08,5.412045214466621e-07,1.029075568101677e-25,4.762868450645107e-15
4.786581405832687e-06,0.05595639656,0.054,0.0,0.0,0.0018445189034027292,0.8639452110789045,0.00423098650826378,0.0011620765161791625,1.0508552903033293e-09,0.06317658092545207,0.0,0.027385668811542863,3.653953348992798e-07,7.8647789536647e-10,2.4550203710616023e-06,1.6597510048446216e-07,9.455516983298979e-09,6.0691191871617544e-09,2.2692630777536758e-06,7.897628714213236e-06,0.00048500831816894176,1.2340600583592513e-08,5.393546829801818e-07,1.0401443133870282e-25,4.764812445526044e-15
4.804266645895137e-06,0.05595639656,0.054,0.0,0.0,0.0018390977412280683,0.8639409901636262,0.004233975933064815,0.0011628459316107439,1.0559061437345092e-09,0.06317459645027579,0.0,0.02739065816201717,3.6468148133676673e-07,7.822438259448765e-10,2.447262922840622e-06,1.6530330205994181e-07,9.437067759879901e-09,6.054349374250937e-09,2.2644133382333226e-06,7.882186148827037e-06,0.0004854868441835899,1.226738351195716e-08,5.377022264334182e-07,1.050167086399233e-25,4.766548791078613e-15
4.8219518859575864e-06,0.05595639656,0.054,0.0,0.0,0.0018337142202403613,0.8639367939937381,0.004236953714063826,0.0011636120648875988,1.0609618776330526e-09,0.06317261967569562,0.0,0.02739561092519324,3.6397219336986436e-07,7.780505396127046e-10,2.4395623285864293e-06,1.646372756583034e-07,9.418736293887337e-09,6.039675520971358e-09,2.259595316545204e-06,7.866837353533465e-06,0.0004859640165298928,1.2194893339425207e-08,5.36061391612225e-07,1.06024767192952e-25,4.768272716706488e-15
4.839637126020036e-06,0.05595639656,0.054,0.0,0.0,0.0018283679520930004,0.8639326223256233,0.004239919948113158,0.00116437494439299,1.0660224779827312e-09,0.06317065053781644,0.0,0.027400527483022793,3.632674261058407e-07,7.73897470461197e-10,2.4319179702858886e-06,1.639769491532347e-07,9.40052193912869e-09,6.025096673835176e-09,2.2548087008033136e-06,7.851581478901992e-06,0.0004864398444878982,1.2123120350370353e-08,5.344320607310225e-07,1.0703861812798657e-25,4.769984348499989e-15
4.857322366082486e-06,0.05595639656,0.054,0.0,0.0,0.0018230585537673174,0.8639284749189241,0.004242874730902839,0.001165134598164333,1.0710879308625225e-09,0.06316868897350794,0.0,0.027405408212194886,3.6256713517799247e-07,7.697840999629678e-10,2.424329239051844e-06,1.6332225222959156e-07,9.382423353744385e-09,6.010611940612183e-09,2.2500531833128965e-06,7.836417685664279e-06,0.0004869143372351158,1.205205499416644e-08,5.328141175580078e-07,1.0805827255356628e-25,4.7716838108498095e-15
4.8750076061449356e-06,0.05595639656,0.054,0.0,0.0,0.001817785647480481,0.8639243515364879,0.004245818156978679,0.0011658910538985936,1.0761582224455674e-09,0.06316673492039315,0.0,0.027410253484225676,3.618712762619585e-07,7.657099195378778e-10,2.416795535055171e-06,1.62673116523553e-07,9.3644387673607e-09,5.996220417728228e-09,2.245328460614878e-06,7.821345145899035e-06,0.0004873875038466907,1.1981687862613282e-08,5.312074474267771e-07,1.0908374155801952e-25,4.773371226458761e-15
4.892692846207385e-06,0.05595639656,0.054,0.0,0.0,0.001812548860600437,0.8639202519443113,0.0042487503197600135,0.001166644338957631,1.0812333389981366e-09,0.06316478831683682,0.0,0.0274150636655433,3.6117980618906283e-07,7.616743779896045e-10,2.4093162665702923e-06,1.620294734097295e-07,9.34656788208675e-09,5.981921175445686e-09,2.240634232992036e-06,7.806363040583184e-06,0.0004878593533012328,1.1912009719306294e-08,5.296119371822934e-07,1.1011503620959063e-25,4.775046716445422e-15
4.910378086269835e-06,0.05595639656,0.054,0.0,0.0,0.0018073478255558055,0.8639161759114891,0.00425167131155744,0.001167394480373455,1.0863132668786206e-09,0.06316284910193361,0.0,0.02741983911757818,3.6049268258154827e-07,7.57676978155628e-10,2.4018908502810454e-06,1.6139125548088916e-07,9.328809683205042e-09,5.967713361291616e-09,2.2359702046914874e-06,7.79147056008639e-06,0.0004883298944799979,1.1843011488287704e-08,5.280274751565113e-07,1.1115216755490245e-25,4.77671040031496e-15
4.928063326332285e-06,0.05595639656,0.054,0.0,0.0,0.0018021821797470556,0.8639121232101616,0.004254581223590004,0.0011681415048533494,1.091397992536527e-09,0.06316091721549694,0.0,0.02742458019684932,3.5980986275657535e-07,7.537172551878337e-10,2.394518711725331e-06,1.6075839773869468e-07,9.311161890859385e-09,5.953596116101378e-09,2.2313360841097456e-06,7.776666906291889e-06,0.0004887991361652018,1.1774684217547791e-08,5.264539511612209e-07,1.121951466206775e-25,4.778362395945199e-15
4.9457485663947344e-06,0.05595639656,0.054,0.0,0.0,0.001797051565467775,0.863908093615465,0.004257480146001204,0.0011688854387848766,1.0964875025115007e-09,0.06315899259804815,0.0,0.027429287255042085,3.5913130500520844e-07,7.497946723844953e-10,2.38719928418228e-06,1.6013083505633426e-07,9.293624450974143e-09,5.939568528994381e-09,2.2267315831361615e-06,7.761951289454188e-06,0.0004892670870468738,1.1707019118202298e-08,5.248912564351261e-07,1.1324398441428794e-25,4.7800028197199945e-15
4.963433806457184e-06,0.05595639656,0.054,0.0,0.0,0.0017919556298215888,0.8639040869054807,0.004260368167876107,0.001169626308240806,1.101581783432354e-09,0.06315707519080556,0.0,0.027433960639092408,3.584569689145133e-07,7.459087430556881e-10,2.379932008569495e-06,1.5950850278285895e-07,9.276197017713186e-09,5.925629784340848e-09,2.2221564173702197e-06,7.747322928214436e-06,0.000489733755722974,1.1640007561583838e-08,5.233392836400322e-07,1.1429869192146385e-25,4.7816317864981234e-15
4.981119046519634e-06,0.05595639656,0.054,0.0,0.0,0.0017868940246369423,0.8639001028611883,0.004263245377258244,0.0011703641389839523,1.1066808220161165e-09,0.06315516493567382,0.0,0.02743860069127005,3.577868134818936e-07,7.420590568352127e-10,2.3727163344099207e-06,1.5889133894918427e-07,9.25887640004892e-09,5.91177907176496e-09,2.2176103065056516e-06,7.732781052991631e-06,0.000490199150695582,1.15736410248775e-08,5.217979268584838e-07,1.1535928010822722e-25,4.7832494095625876e-15
4.9988042865820836e-06,0.05595639656,0.054,0.0,0.0,0.0017818664063930154,0.8638961412664162,0.004266111861163566,0.0011710989564719275,1.1117846050670875e-09,0.06315326177523346,0.0,0.027443207749250274,3.5712079815100966e-07,7.382450948209932e-10,2.3655517187736628e-06,1.5827928185065962e-07,9.241662534656908e-09,5.898015492876697e-09,2.213092973491113e-06,7.718324902162728e-06,0.0004906632803785344,1.1507911139039718e-08,5.202670815207632e-07,1.1642575992214043e-25,4.784855800788907e-15
5.014721002638288e-06,0.05595639656,0.054,0.0,0.0,0.0017773703285747496,0.8638925948490555,0.00426868259749915,0.0011717577366763922,1.1163820554957742e-09,0.06315155494987795,0.0,0.02744732616684197,3.5652489240118644e-07,7.348426693148432e-10,2.3591467764276833e-06,1.5773274539717973e-07,9.226262090773413e-09,5.885702135885169e-09,2.209051752629442e-06,7.70538703694628e-06,0.0004910799221547238,1.1449291794867375e-08,5.188982226595828e-07,1.1739063812628921e-25,4.786292040977736e-15
5.030637718694492e-06,0.05595639656,0.054,0.0,0.0,0.0017729012615951979,0.863889066289308,0.004271244777883492,0.0011724141146595589,1.120983328825709e-09,0.06314985378432457,0.0,0.027451418368848658,3.5593228053252506e-07,7.314685124824472e-10,2.352782372014831e-06,1.5719025177951807e-07,9.210946230119294e-09,5.873458171924376e-09,2.2050334234797233e-06,7.692517455497806e-06,0.0004914955517984741,1.1391175571040742e-08,5.175377201440263e-07,1.1836030534989574e-25,4.787719352305531e-15
5.046554434750696e-06,0.05595639656,0.054,0.0,0.0,0.0017684589643811208,0.8638855554353224,0.0042737984636804435,0.0011730681083642685,1.1255884156148916e-09,0.06314815823807877,0.0,0.027455484592199486,3.5534293295980056e-07,7.281222933685319e-10,2.3464581258315385e-06,1.5665175892011602e-07,9.195713000930722e-09,5.861282922964373e-09,2.2010377915318267e-06,7.679715622533024e-06,0.0004919101752584196,1.1333556622612079e-08,5.161855005308236e-07,1.1933476953358305e-25,4.789137813325548e-15
5.0624711508069005e-06,0.05595639656,0.054,0.0,0.0,0.0017640431987259433,0.863882062137003,0.004276343715615974,0.0011737197355444322,1.1301973064763174e-09,0.06314646827106486,0.0,0.027459525070991975,3.5475682286843895e-07,7.248036049618872e-10,2.3401736614484977e-06,1.5611722297361512e-07,9.180565790159873e-09,5.849175853406499e-09,2.197064664037236e-06,7.666981004135302e-06,0.000492323798432881,1.1276429251042846e-08,5.148414911771673e-07,1.2031403860249848e-25,4.790547501759069e-15
5.078387866863105e-06,0.05595639656,0.054,0.0,0.0,0.001759653729239854,0.8638785862459852,0.004278880593791619,0.0011743690137675973,1.1348099920774586e-09,0.06314478384361964,0.0,0.02746354003654508,3.5417392415509263e-07,7.215122428729934e-10,2.3339286073803147e-06,1.555866016917876e-07,9.165501132331404e-09,5.837136506498152e-09,2.1931138511238444e-06,7.654313075427159e-06,0.0004927364271593842,1.12197877933324e-08,5.135056203277116e-07,1.2129812046828726e-25,4.79194849430264e-15
5.092712911313689e-06,0.05595639656,0.054,0.0,0.0,0.0017557254976162645,0.863875472706064,0.004281156673759795,0.0011749513701816076,1.1389646459511019e-09,0.06314327256279702,0.0,0.027467131880696,3.536520370110905e-07,7.185731040003938e-10,2.3283414525376163e-06,1.5511235653061165e-07,9.152011946402508e-09,5.826358411672777e-09,2.1895770430456454e-06,7.642968530584003e-06,0.0004931069475403285,1.116922131105754e-08,5.123102363461801e-07,1.2218791562098953e-25,4.79320201533638e-15
5.107037955764273e-06,0.05595639656,0.054,0.0,0.0,0.0017518182097644149,0.8638723730414927,0.0042834260621087685,0.0011755318505706075,1.143122359320562e-09,0.06314176570888454,0.0,0.027470703409056395,3.531327070732373e-07,7.156554997178047e-10,2.3227856602393432e-06,1.5464121995083913e-07,9.13859095932135e-09,5.815634137531031e-09,2.1860580216193486e-06,7.631677207710438e-06,0.0004934766712838951,1.1119039894923567e-08,5.111213359224635e-07,1.2308162129234379e-25,4.794448608930977e-15
5.121363000214857e-06,0.05595639656,0.054,0.0,0.0,0.0017479316997819061,0.8638692871476109,0.004285688801383373,0.0011761104673640795,1.1472831254935919e-09,0.06314026325380419,0.0,0.027474254784634913,3.526159183733583e-07,7.127593993511785e-10,2.3172609676579945e-06,1.5417316088308348e-07,9.125234225633218e-09,5.804963562659386e-09,2.182556653110371e-06,7.6204387349796e-06,0.0004938456025337223,1.1069239592575968e-08,5.09938868419809e-07,1.2397924322052094e-25,4.795688329129958e-15
5.135688044665441e-06,0.05595639656,0.054,0.0,0.0,0.00174406580351261,0.8638662149208322,0.004287944933735978,0.001176687232875381,1.151446937812429e-09,0.06313876516973502,0.0,0.027477786168711854,3.521016497782581e-07,7.098844887772757e-10,2.3117671180432757e-06,1.5370815192484452e-07,9.11194152112009e-09,5.794346047022004e-09,2.1790728044542346e-06,7.6092527450003966e-06,0.0004942137453978806,1.1019816483569091e-08,5.087627837385163e-07,1.248807871437069e-25,4.796921229571644e-15
5.148580584670967e-06,0.05595639656,0.054,0.0,0.0,0.0017406039873133577,0.8638634615173454,0.004289969838461524,0.001177204749073806,1.155196967878974e-09,0.06313742060849888,0.0,0.027480947453568744,3.5164094514043444e-07,7.073149061953736e-10,2.306848813763178e-06,1.5329222841322357e-07,9.100035668435896e-09,5.784835262217442e-09,2.175952211248752e-06,7.5992299244087024e-06,0.0004945444032761382,1.0975655008654378e-08,5.077097238347984e-07,1.2569553471397872e-25,4.798025052959884e-15
5.161473124676493e-06,0.05595639656,0.054,0.0,0.0,0.0017371586194055504,0.8638607190271376,0.004291989455599229,0.0011777207844302627,1.1589494551530304e-09,0.06313607954552895,0.0,0.027484092789751665,3.51182253878027e-07,7.047622384120312e-10,2.3019551001280937e-06,1.5287873024076867e-07,9.088180682530155e-09,5.7753670527904565e-09,2.172845607897905e-06,7.589249054839705e-06,0.0004948744288119176,1.0931793175352518e-08,5.06661758028184e-07,1.2651346790398592e-25,4.799123433544042e-15
5.174365664682019e-06,0.05595639656,0.054,0.0,0.0,0.001733729583662303,0.8638579873768714,0.004294003815084465,0.0011782353476854433,1.1627043948516112e-09,0.06313474196106662,0.0,0.027487222291336936,3.5072556197793105e-07,7.022262737804914e-10,2.297085795392055e-06,1.5246763797696629e-07,9.076375689217172e-09,5.765940941202075e-09,2.16975290015686e-06,7.579309875656667e-06,0.0004952038249290405,1.0888228226689827e-08,5.056188508477647e-07,1.273345908801846e-25,4.800216409298743e-15
5.185968950686992e-06,0.05595639656,0.054,0.0,0.0,0.0017306573203958247,0.8638555380997103,0.004295812267870702,0.00117869720313403,1.1660859334678295e-09,0.06313354109297428,0.0,0.02749002539759469,3.503162354615664e-07,6.999579554077382e-10,2.2927241425798836e-06,1.520996960469048e-07,9.065797485890706e-09,5.757493172144678e-09,2.1669812667404772e-06,7.570400044645495e-06,0.0004954997456828615,1.0849271376616031e-08,5.046845304430755e-07,1.2807633226307926e-25,4.801195497448095e-15
5.1975722366919654e-06,0.05595639656,0.054,0.0,0.0,0.0017275981098806366,0.8638530974915204,0.004297616507487101,0.0011791578794715278,1.1694694512354266e-09,0.06313234301242232,0.0,0.027492815851006193,3.499085074273043e-07,6.977029553467216e-10,2.288381984134456e-06,1.517336714333495e-07,9.05525958929735e-09,5.749079152089369e-09,2.164220745974881e-06,7.561523585012418e-06,0.0004957951610624236,1.0810550856162881e-08,5.037542536454505e-07,1.2882066376723314e-25,4.802170265274111e-15
5.209175522696939e-06,0.05595639656,0.054,0.0,0.0,0.0017245518697036066,0.863850665500219,0.00429941655525168,0.0011796173829201836,1.1728549447128413e-09,0.06313114770533892,0.0,0.027495593732517937,3.4950236849186373e-07,6.954611256963172e-10,2.28405919083072e-06,1.5136955008651896e-07,9.04476263922917e-09,5.740698633041227e-09,2.1614712709761213e-06,7.552680310611073e-06,0.0004960900731550349,1.0772064730139642e-08,5.02827995258988e-07,1.2956758841736423e-25,4.803140739727618e-15
5.2196184801014145e-06,0.05595639656,0.054,0.0,0.0,0.001721821275628097,0.8638484840327846,0.004301033031700446,0.001180029938309362,1.1759035752413107e-09,0.06313007428873191,0.0,0.0274980831432549,3.491381934837991e-07,6.934546477921446e-10,2.280185128671863e-06,1.5104345668719484e-07,9.035350431732037e-09,5.7331846495094936e-09,2.1590061328249506e-06,7.544749584350605e-06,0.0004963550654423325,1.0737626040350467e-08,5.019977777928396e-07,1.302420402389374e-25,4.804010517985717e-15
5.23006143750589e-06,0.05595639656,0.054,0.0,0.0,0.0017191010622275827,0.8638463094658166,0.0043026461452136296,0.0011804415531321143,1.1789538008293624e-09,0.06312900309720557,0.0,0.02750056249381613,3.487752904693798e-07,6.914586851498526e-10,2.27632655611829e-06,1.5071888294763212e-07,9.025970791771103e-09,5.725697510475342e-09,2.1565498401455596e-06,7.536845454877364e-06,0.0004966196532496914,1.0703374275068052e-08,5.011707769194305e-07,1.3091859715503343e-25,4.804876859570472e-15
5.240504394910366e-06,0.05595639656,0.054,0.0,0.0,0.0017163911708491446,0.8638441417622243,0.004304255911010819,0.0011808522318290467,1.182005618997189e-09,0.06312793412071337,0.0,0.02750303184180405,3.4841365299361083e-07,6.894731355287206e-10,2.272483380997732e-06,1.5039581862982166e-07,9.016624112813221e-09,5.718237042560954e-09,2.1541023453048706e-06,7.5289677893593116e-06,0.0004968838380703391,1.0669308064629109e-08,5.003469746981669e-07,1.3159726136344268e-25,4.805739783671541e-15
5.250947352314842e-06,0.05595639656,0.054,0.0,0.0,0.0017136915432810623,0.8638419808851876,0.004305862344212122,0.001181261978811182,1.1850590272740524e-09,0.06312686734927431,0.0,0.027505491244385834,3.480532737074153e-07,6.87497932488215e-10,2.268655512559724e-06,1.5007425402607963e-07,9.007310199752718e-09,5.7108031252482505e-09,2.151663601083892e-06,7.521116455929925e-06,0.0004971476213884763,1.0635426051438482e-08,4.995263533195615e-07,1.3227803505913903e-25,4.806599309322192e-15
5.261390309719318e-06,0.05595639656,0.054,0.0,0.0,0.001711002121750076,0.8638398267981563,0.004307465459839476,0.0011816707984602113,1.1881140231982341e-09,0.06312580277297263,0.0,0.027507940758296788,3.476941457983679e-07,6.855330297518224e-10,2.264842860376464e-06,1.4975417878001715e-07,8.998028043587248e-09,5.703395640081045e-09,2.1492335606268517e-06,7.513291323655377e-06,0.0004974110046799377,1.0601726889879217e-08,4.987088951028635e-07,1.3296092043473072e-25,4.807455455411707e-15
5.271833267123794e-06,0.05595639656,0.054,0.0,0.0,0.001708322848915346,0.8638376794648461,0.004309065272816008,0.0011820786951287458,1.1911706043169792e-09,0.06312474038195716,0.0,0.02751038043984419,3.473362631741177e-07,6.83578316140233e-10,2.261045334271179e-06,1.4943558260299445e-07,8.988778238685833e-09,5.6960144011289764e-09,2.146812177311813e-06,7.505492262340526e-06,0.0004976739894117626,1.0568209247750885e-08,4.978945824964695e-07,1.3364591968146267e-25,4.808308240714126e-15
5.282276224528269e-06,0.05595639656,0.054,0.0,0.0,0.0017056536678643033,0.8638355388492382,0.004310661797967589,0.0011824856731405657,1.1942287681864454e-09,0.0631236801664407,0.0,0.02751281034491274,3.4697961876569337e-07,6.816337165365081e-10,2.2572628454674556e-06,1.4911845615244207e-07,8.979560979314866e-09,5.688659286939302e-09,2.1443994049281056e-06,7.497719142729765e-06,0.0004979365770418029,1.0534871804603542e-08,4.970833980789964e-07,1.3433303498770377e-25,4.809157683849181e-15
5.292719181932745e-06,0.05595639656,0.054,0.0,0.0,0.001702994522110884,0.8638334049155739,0.004312255050024847,0.0011828917367908663,1.197288512371648e-09,0.06312262211669942,0.0,0.02751523052896771,3.466242055462432e-07,6.796992057246044e-10,2.2534953058871225e-06,1.4880278963165826e-07,8.970374751405874e-09,5.681330198983451e-09,2.141995197651806e-06,7.48997183652499e-06,0.0004981987690197137,1.0501713251163755e-08,4.962753245551429e-07,1.3502226853919784e-25,4.8100038032889045e-15
5.303162139337221e-06,0.05595639656,0.054,0.0,0.0,0.0017003453555898352,0.8638312776283552,0.004313845043622004,0.0011832968903465028,1.200349834446411e-09,0.06312156622307252,0.0,0.02751764104705743,3.4627001767853173e-07,6.77774667469829e-10,2.2497426274199322e-06,1.484885727218514e-07,8.961220201385136e-09,5.6740269395082615e-09,2.139599509847919e-06,7.482250216105906e-06,0.0004984605667869944,1.0468732291484801e-08,4.954703447541297e-07,1.3571362252067326e-25,4.810846617402319e-15
5.313605096741697e-06,0.05595639656,0.054,0.0,0.0,0.001697706112651685,0.8638291569523407,0.004315431793298055,0.0011837011380462332,1.2034127319933122e-09,0.06312051247596161,0.0,0.027520041953819456,3.459170485632065e-07,6.758600102128386e-10,2.2460047231536514e-06,1.4817579620005583e-07,8.952098193803113e-09,5.666749383982645e-09,2.1372122962854245e-06,7.474554154760166e-06,0.0004987219717759175,1.0435927641088551e-08,4.946684416318394e-07,1.3640709911397206e-25,4.811686144407318e-15
5.324048054146173e-06,0.05595639656,0.054,0.0,0.0,0.0016950767380618736,0.8638270428525437,0.004317015313499722,0.0011841044841009545,1.2064772026036346e-09,0.06311946086583,0.0,0.027522433303484632,3.455652909436271e-07,6.739552392130406e-10,2.242281507255145e-06,1.4786445092392848e-07,8.94300645992437e-09,5.659497462561509e-09,2.1348335121540294e-06,7.466883526772847e-06,0.0004989829854104712,1.0403298025719291e-08,4.938695982664353e-07,1.3710270049794715e-25,4.812522402367642e-15
5.3344910115506485e-06,0.05595639656,0.054,0.0,0.0,0.0016924571769955344,0.8638249352942295,0.004318595618579712,0.0011845069326939398,1.2095432438773135e-09,0.0631184113832026,0.0,0.027524815149877455,3.452147390292916e-07,6.720602390626915e-10,2.2385728936935983e-06,1.4755452669889872e-07,8.933945419105935e-09,5.652270963145959e-09,2.1324631127774915e-06,7.459238207034448e-06,0.0004992436091071769,1.0370842184473332e-08,4.930737978571814e-07,1.3780042885087765e-25,4.813355409258572e-15
5.344933968955124e-06,0.05595639656,0.054,0.0,0.0,0.0016898473750313156,0.8638228342429142,0.004320172722797077,0.0011849084879810732,1.2126108534228859e-09,0.06311736401866502,0.0,0.02752718754642232,3.448653868692676e-07,6.70174882298513e-10,2.2348787972921845e-06,1.4724601418940776e-07,8.9249172521121e-09,5.645069748777225e-09,2.1301010538671483e-06,7.451618071296066e-06,0.0004995038442734915,1.0338558867853855e-08,4.922810237282274e-07,1.3850028634823753e-25,4.814185182909643e-15
5.3553769263596e-06,0.05595639656,0.054,0.0,0.0,0.0016872472781516215,0.8638207396643607,0.004321746640321809,0.0011853091540910826,1.2156800288574431e-09,0.0631163187628631,0.0,0.02752955054614992,3.4451722707693957e-07,6.682992130553013e-10,2.2311991343815786e-06,1.4693890488683342e-07,8.915918753625217e-09,5.6378937889787645e-09,2.127747291609392e-06,7.444022996376277e-06,0.0004997636923082784,1.0306446835402773e-08,4.914912593218731e-07,1.392022751619551e-25,4.8150117409847254e-15
5.365819883764076e-06,0.05595639656,0.054,0.0,0.0,0.0016846568327380652,0.8638186515245783,0.004323317385232461,0.0011857089351257637,1.2187507678065789e-09,0.06311527560650271,0.0,0.027531904201695215,3.441702535979494e-07,6.664331356764371e-10,2.2275338210922872e-06,1.4663318896924393e-07,8.906949352194336e-09,5.630742857497451e-09,2.1254017822631015e-06,7.436452859620645e-06,0.0005000231546035724,1.0274504860044383e-08,4.90704488196808e-07,1.399063974638936e-25,4.815835101075511e-15
5.3752185454281045e-06,0.05595639656,0.054,0.0,0.0,0.0016823336398689396,0.8638167776760257,0.00432472835462796,0.0011860679846861866,1.221515767710131e-09,0.063114338553167,0.0,0.027534014545597667,3.4385898743403793e-07,6.647617116636528e-10,2.2242472389713133e-06,1.46359228075303e-07,8.898905577507133e-09,5.624328300559385e-09,2.1232978442454255e-06,7.429660957949496e-06,0.0005002563420055558,1.0245901476077268e-08,4.899989399498598e-07,1.4054193346086405e-25,4.816573405305343e-15
5.384617207092133e-06,0.05595639656,0.054,0.0,0.0,0.0016800181830379103,0.8638149089911041,0.004326136775671671,0.001186426323589161,1.2242820304250043e-09,0.06311340318620634,0.0,0.027536117400857058,3.4354867282767086e-07,6.630979421541302e-10,2.2209721526903304e-06,1.460863821212e-07,8.890886745521083e-09,5.617933889496287e-09,2.121200524688466e-06,7.422889069424761e-06,0.0005004892190813839,1.0217433973009408e-08,4.892957912261708e-07,1.4117920091891922e-25,4.817309145907364e-15
5.3940158687561615e-06,0.05595639656,0.054,0.0,0.0,0.0016777104239719413,0.863813045445535,0.004327542658443447,0.001186783954769848,1.227049554237727e-09,0.06311246949896757,0.0,0.02753821280504477,3.432393045059765e-07,6.614418762098577e-10,2.2177085029890923e-06,1.4581464464168192e-07,8.88288771271909e-09,5.611559466572152e-09,2.11910979236655e-06,7.4161371063675815e-06,0.0005007217868290342,1.0189101478263937e-08,4.885950302843225e-07,1.4181820141666163e-25,4.818042335439834e-15
5.40341453042019e-06,0.05595639656,0.054,0.0,0.0,0.0016754103246450671,0.8638111870151961,0.004328946012959414,0.0011871408811462974,1.2298183374402843e-09,0.06311153748483567,0.0,0.02754030079547663,3.4293087921304665e-07,6.5979325489934e-10,2.2144562298281895e-06,1.455440081730395e-07,8.874915852484287e-09,5.605204864099831e-09,2.1170256162025328e-06,7.409404981414769e-06,0.0005009540462416446,1.0160903128495917e-08,4.878966454592239e-07,1.4245893653175175e-25,4.818772986392716e-15
5.4107086908147395e-06,0.05595639656,0.054,0.0,0.0,0.001673630507009039,0.8638097482253825,0.0043300333992468635,0.0011874174024575127,1.2319680154498427e-09,0.06311081531154562,0.0,0.027541916167662005,3.426921622475232e-07,6.585189079747814e-10,2.211939992504585e-06,1.4533472634248627e-07,8.868749082689146e-09,5.600286905220536e-09,2.1154126173422822e-06,7.404193897429847e-06,0.0005011340874149187,1.0139110715362676e-08,4.873562696860161e-07,1.4295739794283412e-25,4.819338291924125e-15
5.418002851209289e-06,0.05595639656,0.054,0.0,0.0,0.001671855262585877,0.8638083124909335,0.004331119273383076,0.0011876935023562936,1.2341184501806883e-09,0.06311009413895956,0.0,0.027543527114050365,3.424540076415164e-07,6.572492095916833e-10,2.2094305452366497e-06,1.4512610182091778e-07,8.862592041814834e-09,5.59538093469158e-09,2.113803534641223e-06,7.398994669882299e-06,0.0005013139439286805,1.0117398180870737e-08,4.868173126972343e-07,1.4345690581072987e-25,4.8199020816229524e-15
5.425297011603839e-06,0.05595639656,0.054,0.0,0.0,0.001670084573911149,0.8638068798007639,0.004332203639978341,0.0011879691821856388,1.2362696408411554e-09,0.06310937396403213,0.0,0.027545133651776275,3.422164140190663e-07,6.559838447590706e-10,2.2069278603126405e-06,1.4491813043864662e-07,8.856451258345823e-09,5.590486560341008e-09,2.1121983534681273e-06,7.393807258121336e-06,0.0005014936162423022,1.0095765133577861e-08,4.862797691303793e-07,1.439574608742828e-25,4.820464361311089e-15
5.431861755958933e-06,0.05595639656,0.054,0.0,0.0,0.0016684948349049938,0.8638055929733529,0.004333178284762507,0.0011882169359778033,1.2382063581026569e-09,0.06310872665708939,0.0,0.02754657578041993,3.4200305796584164e-07,6.548488563615517e-10,2.2046812031688314e-06,1.447315122947109e-07,8.850937280769588e-09,5.5860918325216115e-09,2.1107570148706795e-06,7.389148657481653e-06,0.0005016551642090721,1.0076363024050695e-08,4.857971839931536e-07,1.4440885638784973e-25,4.820969126596222e-15
5.437770025878518e-06,0.05595639656,0.054,0.0,0.0,0.00166706720242799,0.8638044369227442,0.004334054426957205,0.001188439625199823,1.2399499261353854e-09,0.06310814476784997,0.0,0.027547870665017953,3.4181142320534994e-07,6.538304458164626e-10,2.2026638602252564e-06,1.445640051933945e-07,8.845984221896444e-09,5.5821447277271625e-09,2.1094624940296097e-06,7.384964048577668e-06,0.000501800430399449,1.0058955664188372e-08,4.853638293460303e-07,1.4481583853491992e-25,4.821422376912067e-15
5.443678295798103e-06,0.05595639656,0.054,0.0,0.0,0.0016656425282151888,0.8638032828499572,0.0043349295881891774,0.0011886620411824308,1.241693988732293e-09,0.06310756352780328,0.0,0.027549162687282122,3.4162015274241917e-07,6.528149028712344e-10,2.2006509063299138e-06,1.4439692178270495e-07,8.84104083870851e-09,5.578205264049799e-09,2.1081705080196916e-06,7.380787121446974e-06,0.0005019455765430658,1.0041599758872545e-08,4.849313926033316e-07,1.4522350905166872e-25,4.82187464657126e-15
5.449586565717688e-06,0.05595639656,0.054,0.0,0.0,0.0016642208031546128,0.863802130749206,0.004335803770871028,0.0011888841846278296,1.2434385454763709e-09,0.06310698293535649,0.0,0.027550451856154144,3.4142924579176264e-07,6.518022909040501e-10,2.1986423270994047e-06,1.4423026013186204e-07,8.836106700258222e-09,5.574273589274308e-09,2.106881049593027e-06,7.376617855355153e-06,0.0005020906028794338,1.0024295100725966e-08,4.844998709686186e-07,1.4563186832625534e-25,4.822325938519595e-15
5.455494835637273e-06,0.05595639656,0.054,0.0,0.0,0.001662802018171944,0.8638009806147265,0.004336676977406789,0.001189106056235672,1.2451835959514354e-09,0.06310640298892238,0.0,0.027551738180539215,3.412387011222554e-07,6.507925536748366e-10,2.1966381085223665e-06,1.4406401906220398e-07,8.831181485787407e-09,5.570349548002836e-09,2.1055941112136163e-06,7.372456229251581e-06,0.0005022355096474703,1.0007041486213397e-08,4.840692616548217e-07,1.460409167494454e-25,4.822776255766283e-15
5.461403105556859e-06,0.05595639656,0.054,0.0,0.0,0.0016613861642296949,0.8637998324407791,0.004337549210191356,0.0011893276567030765,1.2469291397421253e-09,0.06310582368691935,0.0,0.027553021669304876,3.410485175074102e-07,6.497856175045907e-10,2.1946382366607195e-06,1.4389819719701326e-07,8.826266171678498e-09,5.566433015807403e-09,2.104309685389898e-06,7.368302222164038e-06,0.0005023802970854997,9.989838712929075e-09,4.836395618864413e-07,1.4645065471163995e-25,4.823225601304679e-15
5.467311375476444e-06,0.05595639656,0.054,0.0,0.0,0.0016599732323272418,0.863798686221646,0.004338420471611596,0.0011895489867246364,1.2486751764338994e-09,0.06310524502777141,0.0,0.027554302331282816,3.408586941286711e-07,6.487815820090553e-10,2.192642697378161e-06,1.4373279261968694e-07,8.821360227443828e-09,5.562524228111539e-09,2.1030277650510535e-06,7.36415581369802e-06,0.0005025249654305454,9.972686575775593e-09,4.832107689014506e-07,1.4686108259954129e-25,4.823673978023182e-15
5.473219645396029e-06,0.05595639656,0.054,0.0,0.0,0.0016585632135018953,0.8637975419516327,0.004339290764046336,0.0011897700469924311,1.250421705613033e-09,0.06310466700990826,0.0,0.02755558017526855,3.4066922995145194e-07,6.477804064130269e-10,2.190651476729385e-06,1.4356780384928455e-07,8.816462842964649e-09,5.55862304044739e-09,2.101748342766017e-06,7.3600169830635174e-06,0.0005026695149194149,9.955584874028464e-09,4.827828799449705e-07,1.4727220080313267e-25,4.8241213888915066e-15
5.479127915315614e-06,0.05595639656,0.054,0.0,0.0,0.001657156098826713,0.8637963996250672,0.004340160089864904,0.001189990838196041,1.2521687268666156e-09,0.06310408963176506,0.0,0.027556855210020475,3.4048012369119483e-07,6.46781975400063e-10,2.1886645609739453e-06,1.4340322968719647e-07,8.811575345257121e-09,5.554729240243271e-09,2.100471411038128e-06,7.355885709395996e-06,0.00050281394578824,9.938533409208132e-09,4.823558922737422e-07,1.4768400971299943e-25,4.8245678368897e-15
5.485036185235199e-06,0.05595639656,0.054,0.0,0.0,0.0016557518794104256,0.8637952592362995,0.004341028451428604,0.0011902113610225541,1.2539162397825503e-09,0.06310351289178247,0.0,0.027558127444262042,3.402913744141881e-07,6.457864165704061e-10,2.1866819362313042e-06,1.4323906844112124e-07,8.806697368554597e-09,5.550843145560651e-09,2.0991969629621315e-06,7.351761972621068e-06,0.0005029582582714557,9.921531978556068e-09,4.819298031597513e-07,1.4809650971446093e-25,4.825013324851293e-15
5.4909444551547845e-06,0.05595639656,0.054,0.0,0.0,0.0016543505464001445,0.8637941207797031,0.0043418958510914145,0.0011904316161565824,1.2556642439495468e-09,0.06310293678840684,0.0,0.027559396886680947,3.401029812380449e-07,6.44793712020384e-10,2.184703588666755e-06,1.4307531842860578e-07,8.801827485233828e-09,5.546964635041262e-09,2.097924991221408e-06,7.347645752221614e-06,0.0005031024526036867,9.90458038399005e-09,4.815046098808991e-07,1.485097011966154e-25,4.825457855704248e-15
5.49685272507437e-06,0.05595639656,0.054,0.0,0.0,0.0016529520909781266,0.8637929842496725,0.004342762291197536,0.0011906516042802713,1.2574127389571233e-09,0.0631023613200898,0.0,0.027560663545927813,3.3991494292524486e-07,6.438036871876615e-10,2.1827295046930243e-06,1.4291197840613142e-07,8.796967458520686e-09,5.543093366380516e-09,2.0966554882750596e-06,7.343537027389763e-06,0.0005032465290191459,9.88767843129657e-09,4.810803097260657e-07,1.4892358455060443e-25,4.825901432425557e-15
5.502760994993955e-06,0.05595639656,0.054,0.0,0.0,0.0016515565043606077,0.8637918496406256,0.004343627774082904,0.0011908713260733103,1.2591617243956022e-09,0.06310178648528857,0.0,0.027561927430619373,3.3972725840537275e-07,6.428164971441297e-10,2.180759670687494e-06,1.4274904692153443e-07,8.792117339358689e-09,5.5392297547629064e-09,2.0953884473944937e-06,7.339435778380724e-06,0.0005033904877496752,9.870825919915748e-09,4.806569000008001e-07,1.4933816016024097e-25,4.826344057791079e-15
5.50866926491354e-06,0.05595639656,0.054,0.0,0.0,0.0016501637778026602,0.8637907169470019,0.004344492302077069,0.0011910907822129473,1.2609111998561058e-09,0.06310121228246578,0.0,0.027563188549337616,3.395399268661411e-07,6.418321712932821e-10,2.1787940729625296e-06,1.4258652226345784e-07,8.78727471398538e-09,5.53537374429783e-09,2.09412386141626e-06,7.335341985002198e-06,0.0005035343290275248,9.854022653897602e-09,4.802343780147332e-07,1.497534284133603e-25,4.826785734677471e-15
5.514577534833125e-06,0.05595639656,0.054,0.0,0.0,0.0016487739025943897,0.8637895861632624,0.004345355877499558,0.0011913099733739966,1.262661164930558e-09,0.06310063871008939,0.0,0.027564446910626827,3.3935294718327874e-07,6.408504572598662e-10,2.176832698038855e-06,1.4242440304984017e-07,8.782441752745988e-09,5.531524810625011e-09,2.0928617227069457e-06,7.331255626438909e-06,0.0005036780530851889,9.837268443701679e-09,4.798127410879518e-07,1.5016938970212572e-25,4.827226466071398e-15
5.52048580475271e-06,0.05595639656,0.054,0.0,0.0,0.0016473868700577678,0.8637884572838906,0.004346218502661065,0.0011915289002288533,1.2644116192116762e-09,0.06310006576663292,0.0,0.027565702522998368,3.391663181846496e-07,6.3987152627121e-10,2.1748755325319052e-06,1.4226268797263222e-07,8.777619428836708e-09,5.5276834678987235e-09,2.0916020247137986e-06,7.327176683268245e-06,0.0005038216601520221,9.820563090984253e-09,4.793919865598474e-07,1.505860444088318e-25,4.82766625469121e-15
5.526394074672296e-06,0.05595639656,0.054,0.0,0.0,0.0016460026715546029,0.8637873303033916,0.004347080179867285,0.001191747563447503,1.2661625622929731e-09,0.06309949345057504,0.0,0.027566955394930263,3.389800390509242e-07,6.388954229307438e-10,2.172922562938763e-06,1.4210137539415346e-07,8.77280401447421e-09,5.523849621963251e-09,2.090344760315294e-06,7.323105135489184e-06,0.0005039651504580829,9.803906402847527e-09,4.789721117719929e-07,1.5100339292104914e-25,4.8281051033892734e-15
5.532302344591881e-06,0.05595639656,0.054,0.0,0.0,0.0016446212984791897,0.863786205216292,0.00434794091141276,0.001191965963697532,1.2679139937687534e-09,0.0630989217603999,0.0,0.02756820553486271,3.387941087419805e-07,6.379220006245755e-10,2.170973775926525e-06,1.419404638888779e-07,8.767998219064064e-09,5.520023056055965e-09,2.089089922281157e-06,7.319040962885712e-06,0.0005041085242330226,9.787298189828983e-09,4.785531140762422e-07,1.5142143562739623e-25,4.828543015040989e-15
5.538210614511466e-06,0.05595639656,0.054,0.0,0.0,0.0016432427422607783,0.8637850820171398,0.004348800699584978,0.0011921841016441384,1.2696659132341097e-09,0.0630983506945969,0.0,0.02756945295120334,3.38608526168107e-07,6.369512872897423e-10,2.1690291582398115e-06,1.4177995207135292e-07,8.763201956179318e-09,5.516203848386927e-09,2.087837503699796e-06,7.314984145735435e-06,0.0005042517817050397,9.770738260158012e-09,4.781349908391328e-07,1.5184017291357706e-25,4.8289799924382174e-15
5.544118884431051e-06,0.05595639656,0.054,0.0,0.0,0.0016418669943641462,0.8637839607005049,0.004349659546664034,0.0011924019779501434,1.2714183202849218e-09,0.06309778025166073,0.0,0.027570697652325987,3.3842329035692344e-07,6.359832968023537e-10,2.1670886966216634e-06,1.416198384804035e-07,8.75841412329672e-09,5.512391976114294e-09,2.086587497596828e-06,7.310934664278265e-06,0.0005043949231018413,9.754226423818375e-09,4.777177394359468e-07,1.5225960516593368e-25,4.829416038384416e-15
5.550027154350636e-06,0.05595639656,0.054,0.0,0.0,0.0016404940462877808,0.8637828412609783,0.004350517454921185,0.001192619593276005,1.2731712145178532e-09,0.06309721043009138,0.0,0.027571939646569548,3.3823840032667685e-07,6.350179970664811e-10,2.1651523778745827e-06,1.4146012166967488e-07,8.753635386243131e-09,5.508587403205169e-09,2.085339897009364e-06,7.306892498785058e-06,0.000504537948650456,9.737762492085375e-09,4.77301357253058e-07,1.526797327707466e-25,4.829851155675853e-15
5.5559354242702215e-06,0.05595639656,0.054,0.0,0.0,0.0016391238895646753,0.8637817236931717,0.0043513744266200464,0.001192836948279827,1.2749245955303478e-09,0.06309664122839409,0.0,0.027573178942239554,3.380538550639958e-07,6.340553836197812e-10,2.1632201888841023e-06,1.4130080022714874e-07,8.748865680224406e-09,5.504790123395054e-09,2.084094695025545e-06,7.302857629642019e-06,0.0005046808585771205,9.721346276793555e-09,4.768858416868873e-07,1.531005561138414e-25,4.830285347091273e-15
5.561843694189807e-06,0.05595639656,0.054,0.0,0.0,0.0016377565157621372,0.863780607991719,0.00435223046401648,0.001193054043617368,1.2766784629206297e-09,0.06309607264507924,0.0,0.027574415547607922,3.378696535728145e-07,6.330954511584732e-10,2.1612921165837172e-06,1.4114187273743701e-07,8.744104703352471e-09,5.501000111658173e-09,2.0828518847470813e-06,7.298830037286338e-06,0.0005048236531073981,9.704977590864825e-09,4.764711901434143e-07,1.535220755809742e-25,4.830718615402228e-15
5.567751964109392e-06,0.05595639656,0.054,0.0,0.0,0.0016363919164812128,0.8637794941512741,0.004353085569358225,0.0011932708799420563,1.2784328162876997e-09,0.06309550467866247,0.0,0.027575649470912848,3.376857948701769e-07,6.321381838952674e-10,2.159368147952915e-06,1.409833377853414e-07,8.73935263342475e-09,5.497217345672931e-09,2.081611459303914e-06,7.29480970222502e-06,0.0005049663324661432,9.688656248145673e-09,4.7605740003903105e-07,1.5394429155767507e-25,4.831150963368843e-15
5.573660234028977e-06,0.05595639656,0.054,0.0,0.0,0.0016350300833568405,0.863778382166512,0.004353939744885285,0.001193487457904995,1.2801876552313315e-09,0.06309493732766451,0.0,0.02757688072035929,3.3750227796963964e-07,6.3118357288509e-10,2.1574482700304668e-06,1.4082519396752945e-07,8.734609422489715e-09,5.4934418072176084e-09,2.080373411855111e-06,7.290796605041317e-06,0.0005051088968774911,9.672382063355399e-09,4.756444688004786e-07,1.5436720442923732e-25,4.8315823937396605e-15
5.579568503948562e-06,0.05595639656,0.054,0.0,0.0,0.0016336710080576073,0.8637772720321291,0.004354792992829907,0.0011937037781549783,1.2819429793520711e-09,0.06309437059061133,0.0,0.027578109304119146,3.373191018853839e-07,6.302316102937764e-10,2.155532469912301e-06,1.4066743988870057e-07,8.729874932365902e-09,5.489673474930191e-09,2.0791377355847415e-06,7.286790726385904e-06,0.000505251346564877,9.656154852149655e-09,4.752323938646366e-07,1.5479081458076312e-25,4.832012909252918e-15
5.585476773868147e-06,0.05595639656,0.054,0.0,0.0,0.0016323146822854089,0.863776163742842,0.004355645315416428,0.0011939198413384996,1.2836987882512335e-09,0.06309380446603398,0.0,0.02757933523033114,3.371362656424087e-07,6.292822807126397e-10,2.1536207347440046e-06,1.4051007415530956e-07,8.725149328007533e-09,5.4859123265736045e-09,2.0779044237026584e-06,7.282792046976203e-06,0.0005053936817510384,9.639974431107848e-09,4.7482117267843096e-07,1.5521512239715176e-25,4.832442512636181e-15
5.591385043787733e-06,0.05595639656,0.054,0.0,0.0,0.0016309610977755164,0.8637750572933879,0.004356496714861559,0.0011941356480997625,1.2854550815309008e-09,0.06309323895246859,0.0,0.027580558507101324,3.369537682676388e-07,6.283355765101825e-10,2.151713051726435e-06,1.403530953824431e-07,8.720432526633578e-09,5.482158345014517e-09,2.0766734694474025e-06,7.278800547605285e-06,0.0005055359026580041,9.623840617658125e-09,4.744108026988072e-07,1.556401282630659e-25,4.8328712066055975e-15
5.597293313707318e-06,0.05595639656,0.054,0.0,0.0,0.0016296102462964167,0.8637739526785243,0.004357347193374412,0.0011943511990806896,1.2872118587939187e-09,0.06309267404845632,0.0,0.027581779142503166,3.367716087860278e-07,6.273914931893893e-10,2.14980940811752e-06,1.401965021950845e-07,8.715724259754619e-09,5.478411509156816e-09,2.0754448660819635e-06,7.274816209132568e-06,0.0005056780095071111,9.607753230152161e-09,4.740012813926363e-07,1.5606583256298141e-25,4.833298993867254e-15
5.603201583626903e-06,0.05595639656,0.054,0.0,0.0,0.0016282621196493131,0.8637728498930298,0.0043581967531561685,0.0011945664949209356,1.288969119643896e-09,0.06309210975254355,0.0,0.02758299714457738,3.3658978623213705e-07,6.264500121105237e-10,2.1479097912240663e-06,1.400402932200118e-07,8.711024803290825e-09,5.474671795141142e-09,2.0742186068940847e-06,7.270839012480907e-06,0.0005058200025190115,9.591712087867105e-09,4.735926062367288e-07,1.5649223568117897e-25,4.8337258771168764e-15
5.609109853546488e-06,0.05595639656,0.054,0.0,0.0,0.0016269167096682787,0.8637717489317024,0.0043590453964004894,0.0011947815362578953,1.2907268636852005e-09,0.0630915460632815,0.0,0.027584212521332432,3.364082996468111e-07,6.255111234031854e-10,2.146014188405305e-06,1.3988446708943001e-07,8.706334193766376e-09,5.470939187406286e-09,2.072994685200781e-06,7.2668689386500245e-06,0.000505961881913656,9.57571701089435e-09,4.731847747178337e-07,1.5691933800169171e-25,4.834151859038582e-15
5.615018123466073e-06,0.05595639656,0.054,0.0,0.0,0.0016255740082202542,0.863770649789361,0.0043598931252937035,0.0011949963237267145,1.292485090522957e-09,0.06309098297922647,0.0,0.027585425280744934,3.362271480671247e-07,6.245748286859215e-10,2.1441225870786413e-06,1.3972902244725568e-07,8.701651936713415e-09,5.46721366628292e-09,2.0717730943432493e-06,7.262905968706466e-06,0.0005061036479103085,9.55976782022849e-09,4.7277778433246804e-07,1.5734713990836762e-25,4.83457694230668e-15
5.6209263933856585e-06,0.05595639656,0.054,0.0,0.0,0.0016242340072042765,0.8637695524608441,0.0043607399420141826,0.001195210857960303,1.2942437997630457e-09,0.06309042049893977,0.0,0.027586635430759048,3.360463305359068e-07,6.236411069432624e-10,2.1422349747107513e-06,1.395739579415744e-07,8.696978367131465e-09,5.463495205290277e-09,2.070553827685869e-06,7.258950083775551e-06,0.0005062453007275625,9.543864337799726e-09,4.7237163258690413e-07,1.5777564178487364e-25,4.83500112958559e-15
5.626834663305244e-06,0.05595639656,0.054,0.0,0.0,0.0016228966985516664,0.8637684569410106,0.004361585848732776,0.0011954251395893396,1.2960029910120997e-09,0.06308985862098766,0.0,0.027587842979287097,3.358658461060009e-07,6.227099425433705e-10,2.1403513388170308e-06,1.3941927222239122e-07,8.692313782368468e-09,5.459783790302052e-09,2.069336878622826e-06,7.255001265060243e-06,0.0005063868405833172,9.528006386316265e-09,4.7196631699722125e-07,1.5820484401461653e-25,4.835424423527852e-15
5.632742933224829e-06,0.05595639656,0.054,0.0,0.0,0.0016215620742264006,0.8637673632247391,0.004362430847613397,0.0011956391692422874,1.2977626638775013e-09,0.0630892973439413,0.0,0.027589047934210312,3.356856938278376e-07,6.217813466547723e-10,2.1384716669708652e-06,1.3926496395063108e-07,8.687657346728127e-09,5.456079404601089e-09,2.0681222405726654e-06,7.251059493832427e-06,0.0005065282676947902,9.512193789362571e-09,4.7156183508912603e-07,1.586347469808165e-25,4.835846826776407e-15
5.638651203144414e-06,0.05595639656,0.054,0.0,0.0,0.0016202301262239554,0.8637662713069282,0.004363274940811972,0.0011958529475454012,1.2995228179673815e-09,0.06308873666637681,0.0,0.027590250303377806,3.355058727531203e-07,6.208552981134563e-10,2.13659594679628e-06,1.3911103179519068e-07,8.683009340198075e-09,5.452382017660556e-09,2.0669099069751604e-06,7.247124751416994e-06,0.0005066695822785425,9.496426371480941e-09,4.7115818439793303e-07,1.5906535106653285e-25,4.8362683419649266e-15
5.644559473063999e-06,0.05595639656,0.054,0.0,0.0,0.0016189008465713232,0.8637651811824956,0.004364118130476706,0.0011960664751227365,1.301283452890616e-09,0.06308817658687517,0.0,0.027591450094607044,3.353263819449222e-07,6.199317681620363e-10,2.1347241659631357e-06,1.3895747442524677e-07,8.678370607032879e-09,5.448691615929469e-09,2.0656998713002868e-06,7.243197019216192e-06,0.0005068107845504487,9.480703957954711e-09,4.7075536246865303e-07,1.5949665665454935e-25,4.836688971714799e-15
5.6504677429835844e-06,0.05595639656,0.054,0.0,0.0,0.0016175742273281165,0.863764092846379,0.004364960418749445,0.0011962797525961622,1.3030445682568246e-09,0.06308761710402226,0.0,0.027592647315685344,3.3514722046708203e-07,6.190107809528007e-10,2.1328563121983737e-06,1.3880429051760177e-07,8.673739876000389e-09,5.445008188419863e-09,2.064492127043205e-06,7.239276278705783e-06,0.0005069518747257057,9.465026374903705e-09,4.703533668557704e-07,1.5992866412745688e-25,4.837108718637947e-15
5.65637601290317e-06,0.05595639656,0.054,0.0,0.0,0.00161625026058497,0.8637630062935363,0.00436580180776413,0.0011964927805853704,1.3048061636763679e-09,0.06308705821640878,0.0,0.027593841974368375,3.3496838738144113e-07,6.180923226555023e-10,2.1309923732804723e-06,1.3865147876033203e-07,8.669117043773342e-09,5.441331699132674e-09,2.063286667718004e-06,7.2353625114080304e-06,0.0005070928530188667,9.449393449441161e-09,4.6995219512320467e-07,1.6036137386771343e-25,4.837527585337902e-15
5.662284282822755e-06,0.05595639656,0.054,0.0,0.0,0.0016149289384629238,0.8637619215189435,0.004366642299646407,0.001196705559707883,1.306568238760345e-09,0.06308649992263032,0.0,0.027595034078379887,3.347898817603449e-07,6.171763392540004e-10,2.129132337031055e-06,1.384990378430652e-07,8.664503953416145e-09,5.4376621325583495e-09,2.0620834868688705e-06,7.2314556989197365e-06,0.0005072337196438103,9.433805009387348e-09,4.6955184484447473e-07,1.6079478625748483e-25,4.837945574405323e-15
5.66819255274234e-06,0.05595639656,0.054,0.0,0.0,0.0016136102531157763,0.8637608385175968,0.004367481896516318,0.0011969180905790644,1.3083307931205905e-09,0.06308594222128716,0.0,0.02759622363541469,3.3461170267983927e-07,6.162628682596749e-10,2.1272761913289623e-06,1.3834696645863342e-07,8.659898955625827e-09,5.4339994878185e-09,2.060882578066839e-06,7.227555822918925e-06,0.0005073744748137357,9.41826088334092e-09,4.691523136024368e-07,1.6122890167872897e-25,4.838362688421365e-15
5.674100822661925e-06,0.05595639656,0.054,0.0,0.0,0.001612294196728253,0.8637597572845112,0.004368320600486474,0.0011971303738121306,1.3100938263696748e-09,0.06308538511098452,0.0,0.027597410653136735,3.344338492127598e-07,6.15351920866389e-10,2.1254239241053044e-06,1.3819526331206147e-07,8.655300834697112e-09,5.430343722885259e-09,2.059683934899579e-06,7.223662865124425e-06,0.0005075151187412134,9.402760900945105e-09,4.687535989892009e-07,1.6166372051330884e-25,4.838778929960113e-15
5.68000909258151e-06,0.05595639656,0.054,0.0,0.0,0.0016109807615137773,0.8637586778147212,0.00436915841365997,0.0011973424100181595,1.3118573381208994e-09,0.06308482859033225,0.0,0.027598595139177166,3.342563204414841e-07,6.14443400607167e-10,2.123575523329392e-06,1.3804392711374333e-07,8.650713036671731e-09,5.4266948146132844e-09,2.0584875509836854e-06,7.2197768073219565e-06,0.0005076556516381532,9.387304892524742e-09,4.683556986063866e-07,1.6209924314277952e-25,4.839194301581933e-15
5.6859173625010955e-06,0.05595639656,0.054,0.0,0.0,0.0016096699397186941,0.8637576001032803,0.004369995338135071,0.0011975541998060985,1.3136213279882943e-09,0.06308427265794503,0.0,0.027599777101139346,3.3407911545278025e-07,6.135373480065583e-10,2.121730977029824e-06,1.3789295657388695e-07,8.646134057020895e-09,5.423052778301379e-09,2.0572934199650985e-06,7.215897631389192e-06,0.000507796073715783,9.371892689098628e-09,4.6795861006482195e-07,1.6253546994845995e-25,4.839608805837319e-15
5.691825632420681e-06,0.05595639656,0.054,0.0,0.0,0.0016083617236206241,0.8637565241452606,0.0043708313760035655,0.0011977657437827777,1.3153857955866182e-09,0.06308371731244221,0.0,0.027600956546597145,3.3390223332875815e-07,6.126338074229445e-10,2.1198902732883063e-06,1.377423504129635e-07,8.641561155857898e-09,5.41941756069653e-09,2.056101535503821e-06,7.212025319237658e-06,0.0005079363851847163,9.356524122819145e-09,4.675623309843797e-07,1.6297240131163109e-25,4.840022445271698e-15
5.697733902340266e-06,0.05595639656,0.054,0.0,0.0,0.0016070561055248403,0.8637554499357534,0.004371666529347202,0.0011979770425529148,1.3171507405313547e-09,0.06308316255244786,0.0,0.027602133483091415,3.3372567316525193e-07,6.117326957965252e-10,2.118053400222166e-06,1.3759210735896565e-07,8.636997447980088e-09,5.415789152787899e-09,2.05491189129135e-06,7.208159852854949e-06,0.0005080765862549007,9.34119902638002e-09,4.671668589944442e-07,1.6341003761320366e-25,4.840435222414943e-15
5.703642172259851e-06,0.05595639656,0.054,0.0,0.0,0.0016057530777684097,0.8637543774698685,0.00437250080024222,0.001198188096719128,1.31891616243871e-09,0.06308260837659072,0.0,0.0276033079181348,3.335494340581188e-07,6.108340095707819e-10,2.116220346007755e-06,1.374422261438305e-07,8.632442800468889e-09,5.412167542306679e-09,2.053724481040272e-06,7.204301214291322e-06,0.0005082166771356476,9.325917233371801e-09,4.6677219173324815e-07,1.6384837923395594e-25,4.840847139789707e-15
5.709550442179436e-06,0.05595639656,0.054,0.0,0.0,0.0016044526327192515,0.8637533067427345,0.004373334190758541,0.0011983989068819437,1.3206820609256109e-09,0.06308205478350422,0.0,0.027604479859211047,3.333735151004124e-07,6.099377772535165e-10,2.1143910988698543e-06,1.3729270550346135e-07,8.627895552475472e-09,5.4085527038850344e-09,2.052539298488388e-06,7.200449385663427e-06,0.0005083566580356202,9.310678578207723e-09,4.6637832684825467e-07,1.6428742655446858e-25,4.841258199909356e-15
5.7154587120990214e-06,0.05595639656,0.054,0.0,0.0,0.001603154762773974,0.863752237749499,0.004374166702957708,0.0011986094736398066,1.3224484356097033e-09,0.06308150177182636,0.0,0.02760564931377291,3.3319791539642074e-07,6.090439617231399e-10,2.1125656470743647e-06,1.3714354418107573e-07,8.623356806623525e-09,5.4049446186493295e-09,2.051356337396141e-06,7.1966043491464734e-06,0.0005084965291628471,9.295482896058757e-09,4.6598526199599996e-07,1.6472717995509954e-25,4.841668405276455e-15
5.721366982018607e-06,0.05595639656,0.054,0.0,0.0,0.0016018594603594732,0.8637511704853273,0.004374998338894737,0.00119881979758909,1.3242152861093487e-09,0.0630809493401999,0.0,0.027606816289244263,3.330226340523804e-07,6.081525525430526e-10,2.1107439789401837e-06,1.369947409262095e-07,8.618826655083494e-09,5.401343271062505e-09,2.05017559154778e-06,7.192766086979656e-06,0.000508636290724718,9.280330022905657e-09,4.655929948419746e-07,1.6516763981601506e-25,4.842077758384432e-15
5.727275251938192e-06,0.05595639656,0.054,0.0,0.0,0.0016005667179327461,0.8637501049454036,0.004375829100618115,0.0011990298793241045,1.3259826120436228e-09,0.06308039748727201,0.0,0.027607980793020168,3.3284767017453917e-07,6.072635588766446e-10,2.1089260828364317e-06,1.3684629449370905e-07,8.614304303198825e-09,5.397748640855137e-09,2.048997054751968e-06,7.188934581467743e-06,0.0005087759429279868,9.26521979551264e-09,4.6520152306064865e-07,1.6560880651717844e-25,4.8424862617172494e-15
5.735321162865494e-06,0.05595639656,0.054,0.0,0.0,0.0015988103582920098,0.8637486566521361,0.004376959033806396,0.001199315581208238,1.3283901290501884e-09,0.06307964689946115,0.0,0.027609562658358094,3.3260991244562516e-07,6.060567737569328e-10,2.1064565081644064e-06,1.3664471100800626e-07,8.608158930924722e-09,5.392864223708427e-09,2.0473956589626396e-06,7.183727652488556e-06,0.00050896594648807,9.244710902323886e-09,4.6466968978283735e-07,1.6621072688822037e-25,4.8430412014413495e-15
5.743367073792797e-06,0.05595639656,0.054,0.0,0.0,0.0015970587133609195,0.8637472115355516,0.0043780873546724365,0.0011996008364906828,1.330798526093135e-09,0.06307889737896331,0.0,0.02761113997207577,3.3237273958640084e-07,6.048543871568551e-10,2.1039938781650297e-06,1.3644378384089766e-07,8.602029616324612e-09,5.387992182754865e-09,2.045798332941979e-06,7.178533176757002e-06,0.0005091557481421328,9.224280387099995e-09,4.6413932141457604e-07,1.668139597661203e-25,4.8435945760539855e-15
5.751412984720099e-06,0.05595639656,0.054,0.0,0.0,0.001595311764352301,0.8637457695836506,0.004379214068327778,0.0011998856466540885,1.3332078022167898e-09,0.063078148922403,0.0,0.027612712752590255,3.321361493708054e-07,6.036564208447222e-10,2.10153816388468e-06,1.3624350989744631e-07,8.595914543429934e-09,5.38313247371975e-09,2.044205061261896e-06,7.17335111013789e-06,0.0005093453484067107,9.203927844538984e-09,4.636104121621287e-07,1.6741850610867298e-25,4.844146391743455e-15
5.759458895647402e-06,0.05595639656,0.054,0.0,0.0,0.0015935694925782694,0.8637443307844951,0.004380339179859999,0.0012001700131741575,1.3356179564679001e-09,0.06307740152642001,0.0,0.027614281018219743,3.319001395859333e-07,6.024628699208793e-10,2.099089336528517e-06,1.360438861019347e-07,8.589812896411028e-09,5.378285047720945e-09,2.0426158285728225e-06,7.1681814087045406e-06,0.0005095347477962089,9.183652871964128e-09,4.630829562619097e-07,1.6802436687298096e-25,4.844696654665529e-15
5.767504806574704e-06,0.05595639656,0.054,0.0,0.0,0.0015918318794482232,0.863742895126209,0.004381462694331329,0.0012004539375196845,1.3380289878956234e-09,0.06307665518766963,0.0,0.02761584478718259,3.3166470804314444e-07,6.012736277946325e-10,2.096647367450753e-06,1.3584490939791696e-07,8.583727958456899e-09,5.373449854052684e-09,2.041030619600549e-06,7.163024028727997e-06,0.0005097239468229213,9.163455069310886e-09,4.6255694798031657e-07,1.6863154301545159e-25,4.845245370943013e-15
5.775550717502007e-06,0.05595639656,0.054,0.0,0.0,0.0015900989064712475,0.8637414625969776,0.004382584616782199,0.001200737421152606,1.3404408955515195e-09,0.06307590990282248,0.0,0.027617404077601635,3.3142985255736784e-07,6.00088663941959e-10,2.09421222817005e-06,1.3564657674678752e-07,8.577660116660766e-09,5.368626852272949e-09,2.0394494191508546e-06,7.157878926694653e-06,0.0005099129459970214,9.14333403911864e-09,4.6203238161346946e-07,1.6924003549181384e-25,4.8457925466676296e-15
5.783596628429309e-06,0.05595639656,0.054,0.0,0.0,0.0015883705552569836,0.8637400331850459,0.004383704952232857,0.0012010204655280331,1.3428536784895376e-09,0.06307516566856432,0.0,0.027618958907506357,3.3119557093496055e-07,5.989080966684326e-10,2.0917838903779e-06,1.3544888512792513e-07,8.571603792912071e-09,5.36381600610753e-09,2.0378722121120743e-06,7.152746059315979e-06,0.0005101017458265572,9.123289386497591e-09,4.6150925148707374e-07,1.6984984525712285e-25,4.84633818790075e-15
5.791642539356612e-06,0.05595639656,0.054,0.0,0.0,0.0015866468075084674,0.8637386068787202,0.004384823705676535,0.001201303072094293,1.3452673357660103e-09,0.06307442248159605,0.0,0.02762050929482605,3.309618610199834e-07,5.977318237801853e-10,2.0893623259016076e-06,1.3525183154157169e-07,8.56556185326992e-09,5.359017252097822e-09,2.036298983443661e-06,7.147625383487213e-06,0.0005102903468175149,9.103320719084976e-09,4.6098755195627416e-07,1.7046097326573082e-25,4.846882300670266e-15
5.798883859191184e-06,0.05595639656,0.054,0.0,0.0,0.0015850993554532343,0.863737325848703,0.004385829235268369,0.001201557044868702,1.3474403740961836e-09,0.0630737545060429,0.0,0.027621900859745478,3.3075200913427145e-07,5.96676772458957e-10,2.087188685897295e-06,1.3507502636606122e-07,8.560138844351353e-09,5.354708678396137e-09,2.0348864667785355e-06,7.1430271635520245e-06,0.0005104599181189224,9.085413563545452e-09,4.605192408957928e-07,1.7101211635972403e-25,4.847370700283513e-15
5.806125179025757e-06,0.05595639656,0.054,0.0,0.0,0.001583555604261397,0.8637360473163619,0.004386833491070697,0.001201810665231757,1.34961411919345e-09,0.06307308737375049,0.0,0.027623288853556076,3.305426170257184e-07,5.95625166123935e-10,2.085020489273232e-06,1.3489873341797755e-07,8.55472772793012e-09,5.350409846672775e-09,2.033477149616912e-06,7.138438752892276e-06,0.0005106293291351947,9.067567357832233e-09,4.6005207999475286e-07,1.715643286980386e-25,4.847857871050422e-15
5.813366498860329e-06,0.05595639656,0.054,0.0,0.0,0.0015820155407962595,0.8637347712732953,0.004387836476679102,0.0012020639342253607,1.3517885703747846e-09,0.06307242108234486,0.0,0.02762467328913457,3.3033368312790064e-07,5.945770669961991e-10,2.082857715825373e-06,1.3472295054724261e-07,8.549325184974448e-09,5.34612071834307e-09,2.032071021157052e-06,7.13386012052425e-06,0.0005107985802308801,9.049781821130913e-09,4.5958606519836783e-07,1.721176109749941e-25,4.848343817301999e-15
5.820607818694902e-06,0.05595639656,0.054,0.0,0.0,0.0015804791519791438,0.8637334977111408,0.004388838195670099,0.0012023168528870697,1.353963726958701e-09,0.06307175562946171,0.0,0.027626054179291856,3.301252059122358e-07,5.93532306492368e-10,2.0807003454254843e-06,1.3454767561683177e-07,8.54393691777095e-09,5.341841235921802e-09,2.030668070639088e-06,7.129291235568902e-06,0.0005109676717692212,9.032056674255927e-09,4.5912119247064e-07,1.7267196388444932e-25,4.848828543347183e-15
5.827849138529474e-06,0.05595639656,0.054,0.0,0.0,0.0015789464247960472,0.8637322266215739,0.004389838651608815,0.0012025694222501243,1.3561395882652412e-09,0.06307109101274641,0.0,0.02762743153678147,3.2991718383400545e-07,5.924909071309038e-10,2.0785483580622615e-06,1.3437290649953888e-07,8.538561888297607e-09,5.3375713953113106e-09,2.0292682873559716e-06,7.124732067292173e-06,0.0005111366041121103,9.014391639686936e-09,4.5865745779417507e-07,1.7322738811983307e-25,4.849312053476736e-15
5.834366326380589e-06,0.05595639656,0.054,0.0,0.0,0.001577570090323138,0.8637310847481766,0.0043907379849802645,0.0012027964368770318,1.3580984654182184e-09,0.06307049357068771,0.0,0.027628668148584824,3.297303518253564e-07,5.915566035712736e-10,2.076616155479835e-06,1.342160450154847e-07,8.533731878042732e-09,5.333736760499041e-09,2.0280111815804786e-06,7.120637098319989e-06,0.0005112885074066164,8.998544276477444e-09,4.5824106631383027e-07,1.7372818648811237e-25,4.8497461765161854e-15
5.8408835142317046e-06,0.05595639656,0.054,0.0,0.0,0.0015761967018807798,0.8637299448648486,0.004391636300733289,0.0012030231701526577,1.3600579123534518e-09,0.06306989680232238,0.0,0.0276299019184203,3.2954388612215325e-07,5.906249973024719e-10,2.074688282574582e-06,1.340595899931862e-07,8.528912309602392e-09,5.3299098712760265e-09,2.0267566248962426e-06,7.1165499528511515e-06,0.0005114402823068113,8.982745180610455e-09,4.5782559051350807e-07,1.7422985369659187e-25,4.850179321222712e-15
5.84740070208282e-06,0.05595639656,0.054,0.0,0.0,0.0015748262501088424,0.8637288069656002,0.00439253360143688,0.001203249622821339,1.3620179285784168e-09,0.06306930070595372,0.0,0.027631132855460174,3.293577856114657e-07,5.896961061440151e-10,2.0727647249627997e-06,1.3390353990638314e-07,8.524102227956822e-09,5.3260907171403014e-09,2.025504609599607e-06,7.1124706087539756e-06,0.0005115919290737637,8.966994153059206e-09,4.574110275030054e-07,1.7473239024986155e-25,4.850611490683074e-15
5.853917889933935e-06,0.05595639656,0.054,0.0,0.0,0.0015734587256864873,0.8637276710444659,0.004393429889650241,0.0012034757956246337,1.3639785136015782e-09,0.06306870527989124,0.0,0.027632360968837245,3.291720491891682e-07,5.887699187864106e-10,2.0708454683217085e-06,1.33747893236092e-07,8.519301502958964e-09,5.322279269226715e-09,2.024255128017851e-06,7.108399043979127e-06,0.0005117434479676849,8.95129099582605e-09,4.5699737440412586e-07,1.752357966522196e-25,4.851042687970996e-15
5.86043507778505e-06,0.05595639656,0.054,0.0,0.0,0.0015720941193321947,0.863726537095506,0.004394325167923123,0.0012037016893013334,1.3659396669323899e-09,0.06306811052245057,0.0,0.027633586267645355,3.2898667575582004e-07,5.87846423396906e-10,2.068930498391375e-06,1.3359264847099933e-07,8.51451019096724e-09,5.318475506829475e-09,2.0230081725094153e-06,7.104335236560624e-06,0.0005118948392479329,8.935635511938103e-09,4.5658462835061307e-07,1.7574007340767557e-25,4.851472916147397e-15
5.866952265636166e-06,0.05595639656,0.054,0.0,0.0,0.0015707324218037267,0.863725405112804,0.004395219438796024,0.0012039273045874772,1.3679013880812898e-09,0.06306751643195353,0.0,0.027634808760939756,3.2880166421613076e-07,5.869256099052666e-10,2.067019800975296e-06,1.3343780410727933e-07,8.509728220552445e-09,5.31467940657581e-09,2.021763735464023e-06,7.100279164616473e-06,0.0005120461031730125,8.920027505441012e-09,4.561727864880917e-07,1.762452210199502e-25,4.851902178260515e-15
5.879986641338396e-06,0.05595639656,0.054,0.0,0.0,0.0015680177164496447,0.8637231470226299,0.004397004968457561,0.0012043777029185996,1.3718265318800106e-09,0.06306633024510801,0.0,0.027637245367016713,3.2843272245940776e-07,5.850919845264535e-10,2.063211167210367e-06,1.3312931060468344e-07,8.500192221374407e-09,5.307110100798431e-09,2.0192823864754956e-06,7.092190140036549e-06,0.0005123482499874663,8.888953145851807e-09,4.553518039774136e-07,1.7725813082839878e-25,4.85275781642684e-15
5.893021017040627e-06,0.05595639656,0.054,0.0,0.0,0.001565314536462695,0.8637208967270971,0.004398786498774058,0.0012048269964517642,1.3757539411008274e-09,0.06306514670605087,0.0,0.027639670858744633,3.2806521524723913e-07,5.832689562943889e-10,2.05941945469754e-06,1.3282240084299262e-07,8.490693292277245e-09,5.2995711697912665e-09,2.01681102078725e-06,7.084131796839352e-06,0.0005126498904622121,8.858066369555648e-09,4.5453440427238597e-07,1.7827453010158106e-25,4.853609626604215e-15
5.906055392742857e-06,0.05595639656,0.054,0.0,0.0,0.0015626228092960692,0.8637186541797413,0.004400564049738432,0.001205275190977511,1.379683611862388e-09,0.0630639658015747,0.0,0.027642085307194166,3.276991339785006e-07,5.814564401512882e-10,2.055644552091703e-06,1.3251706305225398e-07,8.481231209658051e-09,5.292062433156576e-09,2.0143495786234073e-06,7.076103962938752e-06,0.0005129510266350296,8.827365644951174e-09,4.537205649596764e-07,1.7929442285892873e-25,4.854457632727651e-15
5.919089768445088e-06,0.05595639656,0.054,0.0,0.0,0.0015599424630109457,0.8637164193344758,0.00440233764119876,0.001205722292243587,1.3836155402987938e-09,0.06306278751856759,0.0,0.027644488782836783,3.2733447012215647e-07,5.796543517274593e-10,2.051886349021222e-06,1.322132855766545e-07,8.471805754480083e-09,5.28458371169094e-09,2.0118980006918236e-06,7.0681064675486436e-06,0.0005132516605304389,8.796849456139321e-09,4.529102638103284e-07,1.8031781311530164e-25,4.855301858535074e-15
5.932124144147318e-06,0.05595639656,0.054,0.0,0.0,0.0015572734262699717,0.8637141921455885,0.004404107292859678,0.001206168305955368,1.3875497225595e-09,0.06306161184401227,0.0,0.02764688135555121,3.2697121521649626e-07,5.778626076108221e-10,2.0481447360772384e-06,1.319110568730931e-07,8.462416707351631e-09,5.277134827708833e-09,2.0094562281789853e-06,7.060139141170059e-06,0.0005135517941598217,8.766516302727059e-09,4.521034787778107e-07,1.8134470488100312e-25,4.8561423275694e-15
5.945158519849549e-06,0.05595639656,0.054,0.0,0.0,0.0015546156283310264,0.8637119725677371,0.0044058730242837315,0.001206613237776257,1.3914861548092135e-09,0.06306043876498513,0.0,0.027649263094629586,3.266093608684013e-07,5.760811252155143e-10,2.0444196048031145e-06,1.316103655098101e-07,8.453063851421915e-09,5.2697156049240256e-09,2.007024202745176e-06,7.052201815579107e-06,0.0005138514295215378,8.736364699637625e-09,4.513001879961568e-07,1.8237510216179362e-25,4.8569790631805086e-15
5.97122727125401e-06,0.05595639656,0.054,0.0,0.0,0.0015493334688315484,0.8637075560656023,0.004409392803968573,0.0012074998781913928,1.399365754010197e-09,0.06305810034228429,0.0,0.027653994346148795,3.2588982061144513e-07,5.725486194374761e-10,2.0370183581395292e-06,1.3101354962611727e-07,8.434465854885167e-09,5.254965444791244e-09,2.00218916209829e-06,7.036416500175473e-06,0.0005144492133709503,8.676600279600137e-09,4.4970400261410394e-07,1.844464292690638e-25,4.8586414265786e-15
5.997296022658471e-06,0.05595639656,0.054,0.0,0.0,0.0015440954302487408,0.8637031694725968,0.004412897133961714,0.0012083822579716972,1.4072543075207838e-09,0.06305577214891717,0.0,0.027658683080228657,3.2517578355215193e-07,5.690561903490903e-10,2.0296817600350584e-06,1.304227486490749e-07,8.416010064878393e-09,5.240331848739438e-09,1.997392421331324e-06,7.020749200604721e-06,0.0005150450278094184,8.617544614695911e-09,4.481215362796223e-07,1.8653182639289897e-25,4.8602891317411234e-15
6.023364774062932e-06,0.05595639656,0.054,0.0,0.0,0.0015389009674546376,0.8636988124389322,0.004416386165781884,0.001209260420953333,1.4151517851978674e-09,0.06305345408477962,0.0,0.027663329830701532,3.244671849451715e-07,5.656032068673818e-10,2.0224089760843453e-06,1.2983787500154154e-07,8.397694808673322e-09,5.225813455923683e-09,1.9926335303047973e-06,7.005198615782742e-06,0.0005156388883665668,8.559186356931437e-09,4.4655262038270734e-07,1.8863132541731665e-25,4.86192235871451e-15
6.049433525467393e-06,0.05595639656,0.054,0.0,0.0,0.0015337495442701832,0.8636944846203927,0.004419860048798603,0.001210134410337995,1.4230581571331797e-09,0.06305114605118492,0.0,0.027667935122582546,3.237639610777886e-07,5.621890505605015e-10,2.0151991861610595e-06,1.2925884276600632e-07,8.379518440221422e-09,5.211408926793792e-09,1.9879120460152613e-06,6.9897634639130224e-06,0.0005162308103744018,8.501514386014017e-09,4.4499708903257387e-07,1.9074495815502354e-25,4.863541284639176e-15
6.080902515279993e-06,0.05595639656,0.054,0.0,0.0,0.0015275875710036855,0.8636892987161685,0.00442403358808251,0.0012111839504445037,1.4326141698655588e-09,0.06304837312397504,0.0,0.02767343992192904,3.229221327157299e-07,5.58118501899527e-10,2.0065786342803503e-06,1.2856752377502364e-07,8.357759488901675e-09,5.194170257299229e-09,1.9822617010856e-06,6.971282844261155e-06,0.0005169427902533756,8.432794210364691e-09,4.431369220509e-07,1.9331531169115125e-25,4.865476773412427e-15
6.112371505092593e-06,0.05595639656,0.054,0.0,0.0,0.0015214866367134214,0.8636841543059363,0.004428185521731678,0.0012122275444310681,1.4421830484976262e-09,0.06304561450326288,0.0,0.027678885950954336,3.220879368437346e-07,5.541026076015034e-10,1.998047312990363e-06,1.2788444903856673e-07,8.336197768334654e-09,5.1770933117707294e-09,1.976664477328521e-06,6.9529664111007025e-06,0.0005176519935468488,8.365039486289025e-09,4.412957395225408e-07,1.9590636310885578e-25,4.8673919774260155e-15
6.143840494905193e-06,0.05595639656,0.054,0.0,0.0,0.0015154458480592403,0.8636790508152535,0.004432316100477109,0.0012132652647454413,1.4517647417486147e-09,0.06304287002337867,0.0,0.027684274084100555,3.2126126714221704e-07,5.501403496566342e-10,1.9896038590074383e-06,1.27209476608529e-07,8.314830531985145e-09,5.160175852625363e-09,1.9711196352544e-06,6.9348120175071076e-06,0.0005183584461170216,8.298231910636494e-09,4.3947326479442673e-07,1.9851816795972388e-25,4.869287192084259e-15
6.175309484717793e-06,0.05595639656,0.054,0.0,0.0,0.0015094643290559588,0.8636739876805045,0.004436425570844677,0.0012142971825950628,1.4613591988093142e-09,0.06304013952142597,0.0,0.02768960517871503,3.204420192974306e-07,5.462307342052506e-10,1.9812469366399344e-06,1.2654246771638952e-07,8.293655084520437e-09,5.1434156837387974e-09,1.965626449241022e-06,6.916817554254687e-06,0.0005190621734375594,8.232353614949126e-09,4.3766922649792734e-07,2.0115078164794233e-25,4.871162707145487e-15
6.206778474530393e-06,0.05595639656,0.054,0.0,0.0,0.0015035412206598922,0.8636689643486447,0.0044405141752457055,0.0012153233679740602,1.4709663693350863e-09,0.06303742283722218,0.0,0.027694880075458866,3.196300909553687e-07,5.423727907820446e-10,1.9729752370968763e-06,1.2588328668444986e-07,8.27266878124638e-09,5.126810649470036e-09,1.9601842072254957e-06,6.898980949065149e-06,0.0005197632006013791,8.167387152719558e-09,4.3588335842830037e-07,2.0380425943145343e-25,4.873018806853185e-15
6.2382474643429925e-06,0.05595639656,0.054,0.0,0.0,0.001497675680363991,0.8636639802769549,0.004444582152065759,0.0012163438896897096,1.4805862034390023e-09,0.06303471981323988,0.0,0.02770009959870687,3.188253816757099e-07,5.385655716565175e-10,1.964787477821931e-06,1.2523180084296937e-07,8.251869027723003e-09,5.110358633747079e-09,1.954792210384995e-06,6.881300165786099e-06,0.0005204615523283929,8.103315487741122e-09,4.341153994242921e-07,2.0647865642301584e-25,4.8748557700653915e-15
6.269716454155592e-06,0.05595639656,0.054,0.0,0.0,0.001491866881791144,0.8636590349327903,0.004448629735753884,0.0012173588153890367,1.490218651684937e-09,0.06303203029454824,0.0,0.02770526455694956,3.18027792883951e-07,5.348081513176017e-10,1.9566824018370742e-06,1.245878804519589e-07,8.231253277527174e-09,5.0940575591817405e-09,1.9494497727897744e-06,6.8637732034404865e-06,0.0005211572529734357,8.040121983507751e-09,4.323650932431562e-07,2.09174027591074e-25,4.876673870386082e-15
6.301185443968192e-06,0.05595639656,0.054,0.0,0.0,0.0014861140143100893,0.8636541277933467,0.004452657156907136,0.0012183682115840028,1.4998636650809567e-09,0.06302935412875713,0.0,0.027710375743172456,3.172372278293502e-07,5.310996257497531e-10,1.948658777096593e-06,1.2395139861622127e-07,8.210819029118625e-09,5.0779053861179916e-09,1.944156221134581e-06,6.8463980956115575e-06,0.0005218503265334535,7.9777903905795e-09,4.306321884483824e-07,2.118904277609151e-25,4.878473376286266e-15
6.332654433780792e-06,0.05595639656,0.054,0.0,0.0,0.0014804162826685635,0.8636492583454354,0.004456664642351669,0.0012193721436756558,1.5095211950729007e-09,0.06302669116596409,0.0,0.027715433935218376,3.164535915454781e-07,5.274391116121024e-10,1.940715395871185e-06,1.2332223120530608e-07,8.190563830092345e-09,5.061900111755493e-09,1.9389108944811296e-06,6.829172909847015e-06,0.0005225407966544072,7.916304834809086e-09,4.2891643830334664e-07,2.1462791161595745e-25,4.880254551219747e-15
6.364123423593392e-06,0.05595639656,0.054,0.0,0.0,0.0014747729066328914,0.8636444260852614,0.00446065241522258,0.0012203706759779213,1.5191911935380276e-09,0.06302404125870134,0.0,0.027720439896143617,3.1567679080607274e-07,5.238257459201724e-10,1.932851074172803e-06,1.2270025678863708e-07,8.170485275191845e-09,5.04603976943205e-09,1.933713143923767e-06,6.812095746681943e-06,0.0005232286866385331,7.85564980940549e-09,4.272176006607232e-07,2.1738653369845226e-25,4.882017653741132e-15
6.395592413405992e-06,0.05595639656,0.054,0.0,0.0,0.0014691831206265877,0.8636396305182018,0.00446462069504389,0.0012213638717414258,1.528873612778685e-09,0.06302140426188335,0.0,0.027725394374575316,3.1490673407882914e-07,5.202586859579641e-10,1.9250646511846695e-06,1.2208535657251562e-07,8.150580994744073e-09,5.030322427872035e-09,1.928562332241319e-06,6.795164738598037e-06,0.0005239140194516934,7.795810167354187e-09,4.2553543785044173e-07,2.201663484099034e-25,4.883762937625049e-15
6.427061403218592e-06,0.05595639656,0.054,0.0,0.0,0.0014636461733861467,0.8636348711585963,0.004468569697804788,0.0012223517931761977,1.5385684055161762e-09,0.06301878003275654,0.0,0.027730298105050455,3.141433314994755e-07,5.167371076199804e-10,1.9173549886437745e-06,1.2147741430004376e-07,8.130848662376234e-09,5.0147461899932255e-09,1.9234578338356714e-06,6.778378050334156e-06,0.0005245968177288647,7.736771102066206e-09,4.2386971658671317e-07,2.229674100133558e-25,4.885490651965525e-15
6.458530393031192e-06,0.05595639656,0.054,0.0,0.0,0.0014581613276341881,0.8636301475295445,0.00447249963603265,0.0012233345014734031,1.5482755248848384e-09,0.06301616843085131,0.0,0.027735151808339194,3.133864948304473e-07,5.132602051281662e-10,1.9097209703178535e-06,1.208763161989733e-07,8.111286010092655e-09,4.999309192473002e-09,1.918399034357048e-06,6.761733877653707e-06,0.0005252771037812044,7.678518143872286e-09,4.2222020786293815e-07,2.257897726340334e-25,4.887201041286614e-15
6.4899993828437916e-06,0.05595639656,0.054,0.0,0.0,0.0014527278597592228,0.8636254591627095,0.0044764107188646676,0.00122431205682668,1.557994924426206e-09,0.06301356931793459,0.0,0.027739956191761936,3.126361374111053e-07,5.098271916741638e-10,1.9021615015233442e-06,1.2028195094082816e-07,8.091890806478173e-09,4.984009605274393e-09,1.9133853302888926e-06,6.745230445894611e-06,0.0005259548996032632,7.621037158425288e-09,4.205866868528177e-07,2.2863349025896803e-25,4.888894345653938e-15
6.5214683726563914e-06,0.05595639656,0.054,0.0,0.0,0.001447345059491017,0.8636208055981197,0.004480303152120123,0.0012252845184536401,1.5677265580831335e-09,0.06301098255796246,0.0,0.027744711949509126,3.1189217412446654e-07,5.064372988197228e-10,1.8946755085878073e-06,1.1969420955833355e-07,8.072660817931054e-09,4.968845630365552e-09,1.908416128875707e-06,6.728866010186432e-06,0.0005266302268782573,7.564314328511328e-09,4.1896893282476534e-07,2.3149861673824917e-25,4.890570800770027e-15
6.552937362468991e-06,0.05595639656,0.054,0.0,0.0,0.0014420122295926406,0.86361618638398,0.004484177138368833,0.0012262519446162422,1.5774703801941564e-09,0.06300840801703513,0.0,0.027749419762943338,3.1115452140312433e-07,5.030897724556898e-10,1.8872619382478917e-06,1.1911298532691978e-07,8.053593896974703e-09,4.953815500490423e-09,1.9034908482881726e-06,6.712638856834888e-06,0.0005273031069817568,7.508336127145487e-09,4.1736672904885716e-07,2.3438520578997503e-25,4.8922306380505094e-15
6.584406352281591e-06,0.05595639656,0.054,0.0,0.0,0.0014367286855730746,0.8636116010764912,0.004488032876996986,0.0012272143926403889,1.5872263454880095e-09,0.06300584556335329,0.0,0.027754080300887777,3.1042309713597934e-07,4.997838770976877e-10,1.8799197573009444e-06,1.1853817381661556e-07,8.034687966681395e-09,4.938917480488204e-09,1.898608916394246e-06,6.6965472978346156e-06,0.0005279735609932547,7.453089356614518e-09,4.1577986267674604e-07,2.372933109949905e-25,4.8938740847690066e-15
6.615875342094191e-06,0.05595639656,0.054,0.0,0.0,0.001431493755395057,0.863607049239674,0.004491870564272367,0.0012281719189352971,1.5969944090781871e-09,0.06300329506717528,0.0,0.02775869421991258,3.096978206327943e-07,4.965188958221674e-10,1.8726479521410072e-06,1.1796967280223883e-07,8.015940890189178e-09,4.9241498652472e-09,1.8937697710295465e-06,6.6805896726406685e-06,0.0005286416096990247,7.398561116220596e-09,4.142081247049887e-07,2.4022298579856666e-25,4.89550136412717e-15
6.647344331906791e-06,0.05595639656,0.054,0.0,0.0,0.0014263067791860842,0.8636025304451924,0.00449569039340838,0.0012291245790125884,1.6067745264575835e-09,0.06300075640077508,0.0,0.027763262164616116,3.0897861266062725e-07,4.932941245813561e-10,1.865445528172966e-06,1.1740738210981211e-07,7.997350547374036e-09,4.909510977559593e-09,1.8889728606099586e-06,6.664764351761129e-06,0.0005293072735928119,7.3447387545434144e-09,4.1265130988844536e-07,2.431742835177246e-25,4.897112695302017e-15
6.678813321719391e-06,0.05595639656,0.054,0.0,0.0,0.0014211671089658538,0.8635980442721821,0.004499492554626784,0.0012300724275050045,1.6165666534932006e-09,0.06299822943840074,0.0,0.027767784767899113,3.0826539542569427e-07,4.901088700760565e-10,1.8583115093428959e-06,1.1685120362633442e-07,7.97891516448552e-09,4.894999170517473e-09,1.8842176427613375e-06,6.649069730703914e-06,0.0005299705728879915,7.291609918408253e-09,4.111092165679856e-07,2.461472573400635e-25,4.8987082935892286e-15
6.710282311531991e-06,0.05595639656,0.054,0.0,0.0,0.0014160741083850186,0.8635935903070892,0.004503277235217726,0.0012310155181840744,1.6263707464210634e-09,0.06299571405623479,0.0,0.027772262651225118,3.075580923602364e-07,4.869624641279035e-10,1.8512449379669364e-06,1.163010413764841e-07,7.960632665208004e-09,4.880612826200266e-09,1.8795035837572779e-06,6.633504227205076e-06,0.0005306315275253623,7.239162559950952e-09,4.095816466847933e-07,2.4914196031216127e-25,4.900288370517409e-15
6.741751301344591e-06,0.05595639656,0.054,0.0,0.0,0.0014110271524584625,0.8635891681435114,0.004507044619597815,0.0012319539039774448,1.6361867618412358e-09,0.06299321013235634,0.0,0.027776696424874393,3.068566282398744e-07,4.838542525657827e-10,1.8442448741173e-06,1.1575680127221744e-07,7.9425008013829e-09,4.8663503517481415e-09,1.874830160228729e-06,6.618066290421699e-06,0.0005312901571667386,7.1873848383362806e-09,4.0806840574366847e-07,2.5215844535630203e-25,4.901853133827593e-15
6.77007339217593e-06,0.05595639656,0.054,0.0,0.0,0.001406523752716973,0.8635852150563355,0.00451042062742955,0.0012327944715925074,1.6450313338696992e-09,0.06299096629843216,0.0,0.027780649602966577,3.0623024184998553e-07,4.810889759216051e-10,1.838000917584715e-06,1.152719723286794e-07,7.92630976372554e-09,4.853618740229612e-09,1.8706583968164142e-06,6.604279954481695e-06,0.0005318809520087449,7.1413478642466914e-09,4.0671858207699076e-07,2.5489194921050677e-25,4.903248496425013e-15
6.79839548300727e-06,0.05595639656,0.054,0.0,0.0,0.0014020567118020128,0.863581287118356,0.00451378290293638,0.0012336313078825981,1.6538854971179437e-09,0.06298873156218357,0.0,0.02778456796734173,3.0560847220133916e-07,4.783536525429117e-10,1.8318094237328861e-06,1.1479179974805447e-07,7.910237971589058e-09,4.840985074571806e-09,1.8665187615162187e-06,6.5905946116644305e-06,0.0005324698932798492,7.0958356882508085e-09,4.0538007292468934e-07,2.576431777053486e-25,4.904631766708535e-15
6.8267175738386095e-06,0.05595639656,0.054,0.0,0.0,0.0013976255967264792,0.8635773840475502,0.0045171315748145716,0.0012344644497462149,1.6627492206841842e-09,0.06298650583852065,0.0,0.02778845194064227,3.0499126712301573e-07,4.75647829563768e-10,1.8256697426537041e-06,1.1431621882398682e-07,7.89428412241182e-09,4.8284482492433035e-09,1.8624108908821152e-06,6.577009181720442e-06,0.0005330569947693711,7.050840211717519e-09,4.0405274344860365e-07,2.6041216915655234e-25,4.90600308870315e-15
6.855039664669949e-06,0.05595639656,0.054,0.0,0.0,0.0013932299813551536,0.8635735055662126,0.004520466770013883,0.0012352939335694834,1.6716224738934441e-09,0.06298428904350623,0.0,0.027792301938773946,3.0437857528002146e-07,4.729710635406305e-10,1.819581235076573e-06,1.1384516602254891e-07,7.878446934641331e-09,4.81600717611963e-09,1.8583344268733481e-06,6.563522599196612e-06,0.0005336422701013036,7.006353498989668e-09,4.0273646089449436e-07,2.631989617947951e-25,4.9073626041923165e-15
6.883361755501289e-06,0.05595639656,0.054,0.0,0.0,0.0013888694462693449,0.863569651400871,0.0045237886137684405,0.001236119795235327,1.6805052262948424e-09,0.06298208109433547,0.0,0.027796118371038795,3.037703460767748e-07,4.703229215309394e-10,1.8135432722184887e-06,1.1337857897839401e-07,7.862725049632804e-09,4.8036607831746415e-09,1.8542890168950302e-06,6.550133813921656e-06,0.000534225732736104,6.962367767352519e-09,4.014310945650475e-07,2.660035937680302e-25,4.9087104527528705e-15
6.9116838463326285e-06,0.05595639656,0.054,0.0,0.0,0.0013845435786344273,0.8635658212822054,0.004527097229627023,0.0012369420701324589,1.689397447658905e-09,0.06297988190931594,0.0,0.02779990164026564,3.0316652970110917e-07,4.67702977070124e-10,1.807555235544223e-06,1.1291639643355651e-07,7.847117210986846e-09,4.7914080145382815e-09,1.8502743136888273e-06,6.53684179075344e-06,0.0005348073959734022,6.91887538334204e-09,4.0013651579602864e-07,2.6882610314195946e-25,4.910046771797718e-15
6.940005937163968e-06,0.05595639656,0.054,0.0,0.0,0.0013802519720706396,0.8635620149449683,0.0045303927394828155,0.0012377607931641952,1.6982991079749287e-09,0.06297769140784808,0.0,0.027803652142937688,3.0256707710690056e-07,4.6511081243163896e-10,1.801616516552825e-06,1.1245855822954069e-07,7.831622152118467e-09,4.779247830158884e-09,1.8462899752368602e-06,6.523645509284109e-06,0.0005353872729546476,6.875868859912571e-09,3.9885259792368683e-07,2.716665279005021e-25,4.911371696617651e-15
6.968328027995308e-06,0.05595639656,0.054,0.0,0.0,0.0013759942265274012,0.8635582321279068,0.004533675263602381,0.0012385759987570701,1.7072101774483915e-09,0.06297550951040594,0.0,0.027807370269316574,3.0197193997114603e-07,4.62546018222713e-10,1.7957265165820485e-06,1.120050052826278e-07,7.816238605272468e-09,4.767179205413293e-09,1.8423356646578478e-06,6.510543963592054e-06,0.0005359653766656848,6.8333408525252684e-09,3.9757921623356945e-07,2.745249059462605e-25,4.912685360421992e-15
6.996650118826647e-06,0.05595639656,0.054,0.0,0.0,0.001371769948160719,0.8635544725736872,0.004536944920653917,0.0012393877208692423,1.7161306264984078e-09,0.06297333613851872,0.0,0.02781105640356328,3.013810707037413e-07,4.600081919342259e-10,1.7898846466060087e-06,1.1155567955346408e-07,7.800965358590288e-09,4.7552011308935595e-09,1.8384110501124823e-06,6.497536161978706e-06,0.0005365417199392626,6.7912841559697135e-09,3.963162479196499e-07,2.774012751009797e-25,4.9139878943782155e-15
7.024972209657987e-06,0.05595639656,0.054,0.0,0.0,0.0013675787492133055,0.8635507360288199,0.004540201827735005,0.0012401959929987173,1.7250604257552223e-09,0.06297117121475238,0.0,0.027814710923856435,3.007944224328113e-07,4.574969390887627e-10,1.7840903270471138e-06,1.1111052403087814e-07,7.785801196735461e-09,4.743312612117071e-09,1.8345158047079147e-06,6.484621126718018e-06,0.000537116315457496,6.749691701252198e-09,3.9506357205623016e-07,2.8029567310600357e-25,4.915279427650756e-15
7.053294300489327e-06,0.05595639656,0.054,0.0,0.0,0.0013634202478973068,0.8635470222435884,0.004543446100399778,0.001241000848191405,1.7339995460577404e-09,0.06296901466269182,0.0,0.027818334202508066,3.002119489765176e-07,4.5501187265942943e-10,1.7783429875863414e-06,1.1066948270760513e-07,7.77074491806168e-09,4.731512669216861e-09,1.8306496064052947e-06,6.471797893809229e-06,0.000537689175754298,6.708556552603403e-09,3.9382106956449174e-07,2.832081376227235e-25,4.916560087438999e-15
7.081616391320666e-06,0.05595639656,0.054,0.0,0.0,0.001359294068279707,0.8635433309719771,0.004546677852685488,0.0012418023190490166,1.7429479584511027e-09,0.06296686640692326,0.0,0.027821926606076575,2.996336048422196e-07,4.5255261237445865e-10,1.7726420669745109e-06,1.1023250055610112e-07,7.755795358687453e-09,4.719800336703037e-09,1.826812137928818e-06,6.45906551273464e-06,0.0005382603132177509,6.667871904378172e-09,3.925886231724722e-07,2.8613870623302457e-25,4.917829999014356e-15
7.109938482152006e-06,0.05595639656,0.054,0.0,0.0,0.0013551998401704754,0.863539661971602,0.004549897197138529,0.0012426004377367815,1.7519056341842937e-09,0.06296472637301717,0.0,0.02782548849547715,2.99059345214246e-07,4.501187853618387e-10,1.766987012858064e-06,1.0979952351087091e-07,7.740951355848938e-09,4.7081746631937195e-09,1.8230030866772724e-06,6.446423046223103e-06,0.000538829740092421,6.627631078073954e-09,3.9136611738010687e-07,2.890874164397252e-25,4.919089285756546e-15
7.1382605729833456e-06,0.05595639656,0.054,0.0,0.0,0.0013511371990133029,0.8635360150036451,0.004553104244839893,0.0012433952359909954,1.7608725447077941e-09,0.06296259448751149,0.0,0.027829020226089525,2.9848912593176745e-07,4.4771002562045505e-10,1.7613772816036408e-06,1.0937049844670241e-07,7.726211763897276e-09,4.6966347111409474e-09,1.8192221446374335e-06,6.433869570018564e-06,0.0005393974684816398,6.5878275195373365e-09,3.901534384293918e-07,2.920543056670135e-25,4.920338069188993e-15
7.166582663814685e-06,0.05595639656,0.054,0.0,0.0,0.00134710578577878,0.8635323898327851,0.0045562991054300716,0.0012441867451264106,1.7698486616712664e-09,0.06296047067789512,0.0,0.027832522147863345,2.979229034839043e-07,4.4532597357794595e-10,1.7558123381225124e-06,1.0894537315706285e-07,7.711575467320017e-09,4.685179556596349e-09,1.8154690082994118e-06,6.4214041726533025e-06,0.0005399635103497308,6.5484547962239945e-09,3.8895047427240243e-07,2.9503941126087882e-25,4.921576469013479e-15
7.194904754646025e-06,0.05595639656,0.054,0.0,0.0,0.0013431052468599832,0.8635287862271361,0.004559481887133487,0.0012449749960434812,1.778833956921278e-09,0.06295835487259198,0.0,0.027835994605421195,2.9736063499932146e-07,4.4296627653191696e-10,1.7502916557067784e-06,1.0852409633659241e-07,7.697041353773864e-09,4.673808288960118e-09,1.8117433785738436e-06,6.409025955225886e-06,0.0005405278775241914,6.509506594451605e-09,3.877571145374202e-07,2.9804277048953835e-25,4.922804603144019e-15
7.2232268454773645e-06,0.05595639656,0.054,0.0,0.0,0.001339135233970416,0.8635252039581813,0.004562652696782381,0.0012457600192354436,1.7878284024990594e-09,0.06295624700094508,0.0,0.027839437938159226,2.968022782271068e-07,4.4063058817621135e-10,1.7448147158669904e-06,1.0810661756152341e-07,7.682608328323687e-09,4.662520010729514e-09,1.8080449607109013e-06,6.396734031183689e-06,0.0005410905816978407,6.4709767167415885e-09,3.865732504977459e-07,3.010644205438591e-25,4.924022587739987e-15
7.251548936308704e-06,0.05595639656,0.054,0.0,0.0,0.0013351954040442594,0.8635216428007131,0.0045658116398402115,0.0012465418447952582,1.7968319706382984e-09,0.06295414699320126,0.0,0.027842852480345563,2.9624779153010493e-07,4.383185682517319e-10,1.7393810081692028e-06,1.0769288726986323e-07,7.668275322760127e-09,4.651313837275329e-09,1.8043734642211081e-06,6.384527526109969e-06,0.0005416516344309153,6.4328590792799e-09,3.853987750427298e-07,3.041043985377768e-25,4.925230537238509e-15
7.279871027140044e-06,0.05595639656,0.054,0.0,0.0,0.0013312854191388733,0.8635181025327717,0.0045689588204245795,0.001247320502422399,1.8058446337629668e-09,0.0629520547804959,0.0,0.027846238561216426,2.956971338762001e-07,4.360298829143789e-10,1.7339900300811285e-06,1.072828567446232e-07,7.654041272406784e-09,4.640188896607437e-09,1.8007286027979052e-06,6.37240557751544e-06,0.000542211047153125,6.395147709430709e-09,3.84233582648097e-07,3.0716274150870836e-25,4.926428564386122e-15
7.308193117971383e-06,0.05595639656,0.054,0.0,0.0,0.0013274049463394653,0.863514582935587,0.004572094341329665,0.0012480960214295079,1.8148663644851837e-09,0.06294997029483836,0.0,0.02784959650507019,2.95150264820936e-07,4.337642042997508e-10,1.728641286821295e-06,1.0687647809604317e-07,7.639905129230495e-09,4.629144329140848e-09,1.7971100942419028e-06,6.360367334634066e-06,0.0005427688311656719,6.3578367432797455e-09,3.830775693460374e-07,3.102394864179622e-25,4.9276167802697675e-15
7.336515208802723e-06,0.05595639656,0.054,0.0,0.0,0.001323553657665873,0.8635110837935193,0.004575218304048211,0.0012488684307489094,1.8238971356031084e-09,0.06294789346909722,0.0,0.027852926631359274,2.9460714449985837e-07,4.315212101926455e-10,1.7233342912076097e-06,1.0647370424324178e-07,7.62586587079912e-09,4.6181792874849844e-09,1.7935176603867597e-06,6.348411958223015e-06,0.0005433249976432291,6.320920423250173e-09,3.8193063269687147e-07,3.133346701511431e-25,4.928795294347093e-15
7.364837299634063e-06,0.05595639656,0.054,0.0,0.0,0.0013197312299814228,0.863507604894004,0.004578330808793064,0.0012496377589389907,1.8329369200988673e-09,0.06294582423698628,0.0,0.02785622925478002,2.9406773362155746e-07,4.2930058439688196e-10,1.7180685635131342e-06,1.0607448889835864e-07,7.611922477445676e-09,4.607292936224508e-09,1.7899510270267075e-06,6.3365386203667874e-06,0.0005438795576358755,6.284393095801847e-09,3.8079267176183897e-07,3.164483295185531e-25,4.9299642144760806e-15
7.393159390465402e-06,0.05595639656,0.054,0.0,0.0,0.001315937344903796,0.8635041460274958,0.004581431954518281,0.0012504040341904511,1.8419856911365141e-09,0.06294376253305058,0.0,0.027859504685360616,2.93531993451454e-07,4.2710201632602164e-10,1.7128436313257175e-06,1.0567878655036124e-07,7.598073944713547e-09,4.596484451699783e-09,1.7864099238456062e-06,6.324746504285284e-06,0.0005444325220710004,6.248249209180874e-09,3.796635870758269e-07,3.1958050125558926e-25,4.9311236469440795e-15
7.421481481296742e-06,0.05595639656,0.054,0.0,0.0,0.0013121716887178618,0.863500706987414,0.004584521838939773,0.0012511672843324253,1.8510434220600168e-09,0.06294170829265275,0.0,0.027862753228546974,2.929998858032385e-07,4.249252006374252e-10,1.70765902940694e-06,1.0528655244795673e-07,7.584319294396109e-09,4.5857530218094485e-09,1.7828940843475444e-06,6.313034804145755e-06,0.0005449839017551684,6.212483311211222e-09,3.7854328062041324e-07,3.2273122202313532e-25,4.9322736964961355e-15
7.449803572128082e-06,0.05595639656,0.054,0.0,0.0,0.0013084339522904226,0.8634972875700904,0.004587600558555581,0.0012519275368384803,1.8601100863912787e-09,0.06293966145195969,0.0,0.027865975185286846,2.9247137303387383e-07,4.2276983766060133e-10,1.7025142995569302e-06,1.0489774258464499e-07,7.57065754945534e-09,4.5750978458056874e-09,1.779403245788942e-06,6.30140272487866e-06,0.0005455337073759438,6.177090047147782e-09,3.774316557979345e-07,3.259005284079518e-25,4.933414466362778e-15
7.478125662959421e-06,0.05595639656,0.054,0.0,0.0,0.0013047238309868195,0.8634938875747173,0.0045906682086657175,0.0012526848188324912,1.8691856578281884e-09,0.06293762194792947,0.0,0.02786917085211202,2.919464180283998e-07,4.206356330145876e-10,1.6974089904837757e-06,1.045123136839968e-07,7.557087745698787e-09,4.5645181340867044e-09,1.775937149112083e-06,6.289849481997158e-06,0.0005460819495036877,6.142064157593437e-09,3.7632861740625304e-07,3.2908845692306083e-25,4.934546058287178e-15
7.506447753790761e-06,0.05595639656,0.054,0.0,0.0,0.0013010410245893479,0.8634905068032962,0.004593724883391596,0.0012534391570943972,1.878270110242701e-09,0.06293558971829848,0.0,0.0278723405212187,2.914249841900927e-07,4.185222971429179e-10,1.6923426576719308e-06,1.0413022318368895e-07,7.543608947781902e-09,4.5540131080124724e-09,1.7724955388800677e-06,6.278374301420203e-06,0.0005466286385933174,6.107400476463155e-09,3.752340716137516e-07,3.3229504400812776e-25,4.935668572551717e-15
7.5347698446221005e-06,0.05595639656,0.054,0.0,0.0,0.001297385237217456,0.8634871450605885,0.0045967706756951145,0.0012541905780658442,1.88736341767894e-09,0.06293356470156891,0.0,0.027875484480546282,2.909070354376622e-07,4.1642954585457313e-10,1.687314863255273e-06,1.0375142922135387e-07,7.530220219389176e-09,4.54358199971409e-09,1.769078163213158e-06,6.266976419299321e-06,0.0005471737849860286,6.073093928992196e-09,3.7414792593479264e-07,3.355203260298373e-25,4.936782108004037e-15
7.56309193545344e-06,0.05595639656,0.054,0.0,0.0,0.0012937561772496573,0.8634838021540675,0.004599805677397319,0.0012549391078557123,1.896465554351338e-09,0.06293154683699648,0.0,0.027878603013854215,2.9039253619137575e-07,4.143570999938458e-10,1.6823251758956782e-06,1.0337589062127638e-07,7.51692063289297e-09,4.533224051895831e-09,1.765684773726464e-06,6.255655081848715e-06,0.0005477173989109906,6.039139529797576e-09,3.7307008920591297e-07,3.3876433928226793e-25,4.937886762082461e-15
7.59141402628478e-06,0.05595639656,0.054,0.0,0.0,0.001290153557247125,0.8634804778938695,0.004602829979196709,0.0012556847722455344,1.9055764946428025e-09,0.06292953606457821,0.0,0.027881696400797365,2.898814513611322e-07,4.1230468477996546e-10,1.6773731706602856e-06,1.0300356687948721e-07,7.503709294703317e-09,4.522938517663696e-09,1.7623151254689259e-06,6.244409545178791e-06,0.0005482594904870088,6.005532380991682e-09,3.72000471562542e-07,3.420271199872634e-25,4.938982630840935e-15
7.6197361171161194e-06,0.05595639656,0.054,0.0,0.0,0.001286577093878935,0.8634771720927485,0.0046058436706872,0.001256427596694803,1.9146962131028995e-09,0.0629275323250407,0.0,0.02788476491699968,2.8937374634596297e-07,4.10272030514917e-10,1.672458428901877e-06,1.0263441815021122e-07,7.490585308212437e-09,4.512724660349314e-09,1.7589689768636118e-06,6.23323907513305e-06,0.0005488000697241513,5.9722676703394446e-09,3.7093898441606664e-07,3.4530870429479636e-25,4.940069808973434e-15
7.64805820794746e-06,0.05595639656,0.054,0.0,0.0,0.0012830265078488993,0.8634738845660305,0.004608846840375712,0.0012571676063461781,1.9238246844460787e-09,0.06292553555982845,0.0,0.027887808834126317,2.8886938702243067e-07,4.0825887238428554e-10,1.667580538145986e-06,1.0226840523394764e-07,7.477547777766593e-09,4.502581753318822e-09,1.755646089649243e-06,6.2221429471281715e-06,0.000549339146525348,5.939340669457754e-09,3.698855404313723e-07,3.4860912828333378e-25,4.941148389837828e-15
7.6763802987788e-06,0.05595639656,0.054,0.0,0.0,0.0012795015238239542,0.8634706151315678,0.004611839575699412,0.001257904826030585,1.9329618835499114e-09,0.06292354571109264,0.0,0.02789082841995419,2.883683397294073e-07,4.0626494944553006e-10,1.662739091976714e-06,1.0190548956366215e-07,7.464595850496861e-09,4.492509079813198e-09,1.7523462288229147e-06,6.211120445997128e-06,0.0005498767306879639,5.906746732061466e-09,3.6884005350495487e-07,3.519284279601934e-25,4.942218465479277e-15
7.704702389610141e-06,0.05595639656,0.054,0.0,0.0,0.0012760018703640848,0.8634673636096962,0.00461482196304263,0.0012586392802722193,1.942107785453364e-09,0.0629215627216798,0.0,0.027893823938441042,2.878705712694778e-07,4.0429000554063277e-10,1.657933689923468e-06,1.0154563319155287e-07,7.451728670292304e-09,4.482505932788734e-09,1.7490691625840646e-06,6.200170865835637e-06,0.0005504128319053367,5.874481292253677e-09,3.6780243874347856e-07,3.5526663926190264e-25,4.943280126653118e-15
7.733024480441481e-06,0.05595639656,0.054,0.0,0.0,0.0012725272798537208,0.8634641298231929,0.00461779408775346,0.001259370993293447,1.951262365355088e-09,0.0629195865351209,0.0,0.027896795649793076,2.8737604890160096e-07,4.023337894166006e-10,1.653163937355825e-06,1.0118879877844008e-07,7.438945367337753e-09,4.4725716147294535e-09,1.7458146622795752e-06,6.189293509851471e-06,0.0005509474597682845,5.842539862855873e-09,3.667726124427122e-07,3.586237980545476e-25,4.9443334628473025e-15
7.761346571272822e-06,0.05595639656,0.054,0.0,0.0,0.0012690774884345658,0.863460913597233,0.004620756034159989,0.0012600999890196116,1.960425598611744e-09,0.06291761709562078,0.0,0.027899743810531057,2.8688474032118825e-07,4.003960531164904e-10,1.6484294453779645e-06,1.008349495812669e-07,7.426245127692537e-09,4.462705437496643e-09,1.7425825023499486e-06,6.17848769021655e-06,0.0005514806237665978,5.810918033777353e-09,3.6575049206691284e-07,3.6199994013412453e-25,4.945378562304313e-15
7.789668662104162e-06,0.05595639656,0.054,0.0,0.0,0.001265652235939868,0.8634577147593494,0.004623707885586266,0.0012608262910837485,1.969597460736341e-09,0.06291565434804736,0.0,0.027902668673555148,2.863966136617073e-07,3.9847655305668077e-10,1.6437298307208511e-06,1.0048404943983204e-07,7.413627140189548e-09,4.452906722190652e-09,1.739372460276692e-06,6.167752727922267e-06,0.0005520123332904919,5.779611470425286e-09,3.647359962286805e-07,3.6539510122688407e-25,4.946415512042697e-15
7.817990752935503e-06,0.05595639656,0.054,0.0,0.0,0.0012622512658300568,0.8634545331393928,0.004626649724367963,0.0012615499228312062,1.978777927396605e-09,0.06291369823792162,0.0,0.02790557048820833,2.859116374950598e-07,3.9657505087621905e-10,1.6390647156436755e-06,1.0013606276726237e-07,7.401090552615358e-09,4.443174798963399e-09,1.736184316530753e-06,6.1570879526375e-06,0.0005525425976320318,5.7486159121535926e-09,3.637290446692145e-07,3.6880931698967318e-25,4.947444397878109e-15
7.846312843766843e-06,0.05595639656,0.054,0.0,0.0,0.001258874325129681,0.8634513685694917,0.0046295816318676665,0.0012622709073241806,1.987966974413374e-09,0.06291174871140724,0.0,0.02790844950033848,2.8542978080616046e-07,3.946913108841552e-10,1.63443372783744e-06,9.979095453928904e-08,7.38863458491212e-09,4.433509006870734e-09,1.7330178545218906e-06,6.146492702568979e-06,0.0005530714259865441,5.717927170748111e-09,3.6272955823893926e-07,3.7224262301027555e-25,4.9484653044439475e-15
7.874634934598184e-06,0.05595639656,0.054,0.0,0.0,0.0012555211643657219,0.8634482208840153,0.0046325036884899504,0.0012629892673461564,1.997164577759001e-09,0.06290980571530087,0.0,0.027911305952359106,2.8495101299033603e-07,3.928251010143405e-10,1.6298365003219887e-06,9.944869028061748e-08,7.376258482353667e-09,4.423908693764496e-09,1.7298728605492398e-06,6.135966324324922e-06,0.0005535988274539969,5.687541128947388e-09,3.6173745887854384e-07,3.756950548077452e-25,4.949478315211511e-15
7.902957025429524e-06,0.05595639656,0.054,0.0,0.0,0.001252191537507174,0.8634450899195332,0.004635415973696177,0.0012637050254062695,2.0063707135558e-09,0.06290786919702214,0.0,0.027914140083309034,2.844753038663944e-07,3.909761952193824e-10,1.6252726713520436e-06,9.910923605587902e-08,7.36396140066577e-09,4.4143732161037024e-09,1.7267491237528606e-06,6.125508172781242e-06,0.0005541248110403389,5.657453738999253e-09,3.60752669600424e-07,3.791666478327404e-25,4.950483512509868e-15
7.931279116260865e-06,0.05595639656,0.054,0.0,0.0,0.0012488852019057956,0.8634419755147804,0.004638318566018915,0.001264418203743584,2.0155853580745035e-09,0.06290593910460443,0.0,0.02791695212891058,2.840026236476264e-07,3.891443696191641e-10,1.6207418843308685e-06,9.877255846147541e-08,7.351742579043738e-09,4.404901938794986e-09,1.7236464360660823e-06,6.115117610949613e-06,0.00055464938565884,5.627661021252352e-09,3.597751144704908e-07,3.8265743746785377e-25,4.9514809775451725e-15
7.959601207092205e-06,0.05595639656,0.054,0.0,0.0,0.0012456019182381596,0.8634388775106209,0.004641211543076137,0.0012651288243312837,2.0248084877327338e-09,0.0629040153866852,0.0,0.027919742321626643,2.835329429258967e-07,3.8732940240065025e-10,1.616243787712559e-06,9.843862461154691e-08,7.339601342893262e-09,4.395494235128908e-09,1.7205645921689689e-06,6.104794009848691e-06,0.0005551725601314053,5.598159062779694e-09,3.5880471859032794e-07,3.861674590279357e-25,4.9524707904196815e-15
7.987923297923546e-06,0.05595639656,0.054,0.0,0.0,0.001242341450448941,0.8634357957500117,0.004644094981585284,0.0012658369088807907,2.0340400790935135e-09,0.06290209799249699,0.0,0.027922510890716772,2.83066232702382e-07,3.855310792198252e-10,1.6117780349093815e-06,9.810740212808362e-08,7.327536850282951e-09,4.386149486597346e-09,1.7175033894428652e-06,6.094536748378303e-06,0.0005556943431898343,5.568944016034956e-09,3.578414080797294e-07,3.896967477604205e-25,4.953453030150393e-15
8.016245388754886e-06,0.05595639656,0.054,0.0,0.0,0.0012391035656951883,0.8634327300779676,0.004646968957376821,0.0012665424788457997,2.0432801088637833e-09,0.06290018687185828,0.0,0.02792525806229186,2.8260246436410716e-07,3.83749188115913e-10,1.6073442842161969e-06,9.777885913633041e-08,7.315548321339411e-09,4.376867082690405e-09,1.7144626279254603e-06,6.084345213194584e-06,0.0005562147434770872,5.540012097540484e-09,3.568851100595884e-07,3.9324533884564468e-25,4.95442777468727e-15
8.044567479586227e-06,0.05595639656,0.054,0.0,0.0,0.0012358880342918182,0.8634296803415287,0.004649833545407602,0.0012672455554262403,2.0525285538929474e-09,0.06289828197516474,0.0,0.027927984059367653,2.821416096393908e-07,3.8198351595524963e-10,1.6029421987207553e-06,9.745296425124937e-08,7.3036352019748085e-09,4.367646420893075e-09,1.7114421102668807e-06,6.074218798587951e-06,0.0005567337695485447,5.511359586606523e-09,3.559357526351139e-07,3.9681326739716585e-25,4.955395100931042e-15
8.072889570417567e-06,0.05595639656,0.054,0.0,0.0,0.0012326946296584071,0.8634266463897248,0.004652688819774275,0.001267946159572164,2.0617853911714326e-09,0.06289638325338041,0.0,0.027930689101917608,2.8168364064549224e-07,3.8023385902939296e-10,1.5985714462075417e-06,9.712968656437805e-08,7.291796670705582e-09,4.3584869065417725e-09,1.7084416416871453e-06,6.06415690636525e-06,0.0005572514298731971,5.482982824078905e-09,3.54993264879393e-07,4.004005684620751e-25,4.9563550847508415e-15
8.101211661248908e-06,0.05595639656,0.054,0.0,0.0,0.001229523128266746,0.8634236280735444,0.004655534853726085,0.0012686443119875556,2.0710505978292733e-09,0.06289449065802936,0.0,0.027933373406924363,2.8122852989442073e-07,3.785000185406789e-10,1.5942316990914957e-06,9.680899564331e-08,7.280031839826028e-09,4.349387952519078e-09,1.7054610299337895e-06,6.054158945731559e-06,0.0005577677328348231,5.454878211116784e-09,3.540575768172809e-07,4.040072770213091e-25,4.957307801001337e-15
8.129533752080248e-06,0.05595639656,0.054,0.0,0.0,0.0012263733095894372,0.8634206252459017,0.004658371719677332,0.0012693400331340772,2.080324151134718e-09,0.06289260414118698,0.0,0.027936037188429786,2.8077625020092035e-07,3.767817883187006e-10,1.5899226343433016e-06,9.649086152164926e-08,7.268340324752071e-09,4.340348979310067e-09,1.70250008524019e-06,6.044224333173716e-06,0.0005582826867332127,5.427042207999213e-09,3.531286194095979e-07,4.076334279899597e-25,4.958253323539413e-15
8.157855842911589e-06,0.05595639656,0.054,0.0,0.0,0.0012232449560500302,0.8634176377616053,0.0046611994892202056,0.0012700333432347412,2.089606028492841e-09,0.06289072365547226,0.0,0.02793868065758489,2.803267747262267e-07,3.7507897260200826e-10,1.5856439333848284e-06,9.617525467918913e-08,7.256721420276174e-09,4.331369414992126e-09,1.6995586202858681e-06,6.034352492350381e-06,0.0005587962997852993,5.399471332957574e-09,3.522063245376497e-07,4.1127905621757736e-25,4.959191725240841e-15
8.18617793374293e-06,0.05595639656,0.054,0.0,0.0,0.0012201378529737334,0.863414665477328,0.004664018233137057,0.0012707242622775128,2.098896207444194e-09,0.06288884915403921,0.0,0.02794130402269844,2.7988007705920507e-07,3.7339138893839736e-10,1.5813952820242777e-06,9.58621460435783e-08,7.245173954181878e-09,4.3224486947399474e-09,1.696636450156758e-06,6.0245428539810674e-06,0.0005593085801262342,5.37216216103577e-09,3.512906249880638e-07,4.1494419648847605e-25,4.960123078016494e-15
8.21450002457427e-06,0.05595639656,0.054,0.0,0.0,0.0012170517885386628,0.8634117082515749,0.004666828021411736,0.0012714128100188501,2.108194665663457e-09,0.06288698059056928,0.0,0.027943907489283628,2.7943613107132347e-07,3.7171883752108346e-10,1.5771763704090745e-06,9.555150699036074e-08,7.233697709941608e-09,4.313586260864878e-09,1.6937333923051235e-06,6.014794855733028e-06,0.0005598195358105732,5.345111322978021e-09,3.5038145443788895e-07,4.1862888352203155e-25,4.961047452827891e-15
8.24282211540561e-06,0.05595639656,0.054,0.0,0.0,0.0012139865537291459,0.8634087659446563,0.004669628923241906,0.0012720990059871763,2.1175013809581205e-09,0.06288511791926348,0.0,0.02794649126010506,2.789949108890789e-07,3.700611236159586e-10,1.572986892913543e-06,9.524330931388595e-08,7.222292393730226e-09,4.304781563151034e-09,1.6908492665125532e-06,6.005107942118851e-06,0.0005603291748133968,5.3183155041393356e-09,3.494787474400011e-07,4.223331519729811e-25,4.9619649197029155e-15
8.27114420623695e-06,0.05595639656,0.054,0.0,0.0,0.0012109419422897227,0.8634058384186558,0.004672421007051202,0.0012727828694862869,2.126816331267175e-09,0.06288326109483473,0.0,0.02794905553522527,2.785563911135354e-07,3.684180864435995e-10,1.5688265480543353e-06,9.493752522291158e-08,7.210956274841737e-09,4.296034058104073e-09,1.687983894853478e-06,5.995481564395204e-06,0.0005608375050312528,5.2917714434208365e-09,3.485824394088393e-07,4.260570364317152e-25,4.9628755477513685e-15
8.299466297068291e-06,0.05595639656,0.054,0.0,0.0,0.0012079177506784786,0.8634029255374038,0.0046752043404992205,0.0012734644195986997,2.136139494659829e-09,0.06288141007250035,0.0,0.0279516005120479,2.7812054667823635e-07,3.667895375086536e-10,1.5646950384855216e-06,9.463412736117023e-08,7.1996890454966386e-09,4.28734320867408e-09,1.6851371016558256e-06,5.985915180450039e-06,0.0005613445342832737,5.265475932233767e-09,3.4769246660635426e-07,4.29800571424572e-25,4.963779405179348e-15
8.327788387899632e-06,0.05595639656,0.054,0.0,0.0,0.0012049137780230257,0.8634000271664489,0.0046779789904929,0.0012741436751889357,2.1454708493342365e-09,0.06287956480797484,0.0,0.027954126385361416,2.7768735260538215e-07,3.6517526747438303e-10,1.5605920708988842e-06,9.433308877349935e-08,7.188491526358396e-09,4.278708485315837e-09,1.6823087134658407e-06,5.976408254704708e-06,0.0005618502703123659,5.2394258134828205e-09,3.4680876612820817e-07,4.335637914141247e-25,4.964676559303847e-15
8.356110478730972e-06,0.05595639656,0.054,0.0,0.0,0.0012019298260785062,0.8633971431730306,0.004680745023199536,0.0012748206549067507,2.1548103736162443e-09,0.06287772525746241,0.0,0.02795663334738465,2.772567843886937e-07,3.635751408623427e-10,1.5565173558796624e-06,9.403438287529815e-08,7.177361237543815e-09,4.2701293651534966e-09,1.6794985590165406e-06,5.966960258028904e-06,0.0005623547207860208,5.213617980568261e-09,3.45931275890365e-07,4.373467307994713e-25,4.9655670765680895e-15
8.384432569562313e-06,0.05595639656,0.054,0.0,0.0,0.0011989656991825103,0.8633942734260516,0.004683502504055363,0.001275495377190297,2.164158045958155e-09,0.06287589137765007,0.0,0.027959121587806862,2.7682881806796944e-07,3.619890025645363e-10,1.5524706079414792e-06,9.373798350202818e-08,7.166296720779367e-09,4.261605330587585e-09,1.6767064691885686e-06,5.957570667626376e-06,0.0005628578932972435,5.188049376421222e-09,3.45059934615874e-07,4.411494239165152e-25,4.9664510225548435e-15
8.412754660393653e-06,0.05595639656,0.054,0.0,0.0,0.0011960212042122474,0.8633914177960529,0.0046862514977745635,0.0012761678602692375,2.1735138449375056e-09,0.06287406312570051,0.0,0.027961591293826558,2.7640342956199557e-07,3.6041660073768886e-10,1.5484515455036125e-06,9.34438648959109e-08,7.155301187257391e-09,4.253135871482218e-09,1.6739322769738185e-06,5.948238966930347e-06,0.0005633597953659176,5.162716992558141e-09,3.4419468182174785e-07,4.449719050382481e-25,4.967328461999306e-15
8.441076751224994e-06,0.05595639656,0.054,0.0,0.0,0.0011930961505480285,0.8633885761551864,0.004688992068364614,0.0012768381221677976,2.182877749255867e-09,0.06287224045924567,0.0,0.02796404265019754,2.7598059502656555e-07,3.5885780924147533e-10,1.544459890640719e-06,9.315200161615891e-08,7.144372140308625e-09,4.244720485276795e-09,1.671175817451906e-06,5.938964645546452e-06,0.0005638604344396073,5.13761786814036e-09,3.433354578063405e-07,4.488142083750315e-25,4.968199458804739e-15
8.469398842056334e-06,0.05595639656,0.054,0.0,0.0,0.001190190350030502,0.8633857483771908,0.004691724279134919,0.0012775061807077674,2.192249737737655e-09,0.06287042333637928,0.0,0.027966475839267962,2.7556029162974243e-07,3.573125681315963e-10,1.5404953690879457e-06,9.286236860164303e-08,7.133504055536746e-09,4.236358672882385e-09,1.6684369277533731e-06,5.92974719914513e-06,0.0005643598178940377,5.112749089071859e-09,3.424822036370252e-07,4.526763680748716e-25,4.9690640760555294e-15
8.497720932887675e-06,0.05595639656,0.054,0.0,0.0,0.001187303616915089,0.8633829343373663,0.0046944481926996,0.0012781720535114433,2.201629789328953e-09,0.06286861171565065,0.0,0.027968891041010524,2.751424964022999e-07,3.5578055565775394e-10,1.5365577104216578e-06,9.257494124366755e-08,7.1227037791641825e-09,4.228049941559842e-09,1.6657154470143045e-06,5.920586129321223e-06,0.0005648579530346506,5.088107787130954e-09,3.4163486113763235e-07,4.5655841822368985e-25,4.969922376026921e-15
8.519894564035523e-06,0.05595639656,0.054,0.0,0.0,0.0011850567553083724,0.8633807407076007,0.004696575019504634,0.0012786918573903516,2.208979133810069e-09,0.06286719719428928,0.0,0.027970769486386157,2.748171357885705e-07,3.545902520049201e-10,1.5334934558928664e-06,9.235143529631377e-08,7.11429542655319e-09,4.221581692885206e-09,1.6635968214406982e-06,5.913452869389106e-06,0.0005652470811728076,5.068972813528553e-09,3.409755574425603e-07,4.596116159143386e-25,4.9705899779676736e-15
8.54206819518337e-06,0.05595639656,0.054,0.0,0.0,0.0011828213815921365,0.8633785553646294,0.004698696827978909,0.0012792103404925994,2.21633339772314e-09,0.06286578600082111,0.0,0.027972637099682764,2.744932874681938e-07,3.5340802538819846e-10,1.5304453764892963e-06,9.212925480007908e-08,7.1059213974372404e-09,4.215145453960701e-09,1.661488693826482e-06,5.906353629496485e-06,0.0005656354520403848,5.049974204101001e-09,3.403198148252318e-07,4.626770425560087e-25,4.971253774622072e-15
8.564241826331219e-06,0.05595639656,0.054,0.0,0.0,0.0011805974096446075,0.8633763782505588,0.004700813647305801,0.0012797275110254793,2.2236925711182385e-09,0.06286437811592416,0.0,0.027974493964312827,2.741709416706809e-07,3.5223364134398245e-10,1.5274133468416275e-06,9.190838837664977e-08,7.097588765881709e-09,4.208740990420631e-09,1.6593909894875117e-06,5.899288177904366e-06,0.0005660230690543686,5.031110639301382e-09,3.396676063113979e-07,4.657547144268818e-25,4.971913794868741e-15
8.584198094364283e-06,0.05595639656,0.054,0.0,0.0,0.0011786055129209294,0.8633744258362027,0.004702714542904385,0.0012801918489842353,2.2303200165929575e-09,0.06286311383250708,0.0,0.027976156020635783,2.7388210556888366e-07,3.511833603700478e-10,1.5246981405187548e-06,9.171072296111131e-08,7.090123802608528e-09,4.203003962663456e-09,1.6575119063409534e-06,5.89295797067644e-06,0.0005663712826265294,5.0142478164902226e-09,3.390836182292629e-07,4.685351022170494e-25,4.9725046079004485e-15
8.60215873559404e-06,0.05595639656,0.054,0.0,0.0,0.0011768205922170008,0.8633726742882495,0.004704421931059185,0.001280608854625474,2.2362881047774116e-09,0.06286197824405897,0.0,0.027977644533825227,2.736231790560438e-07,3.5024355492890226e-10,1.5222654103117934e-06,9.153371962948772e-08,7.08342854478912e-09,4.197862356653077e-09,1.6558278547603037e-06,5.887283888109133e-06,0.0005666841571400115,4.999163121735659e-09,3.385604420579486e-07,4.710459527007644e-25,4.973033761153874e-15
8.620119376823799e-06,0.05595639656,0.054,0.0,0.0,0.0011750430018906562,0.8633709280381474,0.004706126096928086,0.0012810250134508681,2.2422593965260568e-09,0.06286084479254016,0.0,0.027979126140393797,2.7336521973772063e-07,3.4930875995847994e-10,1.5198429915752415e-06,9.13575585199478e-08,7.076760157774531e-09,4.192741197071773e-09,1.6541505114494693e-06,5.8816315689904575e-06,0.0005669965430441432,4.984164735909833e-09,3.380395375251564e-07,4.735648661473031e-25,4.973560487122604e-15
8.638080018053557e-06,0.05595639656,0.054,0.0,0.0,0.0011732726977984533,0.8633691870561782,0.004707827055556258,0.0012814403296873755,2.2482338866351827e-09,0.0628597134679903,0.0,0.027980600883084024,2.7310822160353034e-07,3.4837894352011763e-10,1.5174308206273114e-06,9.118223410525303e-08,7.0701184577329065e-09,4.187640377816651e-09,1.6524798380760752e-06,5.87600089419794e-06,0.0005673084421071274,4.969251988084224e-09,3.375208908032384e-07,4.7609185116363805e-25,4.974084800613142e-15
8.65424459516034e-06,0.05595639656,0.054,0.0,0.0,0.0011716856176488923,0.8633676246522815,0.00470935518848568,0.0012818133973565887,2.253613658045674e-09,0.06285869708627609,0.0,0.02798192231793857,2.7287774029736076e-07,3.475464174609982e-10,1.5152685759881452e-06,9.10251526066589e-08,7.064159626601561e-09,4.183066930891704e-09,1.650981903400435e-06,5.870951695063455e-06,0.0005675887364678979,4.955903186315125e-09,3.3705602784241404e-07,4.783730459763004e-25,4.9745546322288266e-15
8.670409172267122e-06,0.05595639656,0.054,0.0,0.0,0.0011701043721959283,0.8633660664703422,0.004710880746479759,0.001282185788968948,2.25899601216069e-09,0.0628576824122271,0.0,0.02798323825806698,2.7264802932460647e-07,3.4671788072631895e-10,1.5131145341916314e-06,9.086873981032456e-08,7.058221392105589e-09,4.178509775256343e-09,1.6494893130399608e-06,5.865919846466237e-06,0.0005678686391855755,4.942622733329086e-09,3.3659297267261076e-07,4.806607919849635e-25,4.975022532263349e-15
8.686573749373904e-06,0.05595639656,0.054,0.0,0.0,0.001168528929987249,0.8633645124891667,0.004712403740296727,0.0012825575075452466,2.264380945225023e-09,0.06285666943872094,0.0,0.02798454873391673,2.7241908471864664e-07,3.4589332159762737e-10,1.510968649751463e-06,9.07129917195931e-08,7.052303032556812e-09,4.17396883157618e-09,1.6480020396602332e-06,5.8609052633798394e-06,0.0005681481515274384,4.929410153544959e-09,3.361317154414188e-07,4.829550954438617e-25,4.975488511267848e-15
8.701121868770008e-06,0.05595639656,0.054,0.0,0.0,0.0011671159679601249,0.863363117480363,0.004713772251199653,0.0012828914812995907,2.2692295868905483e-09,0.0628557592106777,0.0,0.027985723515209743,2.722136864905919e-07,3.4515459915661674e-10,1.5090442908678107e-06,9.057338332758877e-08,7.046993246605459e-09,4.1698957714951825e-09,1.6466680171981203e-06,5.856406830795192e-06,0.0005683993799059748,4.91757647362655e-09,3.3571811308465515e-07,4.850255803408199e-25,4.975906258550871e-15
8.715669988166111e-06,0.05595639656,0.054,0.0,0.0,0.001165707658655365,0.863361725841884,0.0047151387015313545,0.001283224914502041,2.2740803117522523e-09,0.06285485034920849,0.0,0.027986893916806258,2.7200890302991784e-07,3.444190525241776e-10,1.5071264698157486e-06,9.04343069733589e-08,7.041699593072796e-09,4.165835713374539e-09,1.6453382598413673e-06,5.851922253664752e-06,0.0005686502940158386,4.905797048323607e-09,3.353059520514597e-07,4.871013863836317e-25,4.976322465870734e-15
8.730218107562214e-06,0.05595639656,0.054,0.0,0.0,0.0011643039796092563,0.8633603375585808,0.004716503099000121,0.0012835578093159195,2.2789331170973185e-09,0.06285394284921,0.0,0.027988059960447786,2.7180473155753084e-07,3.4368667426834795e-10,1.505215154024951e-06,9.029575980123482e-08,7.036421527730557e-09,4.161788601016581e-09,1.6440127480523002e-06,5.847451471162587e-06,0.0005689008947669711,4.894071539531067e-09,3.3489522530500095e-07,4.891825181184483e-25,4.976737140764027e-15
8.744766226958318e-06,0.05595639656,0.054,0.0,0.0,0.0011629049085024122,0.8633589526153974,0.004717865451272234,0.001283890167892469,2.283788000220662e-09,0.06285303670560669,0.0,0.02798922166773415,2.7160116920378716e-07,3.4295744213045153e-10,1.5033103112123508e-06,9.015773888638157e-08,7.031159019277213e-09,4.1577543702519905e-09,1.6426914624142926e-06,5.842994422823357e-06,0.0005691511830651267,4.882399611804722e-09,3.344859258535729e-07,4.912689800872749e-25,4.977150290718974e-15
8.759314346354421e-06,0.05595639656,0.054,0.0,0.0,0.001161510423158497,0.8633575709973713,0.004719225765972166,0.0012842219923709438,2.2886449584248937e-09,0.06285213191335046,0.0,0.027990379060124793,2.713982132694803e-07,3.4223132344126646e-10,1.5014119091239159e-06,9.002024123896837e-08,7.0259126493780865e-09,4.153732961954318e-09,1.6413743836302465e-06,5.83855104853763e-06,0.0005694011598117838,4.87078093233556e-09,3.340780467502603e-07,4.933607768279796e-25,4.977561923175861e-15
8.773862465750524e-06,0.05595639656,0.054,0.0,0.0,0.001160120501543556,0.8633561926896314,0.004720584050683689,0.0012845532848786928,2.2935039890202813e-09,0.0628512284674204,0.0,0.027991532158941138,2.71195861068312e-07,3.415083159093941e-10,1.4995199157500874e-06,8.988326404449153e-08,7.020681712836703e-09,4.1497243237031605e-09,1.6400614925224443e-06,5.834121288552275e-06,0.0005696508259039911,4.859215170921716e-09,3.336715810926863e-07,4.954579128743045e-25,4.9779720455278556e-15
8.788410585146628e-06,0.05595639656,0.054,0.0,0.0,0.0011587351217644238,0.8633548176773985,0.004721940312949476,0.0012848840475312478,2.2983650893247187e-09,0.06285032636282273,0.0,0.027992680985366503,2.709941097622721e-07,3.407884029351926e-10,1.4976342994531485e-06,8.974680450868711e-08,7.015465904612443e-09,4.1457283913477245e-09,1.6387527700311713e-06,5.829705083465938e-06,0.000569900182234629,4.847701999947822e-09,3.3326652202261086e-07,4.975603927558722e-25,4.978380665120966e-15
8.80295870454273e-06,0.05595639656,0.054,0.0,0.0,0.001157354262067359,0.8633534459459834,0.004723294560270986,0.0012852142824324082,2.3032282566636834e-09,0.0628494255945906,0.0,0.02799382556044669,2.7079295666072713e-07,3.4007154352721583e-10,1.4957550286788252e-06,8.961085968824147e-08,7.010266183938627e-09,4.1417451048745305e-09,1.6374481972131512e-06,5.825302374224044e-06,0.0005701492296924755,4.836241094361058e-09,3.32862862725525e-07,4.996682209981961e-25,4.978787789254212e-15
8.817506823938834e-06,0.05595639656,0.054,0.0,0.0,0.0011559779008378855,0.8633520774807869,0.0047246468001100675,0.0012855439916743252,2.3080934883702065e-09,0.0628485261577837,0.0,0.02799496590509304,2.7059239917913403e-07,3.3935773891256517e-10,1.493882072004335e-06,8.947542677097027e-08,7.005081779251073e-09,4.137774416424318e-09,1.636147755242249e-06,5.820913102122374e-06,0.0005703979691619625,4.82483213164155e-09,3.324605964303652e-07,5.0178140212268895e-25,4.979193425180693e-15
8.832054943334937e-06,0.05595639656,0.054,0.0,0.0,0.0011546060165990328,0.8633507122672993,0.004725997039888487,0.001285873177337586,2.3129607817848324e-09,0.06284762804748831,0.0,0.02799610204008239,2.703924345381796e-07,3.386469816189582e-10,1.492015398382869e-06,8.934050307982971e-08,6.999911941375088e-09,4.133816261923884e-09,1.6348514254076538e-06,5.8165372088009175e-06,0.0005706464015233445,4.8134747917828885e-09,3.320597164091734e-07,5.038999406466709e-25,4.979597580107585e-15
8.84660306273104e-06,0.05595639656,0.054,0.0,0.0,0.0011532385880095254,0.8633493502910992,0.004727345286987179,0.001286201841491296,2.317830134255588e-09,0.06284673125881704,0.0,0.027997233986056736,2.7019306003172683e-07,3.3793921779551265e-10,1.4901549769286184e-06,8.920608575684371e-08,6.994758189134478e-09,4.129870578735505e-09,1.633559189111487e-06,5.81217463623572e-06,0.0005708945276529195,4.802168757271317e-09,3.316602159767058e-07,5.060238410833785e-25,4.980000261195935e-15
8.861151182127144e-06,0.05595639656,0.054,0.0,0.0,0.0011518755938643697,0.8633479915378534,0.004728691548748579,0.001286529986193163,2.322701543137943e-09,0.06284583578690864,0.0,0.027998361763526963,2.699942731654062e-07,3.3723444976317427e-10,1.4883007768196487e-06,8.907217197082549e-08,6.989619834677353e-09,4.125937324918954e-09,1.6322710278709776e-06,5.807825326747931e-06,0.0005711423484227694,4.790913713054778e-09,3.3126208849014045e-07,5.081531079419739e-25,4.9804014755620144e-15
8.875699301523247e-06,0.05595639656,0.054,0.0,0.0,0.0011505170130931344,0.8633466359933152,0.004730035832476282,0.0012868576134895749,2.3275750057947807e-09,0.06284494162692762,0.0,0.027999485392873325,2.697960712531708e-07,3.3653268791226263e-10,1.4864527675800115e-06,8.89387591315479e-08,6.984495277938538e-09,4.1220164374514136e-09,1.6309869233166525e-06,5.803489222997671e-06,0.0005713898647007704,4.779709346523494e-09,3.308653273487626e-07,5.102877457275542e-25,4.980801230277496e-15
8.89024742091935e-06,0.05595639656,0.054,0.0,0.0,0.0011491628247571669,0.8633452836433249,0.004731378145433144,0.0012871847254156859,2.3324505195963602e-09,0.06284404877406452,0.0,0.028000604894343525,2.695984515554787e-07,3.3583386106827165e-10,1.484610918966475e-06,8.880584450899615e-08,6.9793867554781e-09,4.118107848351681e-09,1.629706857187846e-06,5.799166267968029e-06,0.0005716370773509481,4.768555347493062e-09,3.304699259935635e-07,5.124277589411579e-25,4.981199532368664e-15
8.904795540315454e-06,0.05595639656,0.054,0.0,0.0,0.0011478130080511322,0.8633439344738083,0.00473271849484448,0.0012875113239954915,2.33732808192028e-09,0.06284315722353527,0.0,0.028001720288057304,2.6940141163622503e-07,3.3513796500257054e-10,1.482775200753729e-06,8.86734252523059e-08,6.974294070871576e-09,4.114211522946904e-09,1.6284308113368822e-06,5.794856404981569e-06,0.0005718839872332885,4.7574514081719e-09,3.30075877906949e-07,5.145731520797744e-25,4.981596388818072e-15
8.919343659711557e-06,0.05595639656,0.054,0.0,0.0,0.001146467542301893,0.8633425884707766,0.0047340568878985224,0.0012878374112419112,2.3422076901514487e-09,0.0628422669705813,0.0,0.028002831594007967,2.6920494894493905e-07,3.344450417914031e-10,1.4809455830147394e-06,8.854149880674046e-08,6.9692141404574946e-09,4.110327401491834e-09,1.6271587677285624e-06,5.790559577698968e-06,0.0005721305952035482,4.746397223140928e-09,3.296831766124736e-07,5.167239296363541e-25,4.981991806565153e-15
8.93389177910766e-06,0.05595639656,0.054,0.0,0.0,0.0011451264069638806,0.8633412456203255,0.004735393331742469,0.0012881629891568652,2.347089341682046e-09,0.06284137801046918,0.0,0.028003938832058317,2.6900906071069837e-07,3.337550003458954e-10,1.47912203613406e-06,8.841006260324282e-08,6.96414995385969e-09,4.10645540658434e-09,1.6258907084316026e-06,5.786275730087884e-06,0.0005723769021136787,4.73539248934227e-09,3.2929181567443275e-07,5.188800960998144e-25,4.982385792504581e-15
8.948439898503764e-06,0.05595639656,0.054,0.0,0.0,0.001143789581621632,0.8633399059086343,0.0047367278334865225,0.001288488059731355,2.3519730339114953e-09,0.06284049033849062,0.0,0.028005042021945682,2.688137445003593e-07,3.3306781243791776e-10,1.4773045304839679e-06,8.827911380051932e-08,6.959102691933349e-09,4.102595511717265e-09,1.6246266156248108e-06,5.7820048064468486e-06,0.0005726229088118034,4.7244369060448516e-09,3.2890178869754303e-07,5.21041655955049e-25,4.982778353488125e-15
8.961533205960256e-06,0.05595639656,0.054,0.0,0.0,0.0011425901070921869,0.8633387028403964,0.004737927230409757,0.0012887801911091212,2.3563700995719467e-09,0.0628396925311927,0.0,0.028006031447880258,2.6863844700795325e-07,3.3245186368906034e-10,1.4756739163473912e-06,8.8161674492723e-08,6.9545698407831204e-09,4.0991319040322506e-09,1.6234923088106506e-06,5.778171979406535e-06,0.0005728440588564,4.714618658057466e-09,3.2855189970183246e-07,5.2299167487825815e-25,4.983130445665792e-15
8.974626513416749e-06,0.05595639656,0.054,0.0,0.0,0.0011413940925242196,0.8633375022934681,0.004739125065092575,0.0012890719145812529,2.360768814212146e-09,0.06283889576009188,0.0,0.02800701762490333,2.684636089289572e-07,3.318382063134643e-10,1.474048150619207e-06,8.80446261097468e-08,6.950049850449058e-09,4.0956779956871645e-09,1.6223611876670044e-06,5.774349535778342e-06,0.0005730649670254686,4.704839764260573e-09,3.2820308146125655e-07,5.2494606934215555e-25,4.9834813940800336e-15
8.987719820873242e-06,0.05595639656,0.054,0.0,0.0,0.0011402015232995857,0.8633363042579465,0.004740321342641166,0.0012893632315768074,2.3651691759511805e-09,0.06283810002180718,0.0,0.028008000567145735,2.6828922843975535e-07,3.312268388594792e-10,1.472427212136102e-06,8.792796666774946e-08,6.945542519341774e-09,4.092233763087619e-09,1.6212332394254153e-06,5.7705374356251734e-06,0.0005732856339291614,4.695100010178648e-09,3.278553293964773e-07,5.26904842607903e-25,4.9838312036376855e-15
8.999503797584086e-06,0.05595639656,0.054,0.0,0.0,0.0011391311447510044,0.8633352281650873,0.004741396665286708,0.001289625070510827,2.3691309082350027e-09,0.06283738473762719,0.0,0.02800888246104188,2.68132675809655e-07,3.306785924766908e-10,1.4709724773797657e-06,8.782330415129404e-08,6.941494823796742e-09,4.089142190945708e-09,1.620220788343303e-06,5.767115356322954e-06,0.0005734840283627254,4.686367519885458e-09,3.2754326035444327e-07,5.2867148511589775e-25,4.9841450625509376e-15
9.01128777429493e-06,0.05595639656,0.054,0.0,0.0,0.0011380635346150173,0.8633341540913442,0.004742470734458377,0.0012898865823826925,2.3730939717845018e-09,0.06283667028486027,0.0,0.028009761756335644,2.6797649107837143e-07,3.3013218429997715e-10,1.4695216204201573e-06,8.771895387159736e-08,6.937456820966832e-09,4.086058380194714e-09,1.6192108878137972e-06,5.763701594229427e-06,0.0005736822283045074,4.677666405951671e-09,3.272320479242919e-07,5.304416794665133e-25,4.984458006481293e-15
9.023071751005775e-06,0.05595639656,0.054,0.0,0.0,0.0011369986824035904,0.8633330820296076,0.004743543553827408,0.0012901477682197805,2.377058365238152e-09,0.06283595666107478,0.0,0.028010638463161368,2.67820672857325e-07,3.2958757027525125e-10,1.4680746261405599e-06,8.761491444360436e-08,6.933430732292556e-09,4.082982323589583e-09,1.6182035286688146e-06,5.760296120648679e-06,0.0005738802341940927,4.6689965150707006e-09,3.269216888208607e-07,5.322154280317054e-25,4.984770038948631e-15
9.03485572771662e-06,0.05595639656,0.054,0.0,0.0,0.001135936577684717,0.863332011972803,0.0047446151270527015,0.0012904086290449724,2.3810240872374586e-09,0.0628352438638493,0.0,0.0280115125916051,2.6766521993783026e-07,3.290448387688356e-10,1.466631479392765e-06,8.751118440311334e-08,6.929412093465655e-09,4.079914008655745e-09,1.6171987017916681e-06,5.7568989070439215e-06,0.0005740780464693976,4.660357694875676e-09,3.2661217977558577e-07,5.339927331817193e-25,4.985081163456449e-15
9.046639704427464e-06,0.05595639656,0.054,0.0,0.0,0.001134877210076544,0.8633309439138893,0.004745685457775364,0.0012906691658766793,2.384991136426938e-09,0.06283453189077269,0.0,0.028012384151699567,2.675101310647971e-07,3.285039473809144e-10,1.4651921651595164e-06,8.740776256640778e-08,6.925401040574614e-09,4.076853345864323e-09,1.6161963981049907e-06,5.7535099249928e-06,0.0005742756655664857,4.6517497939467904e-09,3.2630351753643894e-07,5.357735972850964e-25,4.9853913834898805e-15
9.057245283467223e-06,0.05595639656,0.054,0.0,0.0,0.0011339261109185072,0.8633299843632717,0.004746647696080915,0.0012909033728489225,2.388562614327186e-09,0.06283389181766649,0.0,0.028013166368094578,2.67370861168798e-07,3.28018642822838e-10,1.4639000468811915e-06,8.731494536590386e-08,6.9218017700677e-09,4.0741053025236894e-09,1.6152964746432685e-06,5.750466855723577e-06,0.0005744533579457707,4.644028994687134e-09,3.260264428657913e-07,5.3737941983948725e-25,4.985669811059906e-15
9.067850862506982e-06,0.05595639656,0.054,0.0,0.0,0.0011329772129583038,0.8633290264201857,0.004747608933528625,0.0012911373189439352,2.3921351651720468e-09,0.0628332524084328,0.0,0.02801394651945329,2.6723188408463754e-07,3.275348334662226e-10,1.4626110100731664e-06,8.722237566629995e-08,6.918209207419127e-09,4.0713634769466564e-09,1.614398581092546e-06,5.747430410561019e-06,0.0005746308945186259,4.6363330090562856e-09,3.2575004913937406e-07,5.389881287875064e-25,4.985947511330383e-15
9.078456441546741e-06,0.05595639656,0.054,0.0,0.0,0.001132030508736048,0.8633280700795681,0.004748569172741508,0.0012913710048949529,2.3957087879795998e-09,0.06283261366133498,0.0,0.028014724612984584,2.6709319894630494e-07,3.2705250211730774e-10,1.4613250439149836e-06,8.713005254970459e-08,6.914622424289047e-09,4.06862778929868e-09,1.6135027109276709e-06,5.744400569063144e-06,0.0005748082755996445,4.628661728592798e-09,3.2547433402025474e-07,5.405997258522869e-25,4.98622448680606e-15
9.0890620205865e-06,0.05595639656,0.054,0.0,0.0,0.0011310859908229475,0.8633271153363787,0.004749528416329972,0.0012916044314323447,2.399283481769869e-09,0.06283197557464307,0.0,0.02801550065586182,2.6695480477030103e-07,3.2657157116381764e-10,1.4600421377201337e-06,8.703797515302291e-08,6.911045671848642e-09,4.065898248912947e-09,1.612608857645487e-06,5.741377310849623e-06,0.000574985501502417,4.621015045435985e-09,3.2519929518205587e-07,5.42214212755848e-25,4.986500739979433e-15
9.09966759962626e-06,0.05595639656,0.054,0.0,0.0,0.0011301436518272269,0.8633261621855988,0.004750486666898068,0.0012918375992836209,2.4028592455648282e-09,0.06283133814663351,0.0,0.028016274655229136,2.6681670062319623e-07,3.260920995398e-10,1.4587622808214291e-06,8.694614246753367e-08,6.9074760440144034e-09,4.063174851256854e-09,1.6117170147790338e-06,5.738360615654538e-06,0.0005751625725395678,4.613392852313503e-09,3.2492493030887635e-07,5.43831591219098e-25,4.9867762733331346e-15
9.109212620762043e-06,0.05595639656,0.054,0.0,0.0,0.0011292974036223485,0.8633253057072761,0.004751348245520579,0.0012920472297721385,2.4060783470275222e-09,0.06283076502317919,0.0,0.02801696951333647,2.666926541312976e-07,3.2566182647906723e-10,1.4576130079576456e-06,8.686370147116452e-08,6.904268464700223e-09,4.060729006136694e-09,1.6109160697811455e-06,5.735651184673405e-06,0.0005753218043204141,4.606553729301669e-09,3.246785762574358e-07,5.452897055409938e-25,4.987023639948291e-15
9.118757641897826e-06,0.05595639656,0.054,0.0,0.0,0.001128452909035712,0.8633244505111289,0.004752209023779708,0.0012922566518382512,2.4092983136931237e-09,0.0628301924306197,0.0,0.02801766272712095,2.6656884117751684e-07,3.2523269268632995e-10,1.4564661886800115e-06,8.678145724632323e-08,6.901067656260743e-09,4.0582880797209376e-09,1.6101167433238562e-06,5.73294703871374e-06,0.000575480911138855,4.599734279442477e-09,3.2443276457661013e-07,5.467501646722552e-25,4.987270427304593e-15
9.128302663033609e-06,0.05595639656,0.054,0.0,0.0,0.0011276101627460137,0.8633235965935435,0.004753069003551843,0.0012924658660064376,2.412519144852667e-09,0.06282962036771211,0.0,0.02801835430172191,2.664452610645685e-07,3.2480469128351983e-10,1.4553218153318147e-06,8.669940913967992e-08,6.89787455186487e-09,4.055852092154321e-09,1.6093190307471572e-06,5.730248163162673e-06,0.0005756398932206124,4.592934425757627e-09,3.241874935997073e-07,5.482129698651245e-25,4.987516637188297e-15
9.137847684169392e-06,0.05595639656,0.054,0.0,0.0,0.0011267691594555145,0.8633227439509196,0.004753928186709169,0.0012926748727993425,2.415740839798441e-09,0.06282904883321773,0.0,0.028019044242259896,2.663219131266649e-07,3.2437788497810604e-10,1.4541798802711177e-06,8.661755643602435e-08,6.894685786135491e-09,4.0534210299123334e-09,1.6085229274140314e-06,5.727554543479964e-06,0.0005757987507907581,4.586154091645385e-09,3.239427616667446e-07,5.49678122371118e-25,4.987762271379268e-15
9.147392705305175e-06,0.05595639656,0.054,0.0,0.0,0.001125929893886333,0.8633218925796715,0.0047547865751158035,0.0012928836727377783,2.418963397823997e-09,0.06282847782590206,0.0,0.02801973255383269,2.661987967489771e-07,3.2395223262700445e-10,1.4530403758448613e-06,8.653589843447e-08,6.891501595495253e-09,4.050994812343659e-09,1.6077284287023789e-06,5.724866165167921e-06,0.0005759574840736748,4.579393200890807e-09,3.2369856712447595e-07,5.511456234410274e-25,4.988007331649492e-15
9.156937726440958e-06,0.05595639656,0.054,0.0,0.0,0.0011250923607801064,0.8633210424762272,0.00475564417062785,0.0012930922663407407,2.422186818224133e-09,0.06282790734453486,0.0,0.028020419241515784,2.660759112674783e-07,3.235276699728257e-10,1.4519032944664599e-06,8.645443449764718e-08,6.8883254162670714e-09,4.048573443692797e-09,1.6069355300035905e-06,5.72218301376634e-06,0.0005761160932930619,4.57265167765443e-09,3.234549083262973e-07,5.526154743249214e-25,4.988251819763304e-15
9.166482747576741e-06,0.05595639656,0.054,0.0,0.0,0.001124256554902209,0.8633201936370277,0.00475650097509778,0.0012933006541254084,2.4254111002949008e-09,0.06282733738788998,0.0,0.028021104310366803,2.6595325596147363e-07,3.231042903369218e-10,1.4507686286397933e-06,8.637316399081341e-08,6.885155021050787e-09,4.0461570228042775e-09,1.6061442267320873e-06,5.719505074888064e-06,0.0005762745786719656,4.565929446459378e-09,3.232117836322818e-07,5.540876762721518e-25,4.988495737479042e-15
9.176027768712524e-06,0.05595639656,0.054,0.0,0.0,0.0011234224710388806,0.8633193460585292,0.004757356990371399,0.0012935088366071562,2.4286362433335947e-09,0.06282676795474545,0.0,0.028021787765421913,2.6583083021946024e-07,3.226820437197164e-10,1.4496363708139903e-06,8.629208620049452e-08,6.881989645662726e-09,4.043745408326218e-09,1.6053545143210423e-06,5.7168323342028955e-06,0.0005764329404328016,4.559226432214133e-09,3.229691914091004e-07,5.555622305313438e-25,4.988739086547573e-15
9.185572789848307e-06,0.05595639656,0.054,0.0,0.0,0.0011225901039959166,0.8633184997372004,0.0047582122182869835,0.001293716814299567,2.4318622466387493e-09,0.06282619904388341,0.0,0.028022469611695917,2.657086334104302e-07,3.2226091641578985e-10,1.448506513476697e-06,8.621120046627664e-08,6.878830698906546e-09,4.041338625936554e-09,1.604566388217129e-06,5.714164777418437e-06,0.0005765911787973022,4.552542560191118e-09,3.2272713002998417e-07,5.570391383504041e-25,4.988981868712477e-15
9.19511781098409e-06,0.05595639656,0.054,0.0,0.0,0.0011217594486010191,0.863317654669524,0.004759066660677671,0.001293924587714436,2.4350891095101396e-09,0.0628256306540901,0.0,0.028023149854184252,2.6558666486278406e-07,3.218409153670078e-10,1.447379049185268e-06,8.613050614366333e-08,6.875677478231069e-09,4.038936656780632e-09,1.6037798438872592e-06,5.711502390305077e-06,0.0005767492939865331,4.545877756029011e-09,3.224855978747018e-07,5.585184009765219e-25,4.989224085710713e-15
9.204662832119873e-06,0.05595639656,0.054,0.0,0.0,0.0011209304997019998,0.8633168108519962,0.0047599203193697094,0.0012941321573617748,2.4383168312487706e-09,0.0628250627841559,0.0,0.028023828497861402,2.65464923933103e-07,3.214220355448302e-10,1.4462539705117345e-06,8.605000257165155e-08,6.8725306434829325e-09,4.036539513324327e-09,1.6029948768141498e-06,5.708845158679596e-06,0.0005769072862209259,4.539231945732597e-09,3.222445933295373e-07,5.600000196561672e-25,4.989465739272051e-15
9.214207853255656e-06,0.05595639656,0.054,0.0,0.0,0.0011201032521682569,0.8633159682811264,0.0047607731961841334,0.0012943395237498246,2.4415454111568817e-09,0.06282449543287523,0.0,0.02802450554768256,2.6534340997523715e-07,3.2100427621789363e-10,1.4451312700616166e-06,8.596968909633844e-08,6.869389076522392e-09,4.0341471434847405e-09,1.602211482500486e-06,5.706193068420692e-06,0.0005770651557202474,4.532605055670018e-09,3.2200411478725523e-07,5.61483995635093e-25,4.989706831119643e-15
9.223752874391439e-06,0.05595639656,0.054,0.0,0.0,0.0011192777008885554,0.8633151269534382,0.004761625292934647,0.0012945466873850618,2.4447748485379375e-09,0.06282392859904655,0.0,0.028025181008581708,2.6522212235542197e-07,3.205876268926011e-10,1.4440109404604356e-06,8.588956506412924e-08,6.866253926020353e-09,4.031759568360242e-09,1.60142965646311e-06,5.703546105447479e-06,0.0005772229027036335,4.525997012570235e-09,3.2176416064706604e-07,5.629703301583373e-25,4.989947362969381e-15
9.233297895527222e-06,0.05595639656,0.054,0.0,0.0,0.0011184538407733183,0.8633142868654673,0.004762476611430099,0.0012947536487722085,2.448005142696626e-09,0.06282336228147241,0.0,0.028025854885474103,2.6510106042970896e-07,3.2017208952561326e-10,1.4428929743757734e-06,8.580962982978303e-08,6.8631239647202785e-09,4.029376737368723e-09,1.6006493942393889e-06,5.7009042557432255e-06,0.0005773805273895557,4.519407743520673e-09,3.215247293145911e-07,5.644590244702214e-25,4.990187336530724e-15
9.242842916663005e-06,0.05595639656,0.054,0.0,0.0,0.0011176316667519713,0.8633134480137639,0.004763327153471883,0.0012949604084142381,2.4512362929388562e-09,0.06282279647895936,0.0,0.0280265271832538,2.649802235657721e-07,3.1975765408802023e-10,1.4417773644967037e-06,8.572988274734929e-08,6.860000556395824e-09,4.026998681087932e-09,1.5998706913801943e-06,5.698267505329318e-06,0.0005775380299958625,4.512837175965417e-09,3.2128581920183277e-07,5.659500798143547e-25,4.990426753505882e-15
9.252387937798788e-06,0.05595639656,0.054,0.0,0.0,0.0011168111737756873,0.8633126103948903,0.004764176920856892,0.0012951669668123833,2.4544682985717502e-09,0.06282223119031793,0.0,0.028027197906796593,2.6485961112559553e-07,3.193443232161863e-10,1.4406641035516952e-06,8.565032317555634e-08,6.8568821500957266e-09,4.024625337467582e-09,1.5990935434576295e-06,5.695635840294058e-06,0.0005776954107397411,4.506285237703105e-09,3.2104742872714133e-07,5.674434974336306e-25,4.990665615590783e-15
9.261932958934571e-06,0.05595639656,0.054,0.0,0.0,0.0011159923568141224,0.8633117740054229,0.004765025915374286,0.001295373324466145,2.4577011589036446e-09,0.06282166641436264,0.0,0.028027867060956963,2.647392224825463e-07,3.1893208578550026e-10,1.4395531842881728e-06,8.557095047426845e-08,6.853770397327132e-09,4.022256746076348e-09,1.5983179460561916e-06,5.693009246759879e-06,0.0005778526698377644,4.499751856884691e-09,3.2080955631518573e-07,5.689392785702324e-25,4.990903924474069e-15
9.271477980070354e-06,0.05595639656,0.054,0.0,0.0,0.0011151752108587748,0.8633109388419506,0.004765874138809076,0.0012955794818732998,2.460934873244086e-09,0.062821102149912,0.0,0.028028534650571618,2.646190570036261e-07,3.185209445914184e-10,1.4384445994947604e-06,8.54917640078429e-08,6.850663462395698e-09,4.0198928342285116e-09,1.5975438947823621e-06,5.69038771091905e-06,0.0005780098075058457,4.493236962011725e-09,3.205722003969213e-07,5.704374244656302e-25,4.9911416818382595e-15
9.281023001206137e-06,0.05595639656,0.054,0.0,0.0,0.0011143597309191085,0.8633101049010756,0.004766721592938288,0.0012957854395299077,2.464169440903824e-09,0.06282053839578851,0.0,0.028029200680455873,2.6449911406651674e-07,3.1811088898762945e-10,1.437338341977508e-06,8.541276314219048e-08,6.847563309974764e-09,4.017533654492838e-09,1.5967713852538365e-06,5.687771218993754e-06,0.0005781668239592924,4.486740481933545e-09,3.203353594095587e-07,5.719379363605857e-25,4.991378889358574e-15
9.29056802234192e-06,0.05595639656,0.054,0.0,0.0,0.0011135459120265674,0.8633092721794126,0.0047675682795351865,0.0012959911979303186,2.467404861194812e-09,0.06281997515081846,0.0,0.028029865155407747,2.6437939304327815e-07,3.1770192091698257e-10,1.4362344045852241e-06,8.533394724725766e-08,6.844467783204815e-09,4.015179120322169e-09,1.5960004131112414e-06,5.685159757279625e-06,0.0005783237194127535,4.480262345846492e-09,3.2009903179653315e-07,5.734408154951488e-25,4.991615548704261e-15
9.300113043477703e-06,0.05595639656,0.054,0.0,0.0,0.0011127337492300195,0.8633084406735898,0.004768414200364746,0.0012961967575671825,2.4706411334301996e-09,0.06281941241383221,0.0,0.028030528080203756,2.642598933159607e-07,3.172940315154338e-10,1.4351327801815403e-06,8.525531569453554e-08,6.841379168351451e-09,4.0128292998767495e-09,1.5952309740050796e-06,5.682553312097416e-06,0.000578480494080282,4.473802483289941e-09,3.198632160074724e-07,5.74946063108663e-25,4.99185166153724e-15
9.309658064613486e-06,0.05595639656,0.054,0.0,0.0,0.00111192323760047,0.8633076103802477,0.0047692593571885995,0.0012964021189314535,2.4738782569243355e-09,0.0628188501836639,0.0,0.028031189459603652,2.6414061426215774e-07,3.1688721994417596e-10,1.4340334616747895e-06,8.517686785966969e-08,6.838294983521202e-09,4.010484089131193e-09,1.5944630636098795e-06,5.679951869845464e-06,0.0005786371481752719,4.467360824147138e-09,3.196279104981684e-07,5.764536804397623e-25,4.99208722951362e-15
9.319203085749269e-06,0.05595639656,0.054,0.0,0.0,0.0011111143722257893,0.8633067812960398,0.0047701037517597755,0.001296607282512402,2.4771162309927542e-09,0.06281828845915169,0.0,0.028031849298345513,2.640215552675863e-07,3.164814814251695e-10,1.432936441985513e-06,8.509860311960637e-08,6.8352178407504445e-09,4.008143576142632e-09,1.5936966776085407e-06,5.677355416941865e-06,0.000578793681910532,4.4609372986391564e-09,3.1939311373054455e-07,5.77963668726375e-25,4.992322254282147e-15
9.328748106885052e-06,0.05595639656,0.054,0.0,0.0,0.0011103071482183016,0.863305953417634,0.004770947385827422,0.0012968122487974115,2.4803550549523282e-09,0.06281772723913796,0.0,0.028032507601148657,2.639027157157936e-07,3.160768109450762e-10,1.431841714082369e-06,8.502052085550908e-08,6.832145368822007e-09,4.0058076539904346e-09,1.5929318117119442e-06,5.674763939896096e-06,0.0005789500954981302,4.4545318373471795e-09,3.1915882417346507e-07,5.794760292058061e-25,4.9925567374850316e-15
9.337338625907258e-06,0.05595639656,0.054,0.0,0.0,0.0011095820459516334,0.8633052093552833,0.004771706007698121,0.0012969965501676485,2.483270722609034e-09,0.06281722257151749,0.0,0.028033098764330775,2.637959472387524e-07,3.157135179531788e-10,1.4308584126455664e-06,8.495040232528342e-08,6.829385192115859e-09,4.003709280779975e-09,1.5922447285529078e-06,5.672435853767858e-06,0.0005790907651756323,4.44878230996276e-09,3.1894839597547436e-07,5.808391828840767e-25,4.992767310681701e-15
9.345929144929464e-06,0.05595639656,0.054,0.0,0.0,0.0011088582657045997,0.863304466264528,0.004772464016239477,0.0012971806924750929,2.486187077628488e-09,0.06281671831076659,0.0,0.02803368869062748,2.636893555699422e-07,3.1535108491703397e-10,1.4298769567760953e-06,8.488043065304345e-08,6.8266296029527675e-09,4.00161464005313e-09,1.5915588700973133e-06,5.670111777372512e-06,0.0005792313378587878,4.443047308456995e-09,3.1873837627293227e-07,5.822042599409191e-25,4.992977447724647e-15
9.35451966395167e-06,0.05595639656,0.054,0.0,0.0,0.0011081358039514836,0.8633037241429633,0.0047732214127141044,0.0012973646760717338,2.4891041195150395e-09,0.06281621445604893,0.0,0.028034277383440786,2.6358294026655434e-07,3.149895089718051e-10,1.4288973413986954e-06,8.481060539252665e-08,6.823878682221605e-09,3.99952372567731e-09,1.5908742332478405e-06,5.667791700962425e-06,0.0005793718137009829,4.4373267828868295e-09,3.185287639615816e-07,5.835712612769248e-25,4.993187149797901e-15
9.363110182973876e-06,0.05595639656,0.054,0.0,0.0,0.0011074146571795674,0.8633029829881943,0.0047739781983809175,0.0012975485013084508,2.492021847773832e-09,0.06281571100653088,0.0,0.02803486484616033,2.634767008870675e-07,3.146287867774446e-10,1.4279195614592151e-06,8.474092609997727e-08,6.82113221882105e-09,3.9974365197045055e-09,1.5901908149168394e-06,5.665475614817808e-06,0.0005795121928551996,4.43162068355934e-09,3.1831955794120267e-07,5.849401877920202e-25,4.993396418081278e-15
9.371700701996082e-06,0.05595639656,0.054,0.0,0.0,0.0011066948218882025,0.8633022427978324,0.004774734374494944,0.0012977321685350622,2.4949402619107645e-09,0.06281520796138118,0.0,0.028035451082163605,2.6337063699152564e-07,3.142689160042615e-10,1.426943611920475e-06,8.467139233302647e-08,6.818390344091558e-09,3.995353018970438e-09,1.5895086120276862e-06,5.6631635092530536e-06,0.0005796524754740245,4.4259289609736145e-09,3.1811075711546555e-07,5.863110403858266e-25,4.993605253750403e-15
9.380291221018288e-06,0.05595639656,0.054,0.0,0.0,0.0011059762945883035,0.8633015035694978,0.004775489942307899,0.001297915678100398,2.497859361432439e-09,0.06281470531977082,0.0,0.028036036094817075,2.6326474814116774e-07,3.139098933295939e-10,1.4259694877628232e-06,8.460200365098956e-08,6.815652951109656e-09,3.993273209625617e-09,1.588827621512653e-06,5.660855374608547e-06,0.0005797926617096816,4.420251565845929e-09,3.17902360391603e-07,5.876838199573973e-25,4.993813657977138e-15
9.388881740040494e-06,0.05595639656,0.054,0.0,0.0,0.0011052590718039102,0.8633007653008185,0.004776244903067439,0.0012980990303521438,2.500779145846278e-09,0.0628142030808735,0.0,0.02803661988747425,2.6315903389878006e-07,3.13551716377854e-10,1.4249971839857123e-06,8.453275961503051e-08,6.812920078872534e-09,3.9911970849436146e-09,1.5881478403148542e-06,5.658551201257198e-06,0.000579932751713974,4.414588449120577e-09,3.1769436668094105e-07,5.890585274052955e-25,4.994021631928913e-15
9.3974722590627e-06,0.05595639656,0.054,0.0,0.0,0.0011045431500717922,0.8633000279894315,0.004776999258017402,0.0012982822256368848,2.503699614660493e-09,0.06281370124386544,0.0,0.028037202463476244,2.6305349382904534e-07,3.1319438205453875e-10,1.424026695607645e-06,8.446365978816454e-08,6.8101917255831844e-09,3.989124635432091e-09,1.5874692653895213e-06,5.6562509796099015e-06,0.0005800727456382893,4.4089395619415356e-09,3.174867748988328e-07,5.90435163627757e-25,4.994229176768859e-15
9.41465329710711e-06,0.05595639656,0.054,0.0,0.0,0.0011031151959710267,0.8632985562291187,0.004778506155446052,0.0012986481466865324,2.5095426035265874e-09,0.06281269877223365,0.0,0.02803836397882113,2.6284293447147267e-07,3.124822308829719e-10,1.4220911452097396e-06,8.432589102153181e-08,6.804748457016708e-09,3.984990723251688e-09,1.5861157222248822e-06,5.651662353212634e-06,0.0005803524458506393,4.397684281870095e-09,3.170727928004787e-07,5.931942259867675e-25,4.994642983745958e-15
9.431834335151521e-06,0.05595639656,0.054,0.0,0.0,0.0011016924048218642,0.8632970882698109,0.004780010644471615,0.0012990134440010663,2.5153883241114424e-09,0.06281169789833331,0.0,0.02803952066734488,2.626330666133498e-07,3.117734176399695e-10,1.4201627970739771e-06,8.418869388899068e-08,6.799323064590676e-09,3.980871399287423e-09,1.5847669678602574e-06,5.647089419303003e-06,0.0005806317635500865,4.386485339031116e-09,3.1666040549550895e-07,5.959610142106981e-25,4.9950550881327154e-15
9.449015373195932e-06,0.05595639656,0.054,0.0,0.0,0.001100274749352319,0.8632956240928844,0.004781512734913766,0.0012993781203155372,2.521236772507784e-09,0.06281069861566069,0.0,0.028040672555353113,2.624238868224009e-07,3.11067920469012e-10,1.4182416119897985e-06,8.405206495559066e-08,6.7939154582225995e-09,3.97676659013905e-09,1.5834229782991e-06,5.6425321022565624e-06,0.0005809106999337991,4.375342350142555e-09,3.162496044431697e-07,5.987355354684817e-25,4.995465499089034e-15
9.466196411240342e-06,0.05595639656,0.054,0.0,0.0,0.0010988622024816603,0.8632941636798408,0.004783012436534291,0.0012997421783483832,2.5270879448203294e-09,0.0628097009177504,0.0,0.028041819668964848,2.6221539168955733e-07,3.103657177124978e-10,1.4163275510298272e-06,8.391600081344086e-08,6.788525547354106e-09,3.972676222876909e-09,1.5820837297064338e-06,5.637990326937567e-06,0.0005811892561927765,4.364254935212948e-09,3.1584038116261064e-07,6.01517796921746e-25,4.995874225710751e-15
9.500558487329163e-06,0.05595639656,0.054,0.0,0.0,0.001096052327160139,0.8632912540720297,0.004786004712070758,0.0013004684503606595,2.5387984456725842e-09,0.06280771025054466,0.0,0.02804409967655177,2.618004418768338e-07,3.089711094732371e-10,1.4125206471734282e-06,8.36455534052667e-08,6.777798467618127e-09,3.96453852483998e-09,1.5794193608862673e-06,5.628953103358759e-06,0.0005817452330699171,4.342245323511785e-09,3.1502663429009666e-07,6.071055690248787e-25,4.996686662016727e-15
9.530060220483072e-06,0.05595639656,0.054,0.0,0.0,0.0010936559502930678,0.8632887678562438,0.004788566211171087,0.0013010900465986106,2.548861212099083e-09,0.06280600615148546,0.0,0.028046042190534328,2.6144633842563115e-07,3.077840772979141e-10,1.4092745905242329e-06,8.341513076535444e-08,6.768644350069995e-09,3.957597285420099e-09,1.5771467656772416e-06,5.621243060961344e-06,0.0005822213676334911,4.323522753378577e-09,3.143329455019483e-07,6.119277467490936e-25,4.9973788911600856e-15
9.559561953636981e-06,0.05595639656,0.054,0.0,0.0,0.001091274266876585,0.8632862924858133,0.0047911208003851334,0.0013017098570042445,2.5589319562040537e-09,0.06280430663663984,0.0,0.028047970983258966,2.610942071687014e-07,3.066064640333787e-10,1.4060490088944656e-06,8.31863270634837e-08,6.75954120814573e-09,3.950697633009721e-09,1.5748878239564695e-06,5.613577817218279e-06,0.0005826963977316318,4.304958885722785e-09,3.1364379314119196e-07,6.16772845497769e-25,4.998066278071788e-15
9.5861135134755e-06,0.05595639656,0.054,0.0,0.0,0.001089143206079516,0.8632840738508735,0.004793414062146467,0.001302266170448765,2.568002430812196e-09,0.0628027809666703,0.0,0.028049695269748282,2.6077896156785197e-07,3.055545789122808e-10,1.403163335622676e-06,8.29817743251737e-08,6.75139161310649e-09,3.944523209829908e-09,1.5728663543856754e-06,5.606717098367573e-06,0.0005831229853332607,4.288385585588731e-09,3.1302740064912003e-07,6.211530616326032e-25,4.99868082267151e-15
9.612665073314018e-06,0.05595639656,0.054,0.0,0.0,0.0010870238458344313,0.8632818638629948,0.004795701799963903,0.0013028210576908198,2.5770793376163148e-09,0.06280125896151907,0.0,0.028051408635908884,2.604652880773962e-07,3.0451016346715836e-10,1.4002939583885065e-06,8.277850776269127e-08,6.743282653177824e-09,3.93838192961331e-09,1.570855766782546e-06,5.599892106322685e-06,0.0005835486872774346,4.271938042113898e-09,3.124146196801026e-07,6.255518992142071e-25,4.9992915126302135e-15
9.639216633152537e-06,0.05595639656,0.054,0.0,0.0,0.0010849160924470275,0.8632796624580013,0.004797984047962973,0.001303374528217842,2.5861626626393683e-09,0.06279974059858229,0.0,0.02805311117203863,2.6015317487324606e-07,3.0347314359897994e-10,1.3974407427669224e-06,8.257651567885395e-08,6.7352140221900406e-09,3.932273539475902e-09,1.5688559784739193e-06,5.593102579828708e-06,0.0005839735077562931,4.25561495954642e-09,3.1180542089650994e-07,6.299693844287257e-25,4.999898379422232e-15
9.665768192991055e-06,0.05595639656,0.054,0.0,0.0,0.00108281985322408,0.8632774695723716,0.004800260839963085,0.0013039265914295468,2.5952523919694254e-09,0.06279822585545856,0.0,0.02805480296745901,2.5984261025318674e-07,3.0244344608590486e-10,1.3946035558094027e-06,8.237578651604105e-08,6.727185420277629e-09,3.926197789142699e-09,1.5668669076430883e-06,5.586348260239726e-06,0.0005843974509290741,4.23941505893505e-09,3.111997752757593e-07,6.344055434220122e-25,5.000501454186011e-15
9.692319752829574e-06,0.05595639656,0.054,0.0,0.0,0.0010807350364556584,0.8632752851432309,0.004802532209482341,0.0013044772566393312,2.604348511758989e-09,0.06279671470994587,0.0,0.028056484110532704,2.5953358263416745e-07,3.014209987012694e-10,1.3917822660188187e-06,8.217630885429842e-08,6.719196547482022e-09,3.920154430887784e-09,1.5648884733044218e-06,5.579628891431628e-06,0.0005848205209226441,4.223337077982071e-09,3.1059765410400935e-07,6.388604022993165e-25,5.001100767730364e-15
9.718871312668093e-06,0.05595639656,0.054,0.0,0.0,0.001078661551404377,0.8632731091083415,0.0048047981897404645,0.0013050265330751334,2.6134510082245793e-09,0.06279520714003937,0.0,0.028058154688674054,2.592260805509185e-07,3.0040573018802917e-10,1.3889767433334438e-06,8.197807140977393e-08,6.711247104338004e-09,3.914143219501497e-09,1.5629205952936504e-06,5.5729442197725635e-06,0.0005852427218317829,4.2073797708497155e-09,3.0999902897299084e-07,6.433339871253525e-25,5.0016963505380756e-15
9.745422872506611e-06,0.05595639656,0.054,0.0,0.0,0.0010765993082926808,0.8632709414060963,0.004807058813662206,0.0013055744298804293,2.6225598676462486e-09,0.06279370312392951,0.0,0.028059814788361545,2.589200926552717e-07,2.9939757005066476e-10,1.3861868591060333e-06,8.178106303176403e-08,6.703336800864666e-09,3.9081639122792905e-09,1.5609631942716499e-06,5.5662939941516625e-06,0.0005856640577194467,4.1915419076200994e-09,3.0940387177626564e-07,6.4782632392510885e-25,5.002288232769666e-15
9.77197443234513e-06,0.05595639656,0.054,0.0,0.0,0.0010745482182846042,0.8632687819755062,0.004809314113882327,0.001306120956115681,2.6316750763668802e-09,0.06279220263999849,0.0,0.028061464495155716,2.586156077134859e-07,2.9839644868387327e-10,1.383412486077482e-06,8.158527270067784e-08,6.6954653498486665e-09,3.902216268965348e-09,1.5590161916972748e-06,5.559677965884977e-06,0.0005860845326173188,4.175822274166872e-09,3.088121547026978e-07,6.523374386834771e-25,5.002876444269862e-15
9.798525992183648e-06,0.05595639656,0.054,0.0,0.0,0.0010725081934779448,0.863266630756196,0.004811564122747753,0.0013066661207589677,2.6407966207918675e-09,0.0627907056668189,0.0,0.02806310389370692,2.5831261460437695e-07,2.9740229763374484e-10,1.380653498365813e-06,8.139068952769389e-08,6.687632454008832e-09,3.8963000517121955e-09,1.5570795098057731e-06,5.553095888633348e-06,0.0005865041505260943,4.160219672316854e-09,3.082238502343797e-07,6.568673573446228e-25,5.003461014570694e-15
9.825077552022167e-06,0.05595639656,0.054,0.0,0.0,0.001070479146888286,0.863264487688393,0.004813808872321871,0.0013072099327072371,2.649924487388505e-09,0.06278921218315081,0.0,0.028064733067770884,2.5801110231868163e-07,2.96415049109222e-10,1.377909771441063e-06,8.119730275090779e-08,6.679837827651687e-09,3.890415025061143e-09,1.5551530716244548e-06,5.546547518483445e-06,0.0005869229154157608,4.144732918949749e-09,3.0763893114176315e-07,6.614161058135129e-25,5.004041972895863e-15
9.851629111860686e-06,0.05595639656,0.054,0.0,0.0,0.0010684609924442351,0.8632623527129255,0.004816048394385803,0.0013077524007766854,2.659058662685792e-09,0.06278772216794117,0.0,0.028066352100213226,2.577110599601923e-07,2.954346356099014e-10,1.3751811821149836e-06,8.100510173285871e-08,6.6720812142211186e-09,3.8845609559728706e-09,1.5532368009929355e-06,5.540032614038181e-06,0.0005873408312255953,4.129360845414923e-09,3.0705737048278277e-07,6.6598370995713055e-25,5.004619348161548e-15
9.878180671699204e-06,0.05595639656,0.054,0.0,0.0,0.001066453644968353,0.8632602257712091,0.004818282720443743,0.0013082935337042974,2.668199133273676e-09,0.06278623560031994,0.0,0.028067961073028596,2.5741247673956687e-07,2.94460991229443e-10,1.372467608517162e-06,8.081407596213517e-08,6.664362325296905e-09,3.878737613706061e-09,1.5513306224601064e-06,5.533550936007486e-06,0.0005877579018651404,4.114102298906841e-09,3.0647914159478165e-07,6.705701956005787e-25,5.0051931689856335e-15
9.904732231537723e-06,0.05595639656,0.054,0.0,0.0,0.001064457020174083,0.8632581068052452,0.004820511881723839,0.001308833340148114,2.677345885802907e-09,0.0627847524595998,0.0,0.028069560067343704,2.571153419726409e-07,2.93494051828001e-10,1.3697689300908542e-06,8.062421505311927e-08,6.656680829852882e-09,3.872944769775782e-09,1.5494344612872398e-06,5.52710224721954e-06,0.0005881741312142451,4.098956142354482e-09,3.0590421809632555e-07,6.75175588527331e-25,5.005763463688518e-15
9.931283791376241e-06,0.05595639656,0.054,0.0,0.0,0.0010624710346446825,0.8632559957576085,0.0048227359091835165,0.0013093718286887963,2.686498906984266e-09,0.06278327272527252,0.0,0.028071149163436865,2.568196450884772e-07,2.925337511408647e-10,1.367085027553113e-06,8.0435508732585e-08,6.649036535218773e-09,3.867182198069429e-09,1.547548243649214e-06,5.520686313486124e-06,0.0005885895231224944,4.0839212495196365e-09,3.053325738812492e-07,6.79799914489827e-25,5.006330260292928e-15
9.95783535121476e-06,0.05595639656,0.054,0.0,0.0,0.0010604956058248114,0.8632538925714403,0.004824954833512209,0.0013099090078304019,2.6956581835881696e-09,0.06278179637700702,0.0,0.028072728440747423,2.56525375620714e-07,2.915800244453865e-10,1.364415782887302e-06,8.024794684764157e-08,6.641429220760827e-09,3.8614496747406884e-09,1.5456718963880033e-06,5.514302902588307e-06,0.0005890040814106986,4.068996509623042e-09,3.0476418310974796e-07,6.844431991983176e-25,5.006893586534662e-15
9.984386911053279e-06,0.05595639656,0.054,0.0,0.0,0.0010585306520108162,0.8632517971904424,0.004827168685134559,0.0013104448860012895,2.7048237024442233e-09,0.06278032339464762,0.0,0.02807429797788658,2.5623252319222646e-07,2.9063281385928933e-10,1.3617610793391592e-06,8.006151937670268e-08,6.633858385729896e-09,3.855746977986557e-09,1.5438053467403846e-06,5.507951783135002e-06,0.0005894178098725386,4.054180832690492e-09,3.0419902020859073e-07,6.891054683083709e-25,5.007453469874553e-15
9.999999999999997e-06,0.05595639656,0.054,0.0,0.0,0.0010573800602672251,0.8632505686672968,0.004828468137931982,0.0013107593938815954,2.710216203187984e-09,0.06277945880170399,0.0,0.028075216394990596,2.560609749327412e-07,2.9007884426057024e-10,1.3602067792090243e-06,7.99524202686556e-08,6.629423417157396e-09,3.852407464136997e-09,1.5427123068989934e-06,5.504232125342511e-06,0.0005896607083019248,4.045519269631103e-09,3.0386818489864617e-07,6.918558922719303e-25,5.007781101003859e-15
1.0010938470891797e-05,0.05595639656,0.054,0.0,0.0,0.0010565760923405992,0.8632497095588715,0.004829377494211946,0.0013109794715546296,2.7139954504409395e-09,0.06277885375821259,0.0,0.028075857852644003,2.55941077537511e-07,2.8969205689599253e-10,1.3591208013854517e-06,7.987621640166082e-08,6.626323771104536e-09,3.850073888242552e-09,1.5419485230306077e-06,5.501632727460734e-06,0.0005898307122711549,4.0394731351778475e-09,3.036370598805896e-07,6.937867474540547e-25,5.008009937478628e-15
1.0037490030730316e-05,0.05595639656,0.054,0.0,0.0,0.0010546318467779452,0.8632476296215309,0.00483158129064631,0.001311512772769564,2.7231734145251655e-09,0.06277738744789177,0.0,0.028077408142002106,2.556510285197255e-07,2.887576798895411e-10,1.3564948346980817e-06,7.969202809408827e-08,6.618825688791708e-09,3.844430188374583e-09,1.5401013548346204e-06,5.495345512379996e-06,0.0005902427923386324,4.024872335506358e-09,3.03078277080119e-07,6.984870622569572e-25,5.008563016217387e-15
1.0064041590568834e-05,0.05595639656,0.054,0.0,0.0,0.0010526978361151346,0.8632455573237651,0.004833780104083389,0.001312044797851908,2.7323575817017147e-09,0.06277592444404481,0.0,0.028078948922143483,2.553623660560708e-07,2.8782963607317214e-10,1.353883066191409e-06,7.950894478886785e-08,6.611363255231336e-09,3.83881566327257e-09,1.538263770944984e-06,5.489089910629244e-06,0.000590654053786689,4.010377396056672e-09,3.0252264700181064e-07,7.032064382294155e-25,5.0091127327326806e-15
1.00879379944235e-05,0.05595639656,0.054,0.0,0.0,0.0010509659125406126,0.8632436987428688,0.0048357548000116934,0.0013125225360563935,2.7406286251103615e-09,0.06277461055152019,0.0,0.02808032755622093,2.5510374709462823e-07,2.869997640333164e-10,1.3515445214654132e-06,7.934510667558693e-08,6.604677208146102e-09,3.833787358665414e-09,1.536618082516918e-06,5.483486715563749e-06,0.0005910234922117012,3.997421598419541e-09,3.0202525524457563e-07,7.07470194996559e-25,5.009604624671126e-15
1.01094447578927e-05,0.05595639656,0.054,0.0,0.0,0.0010494141683985094,0.8632420312410456,0.004837528613299436,0.001312951627148984,2.7480768434057725e-09,0.06277343031301895,0.0,0.028081561838499886,2.548719374515914e-07,2.862571763118907e-10,1.3494495198530413e-06,7.919840527624573e-08,6.5986846566674286e-09,3.8292818145131274e-09,1.5351435113604291e-06,5.478465450770347e-06,0.0005913554246062285,3.985833338320573e-09,3.0157975446673335e-07,7.113208099534367e-25,5.010045032856506e-15
1.0130951521361899e-05,0.05595639656,0.054,0.0,0.0,0.0010478690011628483,0.863240368656103,0.004839299209127503,0.001313379895325473,2.755529108631879e-09,0.06277225220952032,0.0,0.028082790014675604,2.546410199570146e-07,2.85518639174757e-10,1.347363636427186e-06,7.905241199562924e-08,6.592714997096694e-09,3.824795036349293e-09,1.5336751056707385e-06,5.473464536797636e-06,0.0005916868264057837,3.974312699073878e-09,3.011362789433553e-07,7.151839762536353e-25,5.01048328152411e-15
1.0152458284831098e-05,0.05595639656,0.054,0.0,0.0,0.0010463303702630277,0.8632387109600025,0.004841066602770798,0.0013138073448098087,2.7629854139918626e-09,0.06277107623090411,0.0,0.028084012123747865,2.544109894470689e-07,2.8478411812778734e-10,1.3452868133231352e-06,7.890712189255102e-08,6.58676825268409e-09,3.820326913243403e-09,1.5322128295518366e-06,5.468483859552805e-06,0.0005920176995271234,3.962859140979717e-09,3.006948159913844e-07,7.19059707412482e-25,5.010919384299242e-15
1.0171814371953378e-05,0.05595639656,0.054,0.0,0.0,0.0010449511577581257,0.8632372231904752,0.004842654531721911,0.0013141913528308673,2.7696995375321816e-09,0.06277001965861559,0.0,0.028085106866511174,2.5420471613243577e-07,2.841264573079729e-10,1.343425371667391e-06,7.87769579634114e-08,6.581435696756186e-09,3.816321462468441e-09,1.5309019922416721e-06,5.464018458221063e-06,0.0005923150348921427,3.95260785434302e-09,3.002992096821246e-07,7.225586195596715e-25,5.0113100532345985e-15
1.0191170459075658e-05,0.05595639656,0.054,0.0,0.0,0.0010435771779856876,0.8632357393382454,0.004844239890179311,0.0013145747041456875,2.776416923174048e-09,0.06276896479206043,0.0,0.028086196754223906,2.5399915342625427e-07,2.834720037447361e-10,1.3415711808921248e-06,7.864735610038014e-08,6.57612145945518e-09,3.8123309546835646e-09,1.529596064933311e-06,5.459569273562612e-06,0.0005926119449539729,3.9424100915370836e-09,2.9990521425403587e-07,7.260677299899493e-25,5.0116990047296344e-15
1.0210526546197938e-05,0.05595639656,0.054,0.0,0.0,0.001042208402054807,0.8632342593833249,0.004845822689062246,0.001314957401771878,2.783137566012396e-09,0.06276791162400398,0.0,0.02808728181465002,2.537942976467654e-07,2.828207331332087e-10,1.3397241998184245e-06,7.85183127959584e-08,6.570825548015588e-09,3.80835531073802e-09,1.528295022031742e-06,5.455136224148484e-06,0.0005929084310862749,3.932265470325238e-09,2.9951282066865276e-07,7.295870485214738e-25,5.012086248487449e-15
1.0229882633320218e-05,0.05595639656,0.054,0.0,0.0,0.001040844801287671,0.8632327833058664,0.00484740293922295,0.0013153394487079148,2.789861461157712e-09,0.062766860147256,0.0,0.02808836207534692,2.5359014514496676e-07,2.821726246187229e-10,1.3378843875732566e-06,7.838982456514385e-08,6.565547849056779e-09,3.804394453204743e-09,1.5269988379388137e-06,5.4507192283313975e-06,0.0005932044946563024,3.922173615656641e-09,2.9912201995467936e-07,7.331165849528111e-25,5.0124717941457895e-15
1.0249238720442498e-05,0.05595639656,0.054,0.0,0.0,0.001039486347217017,0.863231311086161,0.004848980651447134,0.001315720847933296,2.7965886037359556e-09,0.06276581035467028,0.0,0.028089437563667385,2.533866922938293e-07,2.815276594915538e-10,1.3360517035943108e-06,7.826188795769409e-08,6.5602881365000895e-09,3.800448304531775e-09,1.5257074871845522e-06,5.4463182047885e-06,0.0005935001370242576,3.912134157061018e-09,2.987328032083119e-07,7.366563490694238e-25,5.012855651273427e-15
1.0268594807564778e-05,0.05595639656,0.054,0.0,0.0,0.00103813301158227,0.8632298427046387,0.004850555836454347,0.0013161016024087005,2.803318988888475e-09,0.06276476223914429,0.0,0.028090508306761602,2.531839354871209e-07,2.80885812963338e-10,1.334226107627016e-06,7.813449955362211e-08,6.555046459571088e-09,3.796516786824634e-09,1.524420944764321e-06,5.441933073963561e-06,0.0005937953595415722,3.902146721409277e-09,2.9834516159292057e-07,7.402063506600374e-25,5.013237829359919e-15
1.0287950894687058e-05,0.05595639656,0.054,0.0,0.0,0.0010367847663303427,0.8632283781418644,0.0048521285048987,0.001316481715076141,2.810052611771928e-09,0.06276371579361885,0.0,0.028091574331578714,2.529818711516771e-07,2.802470637241883e-10,1.3324075597135488e-06,7.80076559519818e-08,6.549822761360481e-09,3.79259982447113e-09,1.523139185644283e-06,5.437563755980375e-06,0.0005940901635535437,3.892210942956463e-09,2.979590863300533e-07,7.437665994927889e-25,5.013618337832063e-15
1.0307306981809338e-05,0.05595639656,0.054,0.0,0.0,0.001035441583613484,0.8632269173785395,0.004853698667369465,0.0013168611888591218,2.816789467558196e-09,0.06276267101107774,0.0,0.028092635664868953,2.5278049573866484e-07,2.7961139545547857e-10,1.3305960201966425e-06,7.788135378430452e-08,6.544616734724476e-09,3.788697341821249e-09,1.5218621848209994e-06,5.433210170870285e-06,0.0005943845503990708,3.882326462454886e-09,2.975745687081517e-07,7.473371053182574e-25,5.013997186052636e-15
1.0326663068931619e-05,0.05595639656,0.054,0.0,0.0,0.001034103435784315,0.863225460395499,0.004855266334391299,0.0013172400266627873,2.8235295514343046e-09,0.06276162788454741,0.0,0.02809369233318553,2.5257980571577083e-07,2.7897878317535606e-10,1.3287914497200584e-06,7.775558971566075e-08,6.539428452753036e-09,3.784809262059387e-09,1.5205899178556276e-06,5.42887224086461e-06,0.000594678521407889,3.872492915765189e-09,2.971916000864649e-07,7.509178778954836e-25,5.014374383303711e-15
1.0346019156053899e-05,0.05595639656,0.054,0.0,0.0,0.0010327702953973471,0.8632240071737111,0.004856831516424948,0.0013176182313740707,2.8302728586023447e-09,0.06276058640709652,0.0,0.02809474436288613,2.5237979758231677e-07,2.78349204389876e-10,1.3269938092160259e-06,7.763036042775868e-08,6.534257952101379e-09,3.780935511337263e-09,1.5193223602706037e-06,5.4245498878469556e-06,0.0005949720779037816,3.862709946022767e-09,2.968101718779947e-07,7.545089269627239e-25,5.014749938806621e-15
1.0365375243176179e-05,0.05595639656,0.054,0.0,0.0,0.0010314421352077107,0.8632225576942749,0.004858394223867967,0.0013179958058618468,2.8370193842793915e-09,0.0627595465718358,0.0,0.028095791780134806,2.521804678661092e-07,2.777226461454088e-10,1.325203059906969e-06,7.750566263058657e-08,6.52910480107464e-09,3.777076016129351e-09,1.518059487488298e-06,5.4202430330427175e-06,0.0005952652212049603,3.852977205488257e-09,2.964302755590435e-07,7.581102622345406e-25,5.015123861724657e-15
1.0384731330298459e-05,0.05595639656,0.054,0.0,0.0,0.0010301189281647113,0.8632211119384215,0.0048599544670547635,0.0013183727529770728,2.8437691236974293e-09,0.06275850837191753,0.0,0.028096834610904065,2.519818131078372e-07,2.7709908368186873e-10,1.323419163309844e-06,7.738149307140306e-08,6.523969068099333e-09,3.773230700434572e-09,1.5168012756235413e-06,5.415951600435824e-06,0.0005955579526199161,3.843294338654427e-09,2.9605190267804487e-07,7.6172189344060095e-25,5.015496161137874e-15
1.0404087417420739e-05,0.05595639656,0.054,0.0,0.0,0.0010288006474139019,0.8632196698875101,0.004861512256257254,0.0013187490755529373,2.8505220721032673e-09,0.0627574718005353,0.0,0.028097872880976066,2.5178382987583764e-07,2.764784914633571e-10,1.3216420812229478e-06,7.725784851347284e-08,6.518850974324073e-09,3.769399491980647e-09,1.5155477007739359e-06,5.411675513776088e-06,0.0005958502734511985,3.8336609964789255e-09,2.9567504483284105e-07,7.653438302911331e-25,5.015866846066488e-15
1.0423443504543019e-05,0.05595639656,0.054,0.0,0.0,0.001027487266297268,0.863218231523029,0.004863067601685847,0.0013191247764050033,2.8572782247584675e-09,0.06275643685092376,0.0,0.02809890661594458,2.51586514772605e-07,2.758608609222227e-10,1.3198717757240082e-06,7.71347257421473e-08,6.513749921051598e-09,3.765582319748962e-09,1.5142987387469096e-06,5.407414695319597e-06,0.0005961421849969387,3.824076843050669e-09,2.95299693682947e-07,7.689760824634897e-25,5.0162359254806415e-15
1.0442799591665299e-05,0.05595639656,0.054,0.0,0.0,0.0010261787583448363,0.8632167968265931,0.004864620513489254,0.001319499858331354,2.8640375769392638e-09,0.06275540351635803,0.0,0.028099935841217165,2.5138986441187624e-07,2.75246169028247e-10,1.3181082091784185e-06,7.701212158343046e-08,6.508665886253468e-09,3.761779108285242e-09,1.513054366188573e-06,5.403169070720208e-06,0.0005964336885448859,3.814541531435305e-09,2.94925840963102e-07,7.7261865965773685e-25,5.016603408264055e-15
1.0462155678787579e-05,0.05595639656,0.054,0.0,0.0,0.0010248750972770252,0.8632153657799442,0.004866171001754955,0.0013198743241127275,2.8708001239364874e-09,0.06275437179015371,0.0,0.02810096058201597,2.5119387542751795e-07,2.7463438420495717e-10,1.3163513442273628e-06,7.689003288144267e-08,6.503599422141112e-09,3.757989786506833e-09,1.5118145598007715e-06,5.398938565750115e-06,0.000596724785376567,3.805054719128181e-09,2.9455347845013683e-07,7.762715715584621e-25,5.016969303239682e-15
1.0481511765909859e-05,0.05595639656,0.054,0.0,0.0,0.0010235762570071708,0.8632139383649482,0.004867719076510641,0.001320248176512662,2.8775658610554855e-09,0.06275334166566629,0.0,0.028101980863379845,2.5099854449369683e-07,2.740255029685517e-10,1.314601143780706e-06,7.676845649443849e-08,6.498549743380473e-09,3.754214286508398e-09,1.510579295731595e-06,5.394723103514645e-06,0.0005970154767706525,3.795616082449734e-09,2.9418259797979155e-07,7.799348278043823e-25,5.0173336191908314e-15
1.0500867853032139e-05,0.05595639656,0.054,0.0,0.0,0.001022282211630727,0.8632125145635954,0.004869264747723786,0.0013206214182776327,2.884334783616056e-09,0.06275231313629104,0.0,0.028102996710166656,2.508038682983072e-07,2.734195076375944e-10,1.3128575710279437e-06,7.664738932299564e-08,6.493516541311858e-09,3.750452533182143e-09,1.5093485511245153e-06,5.390522611197735e-06,0.0005973057639947063,3.786225283271814e-09,2.938131914703005e-07,7.836084380650974e-25,5.017696364810819e-15
1.0520223940154419e-05,0.05595639656,0.054,0.0,0.0,0.0010209929354271952,0.8632110943579987,0.004870808025301674,0.001320994052137187,2.8911068869523626e-09,0.06275128619546255,0.0,0.02810400814705352,2.5060984353793724e-07,2.728163560355881e-10,1.3111205894305162e-06,7.652682829153196e-08,6.48850091943359e-09,3.746704455876684e-09,1.508122303331412e-06,5.386337016830928e-06,0.0005975956483093358,3.776881983967892e-09,2.934452508731552e-07,7.872924120028248e-25,5.018057548728398e-15
1.0539580027276699e-05,0.05595639656,0.054,0.0,0.0,0.0010197084028662204,0.8632096777303928,0.004872348919093511,0.0013213660808040818,2.897882166412864e-09,0.06275026083665447,0.0,0.02810501519853917,2.50416466953644e-07,2.722160488129892e-10,1.3093901627087777e-06,7.640677032978254e-08,6.483501980731994e-09,3.742969990676369e-09,1.5069005287964023e-06,5.382166244185581e-06,0.0005978851309743641,3.767585873535974e-09,2.9307876819309043e-07,7.909867592161655e-25,5.018417179546216e-15
1.0558936114398979e-05,0.05595639656,0.054,0.0,0.0,0.0010184285885940767,0.8632082646631332,0.004873887438889993,0.0013217375069744185,2.9046606173602405e-09,0.06274923705337927,0.0,0.028106017888946653,2.502237353093464e-07,2.716185811825168e-10,1.3076662548525166e-06,7.6287212407892e-08,6.478518730536739e-09,3.739249062879399e-09,1.5056832051082963e-06,5.378010221744556e-06,0.0005981742132378236,3.758336623348093e-09,2.9271373552915564e-07,7.946914893423794e-25,5.018775265773666e-15
1.0576356592809031e-05,0.05595639656,0.054,0.0,0.0,0.001017280769073897,0.8632069959322088,0.004875270084984684,0.0013220712776081827,2.910763931012815e-09,0.0627483169901812,0.0,0.028106916601552186,2.500508255725973e-07,2.710832364263645e-10,1.3061202818672508e-06,7.618003533571617e-08,6.474049016163248e-09,3.735911744001226e-09,1.5045914010799347e-06,5.374282355409324e-06,0.000598434045956554,3.7500520879539504e-09,2.92386439387548e-07,7.9803463181502575e-25,5.0190962297294875e-15
1.0593777071219083e-05,0.05595639656,0.054,0.0,0.0,0.0010161367327482355,0.8632057300582746,0.004876650823080982,0.0013224045643324633,2.916869806464266e-09,0.06274739819326555,0.0,0.028107811818727832,2.4987843327597815e-07,2.705501395900885e-10,1.3045795343287674e-06,7.607325868283063e-08,6.4695932668454624e-09,3.732585288892029e-09,1.503503167580252e-06,5.370566325780725e-06,0.0005986935562589837,3.7418050183722914e-09,2.920603056618286e-07,8.013861992317497e-25,5.019415955544257e-15
1.0611197549629135e-05,0.05595639656,0.054,0.0,0.0,0.0010149964615075607,0.8632044670287142,0.004878029660197341,0.0013227373690786234,2.922978240363242e-09,0.06274648065798218,0.0,0.02810870355784482,2.497065561197697e-07,2.7001932292952526e-10,1.3030439865214972e-06,7.596688028063498e-08,6.4651488673278645e-09,3.729269643613919e-09,1.5024184884035408e-06,5.366862080764359e-06,0.0005989527450427296,3.733595185575545e-09,2.917353287029686e-07,8.0474619858700595e-25,5.01973444930335e-15
1.0628618028039187e-05,0.05595639656,0.054,0.0,0.0,0.0010138599373529496,0.8632032068309883,0.004879406603312649,0.0013230696937674303,2.929089229367542e-09,0.0627455643797057,0.0,0.028109591836160356,2.4953519178928105e-07,2.6949073310768676e-10,1.3015136129091656e-06,7.586089799552777e-08,6.460717798846264e-09,3.7259647562402225e-09,1.5013373478511133e-06,5.3631695707230825e-06,0.0005992116131986877,3.725422351175373e-09,2.9141150290083895e-07,8.0811463689052035e-25,5.020051717037836e-15
1.0646038506449239e-05,0.05595639656,0.054,0.0,0.0,0.001012727142405467,0.8632019494526331,0.004880781659368776,0.0013234015403091482,2.935202770144071e-09,0.06274464935383524,0.0,0.028110476670819413,2.4936433797213115e-07,2.689643259040856e-10,1.2999883881233941e-06,7.575530969609558e-08,6.456302005281417e-09,3.7226705883255874e-09,1.5002597292913984e-06,5.3594887417690015e-06,0.0005994701616191956,3.7172863010592575e-09,2.9108882265489195e-07,8.114915210934733e-25,5.020367764774429e-15
1.0661716937018286e-05,0.05595639656,0.054,0.0,0.0,0.0010117108007373914,0.863200820212435,0.004882017602093763,0.0013236997949513426,2.940707135860703e-09,0.0627438268975759,0.0,0.0281112700917709,2.492110041571989e-07,2.684924659813146e-10,1.2986200672164298e-06,7.56606153257209e-08,6.452337849003435e-09,3.71971495546972e-09,1.4992928710547404e-06,5.356185942075079e-06,0.0005997025825538746,3.709995114835533e-09,2.907993852975821e-07,8.145379439003629e-25,5.0206511695639846e-15
1.0677395367587332e-05,0.05595639656,0.054,0.0,0.0,0.0010106974524576862,0.8631996932369128,0.0048832520269053705,0.0013239976652111428,2.946213563403291e-09,0.06274300544873859,0.0,0.028112060749506614,2.4905808038214416e-07,2.6802238492417473e-10,1.2972558781648187e-06,7.556623683621549e-08,6.448384023911191e-09,3.7167679210702013e-09,1.4983288416721114e-06,5.3528925277125425e-06,0.0005999347458597002,3.702733369253273e-09,2.9051086732148113e-07,8.175912186389233e-25,5.0209335953010075e-15
1.0693073798156379e-05,0.05595639656,0.054,0.0,0.0,0.0010096870847665588,0.8631985685171364,0.00488448493878832,0.0013242951524595405,2.9517220503607637e-09,0.0627421850040194,0.0,0.028112848656297793,2.489055649916236e-07,2.6755405240473886e-10,1.295895802818507e-06,7.547217270742612e-08,6.444441848818303e-09,3.7138294576326937e-09,1.4973676292577977e-06,5.349608460138138e-06,0.0006001666521785638,3.6955009113209595e-09,2.902232647194028e-07,8.206513503644076e-25,5.02121504629918e-15
1.0708752228725425e-05,0.05595639656,0.054,0.0,0.0,0.0010086796849354096,0.8631974460442233,0.004885716342705349,0.0013245922580608109,2.9572325943279193e-09,0.06274136556013026,0.0,0.02811363382434731,2.4875345635441684e-07,2.6708749519384095e-10,1.294539823123766e-06,7.53784214176692e-08,6.44050923456583e-09,3.7108995270742595e-09,1.4964092226249557e-06,5.3463337036325845e-06,0.0006003983021464282,3.6882975764134823e-09,2.899365735220076e-07,8.2371834415910895e-25,5.021495526827828e-15
1.0724430659294472e-05,0.05595639656,0.054,0.0,0.0,0.001007675240307128,0.8631963258093402,0.004886946243594253,0.0013248889833725617,2.962745192905403e-09,0.06274054711379862,0.0,0.028114416265786188,2.4860175285494343e-07,2.66622686637186e-10,1.2931879211293033e-06,7.52849814679132e-08,6.436586984322077e-09,3.707978091154889e-09,1.4954536105080872e-06,5.343068222245587e-06,0.0006006296963971662,3.681123202775267e-09,2.8965078977471116e-07,8.267922050946689e-25,5.021775041135453e-15
1.0740109089863518e-05,0.05595639656,0.054,0.0,0.0,0.0010066737382979497,0.8631952078037014,0.0048881746463686655,0.001325185329745762,2.968259843699683e-09,0.06273972966176733,0.0,0.028115195992674386,2.4845045287315e-07,2.661595753216877e-10,1.2918400789977408e-06,7.519185137352253e-08,6.432677505942923e-09,3.7050651207964567e-09,1.4945007812674149e-06,5.339811978313242e-06,0.0006008608355643739,3.673977639185565e-09,2.8936590953926266e-07,8.29872938216442e-25,5.022053593460494e-15
1.0755787520432565e-05,0.05595639656,0.054,0.0,0.0,0.0010056751663955498,0.8631940920185677,0.004889401555922967,0.0013254812985247825,2.973776544323028e-09,0.06273891320079471,0.0,0.028115973017007526,2.4829955479141183e-07,2.656982559920907e-10,1.2904962789991745e-06,7.50990296327879e-08,6.428775104197198e-09,3.7021605815544635e-09,1.4935507240893859e-06,5.336564937313383e-06,0.0006010917202753565,3.6668607214570114e-09,2.8908192891175177e-07,8.329605486024365e-25,5.0223311879949005e-15
1.0768329952488204e-05,0.05595639656,0.054,0.0,0.0,0.0010048784300073987,0.8631932010055577,0.004890381987310635,0.0013257177966918565,2.9781912691220575e-09,0.06273826075965291,0.0,0.028116592683234663,2.4817912762966857e-07,2.653304327399004e-10,1.2894241641424465e-06,7.502499510969509e-08,6.425661491647313e-09,3.699843049004081e-09,1.4927926854438886e-06,5.333973970595339e-06,0.000601276240663468,3.661187850133248e-09,2.8885539514647723e-07,8.354355302314072e-25,5.0225525713196695e-15
1.0780872384543844e-05,0.05595639656,0.054,0.0,0.0,0.0010040835544920987,0.8631923114036094,0.004891361468681897,0.0013259540547488906,2.9826073030050316e-09,0.06273760894904708,0.0,0.02811721063361624,2.480589558382843e-07,2.649637024170663e-10,1.2883546158504285e-06,7.495115623924793e-08,6.4225548055786676e-09,3.6975308762588618e-09,1.4920364078320948e-06,5.3313888516863735e-06,0.0006014605989291149,3.6555331346090894e-09,2.886294326305378e-07,8.37914918902662e-25,5.0227733464977924e-15
1.0793414816599484e-05,0.05595639656,0.054,0.0,0.0,0.0010032905335406765,0.8631914232083137,0.004892340002509523,0.0013261900733751437,2.9870246447574795e-09,0.06273695776733865,0.0,0.02811782687419758,2.4793903860763876e-07,2.6459806416105963e-10,1.287287625183099e-06,7.487751226828092e-08,6.4194546496977735e-09,3.695224038745844e-09,1.491281885627011e-06,5.328809562561765e-06,0.000601644795390665,3.6498964951406953e-09,2.8840403939504595e-07,8.4039871720177e-25,5.0229935156474814e-15
1.0805957248655124e-05,0.05595639656,0.054,0.0,0.0,0.0010024993608725805,0.8631905364152801,0.004893317591256742,0.0013264258532472365,2.9914432931672685e-09,0.0627363072128951,0.0,0.02811844141099611,2.4781937513311087e-07,2.6423351321965283e-10,1.2862231832395068e-06,7.480406245282191e-08,6.416361089770192e-09,3.6929225224222303e-09,1.4905291131875123e-06,5.326236085107384e-06,0.0006018288303656421,3.6442778532217397e-09,2.881792134776389e-07,8.428869277106658e-25,5.023213080878543e-15
1.0818499680710764e-05,0.05595639656,0.054,0.0,0.0,0.0010017100302356192,0.8631896510201379,0.004894294237377588,0.0013266613950391624,2.9958632470245993e-09,0.06273565728409006,0.0,0.028119054250001822,2.476999646093425e-07,2.6387004565661466e-10,1.2851612811641197e-06,7.473080605612311e-08,6.4132740563488624e-09,3.690626309440627e-09,1.4897780848971367e-06,5.3236684012861375e-06,0.0006020127041705278,3.6386771307639926e-09,2.8795495292420024e-07,8.453795530095294e-25,5.023432044291279e-15
1.0831042112766404e-05,0.05595639656,0.054,0.0,0.0,0.0010009225354057163,0.8631887670185345,0.004895269943316871,0.001326896699422303,3.0002845051219976e-09,0.06273500797930327,0.0,0.028119665397177362,2.4758080623587015e-07,2.6350765677387523e-10,1.284101910141465e-06,7.465774234123925e-08,6.410193536501658e-09,3.6883353825559664e-09,1.4890287951637743e-06,5.321106493136524e-06,0.0006021964171207702,3.6330942501105014e-09,2.877312557901638e-07,8.478765956767894e-25,5.023650407976502e-15
1.0843584544822044e-05,0.05595639656,0.054,0.0,0.0,0.001000136870186773,0.8631878844061363,0.004896244711510223,0.0013271317670654377,3.004707066254307e-09,0.06273435929692062,0.0,0.02812027485845816,2.474618992169546e-07,2.6314634194436826e-10,1.2830450613954785e-06,7.458487057526806e-08,6.407119521122143e-09,3.686049724907818e-09,1.4882812384194017e-06,5.3185503427713606e-06,0.0006023799695307837,3.6275291340446115e-09,2.8750812014043194e-07,8.503780582891262e-25,5.023868174015608e-15
1.0856126976877684e-05,0.05595639656,0.054,0.0,0.0,0.0009993530284105225,0.8631870031786275,0.004897218544384174,0.0013273665986347628,3.0091309292186792e-09,0.06273371123533387,0.0,0.028120882639752674,2.4734324275897937e-07,2.627860968858278e-10,1.2819907261912314e-06,7.451219003058666e-08,6.40405197924841e-09,3.6837693194939973e-09,1.4875354091200048e-06,5.315999932378235e-06,0.0006025633617139547,3.6219817057681203e-09,2.8728554404842377e-07,8.52883943421472e-25,5.024085344480646e-15
1.0881211840988964e-05,0.05595639656,0.054,0.0,0.0,0.0009977907906511933,0.8631852448611108,0.004899163413834623,0.0013278355562039068,3.017982555843729e-09,0.06273241696814556,0.0,0.02812209318588233,2.4710667836969697e-07,2.6206879816164965e-10,1.279889561669268e-06,7.436739970857976e-08,6.3979362465117496e-09,3.679224197951159e-09,1.4860489107993456e-06,5.310916260628077e-06,0.0006029296666482087,3.610939607483073e-09,2.8684206287389417e-07,8.57908991537204e-25,5.024517906930136e-15
1.0906296705100244e-05,0.05595639656,0.054,0.0,0.0,0.0009962357733321176,0.8631834920318295,0.004901104570899707,0.0013283035774080594,3.02683937542028e-09,0.06273112516499268,0.0,0.02812329708229902,2.468711067885302e-07,2.613557253866913e-10,1.277798347497091e-06,7.422336561960558e-08,6.3918461779780616e-09,3.674699883764846e-09,1.4845692563249187e-06,5.30585533686076e-06,0.0006032953344102625,3.5999673491916207e-09,2.864007970231808e-07,8.629517605886066e-25,5.024948111715951e-15
1.0931381569211524e-05,0.05595639656,0.054,0.0,0.0,0.0009946879280929653,0.8631817446569192,0.004903042034667854,0.001328770667484984,3.0357013784079442e-09,0.06272983581322429,0.0,0.028124494375312725,2.4663652179226975e-07,2.6064684380846513e-10,1.2757170152268641e-06,7.408008206430292e-08,6.3857816113759055e-09,3.67019624398901e-09,1.4830964021956802e-06,5.300817021217764e-06,0.0006036603674707049,3.5890643314587674e-09,2.859617313921217e-07,8.680122711125047e-25,5.025375975082557e-15
1.0956466433322804e-05,0.05595639656,0.054,0.0,0.0,0.0009931472070038405,0.863180002702803,0.00490497582408583,0.0013292368316322899,3.0445685553025784e-09,0.06272854890028315,0.0,0.02812568511081539,2.464029172090005e-07,2.599421189357895e-10,1.2736454970366485e-06,7.393754340148421e-08,6.379742389851439e-09,3.6657131467398532e-09,1.4816303052823483e-06,5.295801174995111e-06,0.0006040247682841224,3.5782299613805957e-09,2.855248510135608e-07,8.730905436180073e-25,5.025801513129518e-15
1.1006636161545364e-05,0.05595639656,0.054,0.0,0.0,0.0009900869476798474,0.8631765349240612,0.004908832454958244,0.0013301664027301056,3.062318392976005e-09,0.06272598234111719,0.0,0.028128047090793255,2.459386248566198e-07,2.585450035138749e-10,1.2695316346921088e-06,7.365467846251418e-08,6.367739345320704e-09,3.656808058069113e-09,1.4787182124214746e-06,5.285836341697002e-06,0.0006047516829090741,3.5567648245558895e-09,2.8465758680603553e-07,8.833004564721224e-25,5.026645676947791e-15
1.1056805889767924e-05,0.05595639656,0.054,0.0,0.0,0.000987054620349806,0.8631730884326154,0.004912674612309892,0.0013310923314944166,3.0800888131234635e-09,0.06272342538887801,0.0,0.028130383381184267,2.4547818139771597e-07,2.571641108770465e-10,1.265456230122836e-06,7.33747267693714e-08,6.355835794960387e-09,3.6479835852778105e-09,1.4758326399928137e-06,5.275959749974448e-06,0.0006054760976071202,3.535567322374185e-09,2.8379888729871715e-07,8.935816626723096e-25,5.027480729129594e-15
1.1106975617990484e-05,0.05595639656,0.054,0.0,0.0,0.000984049856590795,0.8631696629698793,0.00491650244275392,0.0013320146581007985,3.0978797409930193e-09,0.06272087794639149,0.0,0.02813269433454511,2.4502153931508845e-07,2.5579917834791637e-10,1.2614187625436768e-06,7.309764514804184e-08,6.3440305115793674e-09,3.6392387133481196e-09,1.4729732559439602e-06,5.266170330554757e-06,0.0006061980314531484,3.5146329373766324e-09,2.8294863746170867e-07,9.039343253012161e-25,5.028306793415746e-15
1.1157145346213043e-05,0.05595639656,0.054,0.0,0.0,0.000981072294423259,0.8631662582815748,0.004920316090765552,0.0013329334221195955,3.1156911023907174e-09,0.06271833991789869,0.0,0.028134980297178383,2.445686518858906e-07,2.544499487499256e-10,1.2574187205120595e-06,7.282339126478535e-08,6.3323222859458004e-09,3.630572444367441e-09,1.470139733798742e-06,5.256467031521546e-06,0.0006069175032792327,3.493957248529883e-09,2.8210672429755267e-07,9.14358607005132e-25,5.029123991377351e-15
1.1207315074435603e-05,0.05595639656,0.054,0.0,0.0,0.0009781215781708343,0.8631628741176421,0.004924115698722967,0.0013338486625277502,3.1335228236735247e-09,0.0627158112090287,0.0,0.028137241609269698,2.441194731666198e-07,2.531161701615042e-10,1.2534556017188016e-06,7.255192360424805e-08,6.320709932127921e-09,3.621983797156108e-09,1.4673317525395268e-06,5.246848817960886e-06,0.0006076345316788259,3.47353592863437e-09,2.8127303678978393e-07,9.248546699963085e-25,5.02993244246278e-15
1.1257484802658163e-05,0.05595639656,0.054,0.0,0.0,0.0009751973583237076,0.8631595102321501,0.004927901406947241,0.001334760417720348,3.1513748317424033e-09,0.06271329172677237,0.0,0.028139478605021317,2.436739579777712e-07,2.5179759587429205e-10,1.249528912785614e-06,7.228320145072894e-08,6.3091922821285955e-09,3.613471806924181e-09,1.4645489964924313e-06,5.23731467161587e-06,0.0006083491350108625,3.4533647419453135e-09,2.8044746585849845e-07,9.35422676055264e-25,5.030732264043486e-15
1.1307654530880723e-05,0.05595639656,0.054,0.0,0.0,0.0009722992914054057,0.8631561663832108,0.004931673353741353,0.001335668725521885,3.169247054035483e-09,0.06271078137945632,0.0,0.02814169161278242,2.432320618862276e-07,2.5049398423165597e-10,1.2456381690675603e-06,7.201718486920777e-08,6.297768187170685e-09,3.6050355249247402e-09,1.4617911552152136e-06,5.227863590548846e-06,0.0006090613314037839,3.433439541868098e-09,2.796299043232919e-07,9.460627865330423e-25,5.0315235714587e-15
1.1357824259103283e-05,0.05595639656,0.054,0.0,0.0,0.0009694270398430333,0.863152842332894,0.004935431675428306,0.0013365736231972709,3.1871394185213598e-09,0.06270828007671805,0.0,0.028143880955175952,2.4279374119030854e-07,2.492050984838641e-10,1.2417828944601976e-06,7.17538346865512e-08,6.286436518399889e-09,3.5966740181215997e-09,1.4590579233880742e-06,5.2184945888121245e-06,0.0006097711387594794,3.413756268723247e-09,2.78820246862356e-07,9.567751623534545e-25,5.032306478058942e-15
1.1407993987325843e-05,0.05595639656,0.054,0.0,0.0,0.0009665802718409101,0.8631495378471462,0.004939176506388325,0.0013374751474625733,3.2050518536925074e-09,0.06270578772948088,0.0,0.02814604694922214,2.423589529048898e-07,2.4793070670000203e-10,1.2379626212126295e-06,7.149311247381096e-08,6.275196164586e-09,3.588386368863221e-09,1.4563490007072596e-06,5.2092066961269454e-06,0.0006104785747571356,3.394310947521336e-09,2.7801838996993666e-07,9.675599640152932e-25,5.0330810952484185e-15
1.1458163715548403e-05,0.05595639656,0.054,0.0,0.0,0.0009637586612574639,0.8631462526957099,0.004942907979095195,0.0013383733344955022,3.2229842885588068e-09,0.06270330424993038,0.0,0.02814818990645886,2.4192765474591697e-07,2.466705816298241e-10,1.2341768897451852e-06,7.123498052874231e-08,6.264046032833267e-09,3.580171674565074e-09,1.4536640917813506e-06,5.199998957570222e-06,0.0006111836568569997,3.3750996858296926e-09,2.772242319181499e-07,9.784173515945237e-25,5.033847532526345e-15
1.1508333443770962e-05,0.05595639656,0.054,0.0,0.0,0.000960961887485238,0.863142986652046,0.004946626224151753,0.0013392682199456522,3.2409366526411707e-09,0.06270082955149071,0.0,0.028150310133058867,2.4149980511628107e-07,2.454245005858947e-10,1.2304252484715803e-06,7.097940185876127e-08,6.252985048375844e-09,3.5720290474005107e-09,1.4510029060301077e-06,5.190870433268779e-06,0.0006118864023040653,3.356118671730054e-09,2.7643767272066344e-07,9.893474847464426e-25,5.034605897527214e-15
1.1558503171993522e-05,0.05595639656,0.054,0.0,0.0,0.000958189635333925,0.8631397394932567,0.004950331370324583,0.0013401598389445077,3.258908875965292e-09,0.06269836354880161,0.0,0.028152407929944116,2.410753630918753e-07,2.4419224534776755e-10,1.2267072536260528e-06,7.072634016454681e-08,6.242012153318958e-09,3.5639576139984745e-09,1.448365157585795e-06,5.181820198100793e-06,0.0006125868281316796,3.33736417181485e-09,2.7565861409521627e-07,1.0003505227078198e-24,5.035356296060056e-15
1.1608672900216082e-05,0.05595639656,0.054,0.0,0.0,0.0009554415949163559,0.8631365110000127,0.004954023544577912,0.0013410482261152136,3.276900889055482e-09,0.06269590615769605,0.0,0.028154483592897173,2.406542884074821e-07,2.429736020402537e-10,1.22302246909483e-06,7.04757598239837e-08,6.231126307020655e-09,3.555956515148819e-09,1.445750565196946e-06,5.172847341404394e-06,0.0006132849511650736,3.318832529226803e-09,2.7488695942700225e-07,1.0114266242990088e-24,5.0360988321467376e-15
1.1658842628438642e-05,0.05595639656,0.054,0.0,0.0,0.000952717461537371,0.8631333009564793,0.004957702872106728,0.0013419334155821215,3.294912622928617e-09,0.06269345729517839,0.0,0.028156537412669748,2.4023654144355297e-07,2.4176836102899057e-10,1.2193704662518127e-06,7.022762587653239e-08,6.2203264856968506e-09,3.548024905515168e-09,1.4431588521345082e-06,5.163950966693231e-06,0.0006139807880248214,3.30052016177086e-09,2.7412261373421094e-07,1.0225759479260346e-24,5.036833608059265e-15
1.1709012356661202e-05,0.05595639656,0.054,0.0,0.0,0.0009500169355854727,0.863130109150247,0.004961369476369141,0.0013428154409801118,3.312944009088187e-09,0.06269101687940294,0.0,0.02815856967508856,2.3982208321323146e-07,2.4057631682724387e-10,1.2157508237986717e-06,6.998190400810638e-08,6.209611681563207e-09,3.5401619533543573e-09,1.4405897461002763e-06,5.155130191378735e-06,0.0006146743551302193,3.2824235600874604e-09,2.733654836341954e-07,1.0337986515826602e-24,5.0375607243561834e-15
1.1759182084883762e-05,0.05595639656,0.054,0.0,0.0,0.0009473397224271827,0.8631269353722613,0.004965023479118032,0.0013436943354637116,3.330994979518441e-09,0.06268858482965294,0.0,0.02816058066115853,2.394108753493507e-07,2.3939726798668314e-10,1.2121631276089584e-06,6.973856053630695e-08,6.198980903050183e-09,3.5323668402428522e-09,1.438042979137565e-06,5.146384146498966e-06,0.0006153656687026008,3.2645392858669477e-09,2.726154773098023e-07,1.0450948928524272e-24,5.038280279918072e-15
1.1809351813106322e-05,0.05595639656,0.054,0.0,0.0,0.0009446855323040177,0.8631237794167564,0.004968665000431968,0.001344570131715992,3.349065466678621e-09,0.06268616106632026,0.0,0.02816257064716336,2.390028800921021e-07,2.3823101700255653e-10,1.2086069705760858e-06,6.949756239604478e-08,6.188433174379994e-09,3.524638760809881e-09,1.4355182875440408e-06,5.137711976453796e-06,0.0006160547447685787,3.246863970112474e-09,2.718725044768286e-07,1.0564648289106727e-24,5.038992371982154e-15
1.1859521541328882e-05,0.05595639656,0.054,0.0,0.0,0.0009420540802320137,0.8631206410811898,0.004972294158745437,0.0013454428619572728,3.3671554034973076e-09,0.06268374551088535,0.0,0.02816453990476365,2.385980602769768e-07,2.3707737022619935e-10,1.2050819524652753e-06,6.925887712559851e-08,6.177967534884865e-09,3.516976922476736e-09,1.433015411786652e-06,5.12911283874624e-06,0.0006167415991632227,3.2293943114599644e-09,2.711364763526177e-07,1.067908616526526e-24,5.039697096176067e-15
1.1909691269551441e-05,0.05595639656,0.054,0.0,0.0,0.00093944508590373,0.8631175201661772,0.004975911070878418,0.0013463125579536253,3.3852647233668343e-09,0.06268133808589763,0.0,0.028166488701092614,2.3819637932272196e-07,2.35936137765668e-10,1.201587679769201e-06,6.902247285301718e-08,6.167583039151708e-09,3.509380545202448e-09,1.4305340964186203e-06,5.120585903729877e-06,0.0006174262475331689,3.212127074545803e-09,2.704073056251692e-07,1.0794264120648764e-24,5.040394546550796e-15
1.1959860997774001e-05,0.05595639656,0.054,0.0,0.0,0.000936858273592656,0.8631144164754305,0.004979515852065261,0.001347179251025187,3.4033933601378135e-09,0.0626789387149564,0.0,0.028168417298849367,2.3779780121984787e-07,2.3480713339892905e-10,1.1981237655671995e-06,6.878831828287291e-08,6.157278756613815e-09,3.5018488612356215e-09,1.4280740899984099e-06,5.112130354362081e-06,0.0006181087053396664,3.195059088415482e-09,2.6968490642285994e-07,1.0910183714883299e-24,5.041084815612827e-15
1.2010030725996561e-05,0.05595639656,0.054,0.0,0.0,0.0009342933720599551,0.8631113298156969,0.0049831086159829755,0.0013480429720542843,3.4215412481137347e-09,0.06267654732269223,0.0,0.028170325956389956,2.37402290519429e-07,2.336901744930532e-10,1.1946898293880762e-06,6.855638268340199e-08,6.147053770944605e-09,3.4943811148719646e-09,1.4256351450106399e-06,5.103745385962978e-06,0.0006187889878615621,3.178187244977995e-09,2.6896919428509874e-07,1.1026846503591314e-24,5.041767994355469e-15
1.2060200454219121e-05,0.05595639656,0.054,0.0,0.0,0.0009317501144634764,0.8631082599966997,0.004986689474778851,0.001348903751493381,3.439708322045662e-09,0.06267416383474865,0.0,0.02817221492781615,2.3700981232191742e-07,2.3258508191290203e-10,1.1912854970763093e-06,6.832663587396887e-08,6.136907180187955e-09,3.486976562217657e-09,1.4232170177888665e-06,5.0954302059799304e-06,0.000619467110198224,3.161508497506442e-09,2.6826008613372966e-07,1.1144254038410744e-24,5.042444172289489e-15
1.211037018244168e-05,0.05595639656,0.054,0.0,0.0,0.000929228238268973,0.8631052068310788,0.004990258539097504,0.001349761619372841,3.457894517127006e-09,0.0626717881777641,0.0,0.028174084463062143,2.366203322664242e-07,2.3149167994131141e-10,1.187910400661511e-06,6.809904821284409e-08,6.12683809637946e-09,3.4796344709583663e-09,1.4208194684401957e-06,5.087184033757416e-06,0.0006201430872724048,3.1450198591791363e-09,2.6755750024499627e-07,1.1262407867013868e-24,5.0431134374729545e-15
1.216053991066424e-05,0.05595639656,0.054,0.0,0.0,0.000926727485163463,0.8631021701343358,0.004993815918107314,0.001350616605308528,3.476099768988382e-09,0.06266942027935472,0.0,0.028175934807978992,2.362338165203216e-07,2.3040979620529014e-10,1.184564178231181e-06,6.787359058533439e-08,6.116845644955798e-09,3.472354120133525e-09,1.4184422607716788e-06,5.079006100312177e-06,0.0006208169338330491,3.128718401659449e-09,2.6686135622219145e-07,1.138130953312593e-24,5.0437758765403685e-15
1.22107096388868e-05,0.05595639656,0.054,0.0,0.0,0.0009242476009706751,0.8630991497247767,0.0049973617195263045,0.001351468738509229,3.4943240136925548e-09,0.06266706006809698,0.0,0.028177766204417188,2.358502317688329e-07,2.2933926159138015e-10,1.1812464738065813e-06,6.765023439221278e-08,6.106928964908109e-09,3.465134799915969e-09,1.4160851622184255e-06,5.070895648113464e-06,0.0006214886644580426,3.1126012537161666e-09,2.6617157496904174e-07,1.1500960576543604e-24,5.0444315747311376e-15
1.226087936710936e-05,0.05595639656,0.054,0.0,0.0,0.0009217883355685172,0.8630961454234591,0.005000896049647437,0.001352318047783923,3.512567187729457e-09,0.06266470747351119,0.0,0.028179578890307127,2.354695452050233e-07,2.2827991017193169e-10,1.1779569372215944e-06,6.742895153843068e-08,6.097087208445694e-09,3.4579758113967754e-09,1.4137479437734055e-06,5.06285193086826e-06,0.000622158293556907,3.0966655998826777e-09,2.6548807866369944e-07,1.1621362533153221e-24,5.045080615917334e-15
1.231104909533192e-05,0.05595639656,0.054,0.0,0.0,0.0009193494428085161,0.8630931570541386,0.00500441901336339,0.0013531645615488818,3.5308292280112857e-09,0.06266236242604484,0.0,0.0281813730997377,2.3509172452014904e-07,2.2723157913853733e-10,1.174695224004584e-06,6.720971442214923e-08,6.087319540369958e-09,3.4508764663749465e-09,1.4114303799188827e-06,5.054874213311353e-06,0.0006228258353734411,3.080908679151826e-09,2.648107907333112e-07,1.174251693494881e-24,5.045723082630794e-15
1.236121882355448e-05,0.05595639656,0.054,0.0,0.0,0.0009169306804371677,0.8630901844432183,0.005007930714190782,0.0013540083078346233,3.549110071867679e-09,0.06266002485705677,0.0,0.028183149063032972,2.347167378939592e-07,2.261941087229226e-10,1.1714609952631433e-06,6.69924959240518e-08,6.07762513827939e-09,3.4438360871519954e-09,1.4091322485594367e-06,5.046961771000125e-06,0.0006234913039883091,3.0653277837061313e-09,2.641396358292182e-07,1.1864425310049913e-24,5.0463590560896145e-15
1.241138855177704e-05,0.05595639656,0.054,0.0,0.0,0.0009145318100191527,0.8630872274196956,0.005011431254293888,0.0013548493142927095,3.567409657040969e-09,0.06265769469880147,0.0,0.028184907006827086,2.3434455398532732e-07,2.251673421282799e-10,1.1682539175715636e-06,6.677726939690718e-08,6.068003192299671e-09,3.4368540063313986e-09,1.4068533309565377e-06,5.0391138901139335e-06,0.0006241547133215789,3.049920257683317e-09,2.6347453980276194e-07,1.1987089182719296e-24,5.046988616223979e-15
1.24615582799996e-05,0.05595639656,0.054,0.0,0.0,0.0009121525968623582,0.8630842858151162,0.005014920734507846,0.0013556876082023992,3.5857279216814957e-09,0.06265537188441361,0.0,0.028186647154137358,2.3397514192329965e-07,2.2415112547038098e-10,1.165073662861054e-06,6.65640086554232e-08,6.058452904362984e-09,3.4299295666224333e-09,1.4045934116646172e-06,5.031329867257958e-06,0.0006248160771352085,3.0346834959752477e-09,2.6281542968163283e-07,1.211051007338031e-24,5.047611841701421e-15
1.251172800822216e-05,0.05595639656,0.054,0.0,0.0,0.0009097928099446633,0.8630813594635244,0.0050183992543613816,0.0013565232164771564,3.6040648043430166e-09,0.06265305634789316,0.0,0.028188369724435624,2.3360847129805975e-07,2.2314530770304524e-10,1.1619199083126336e-06,6.635268796636615e-08,6.048973488485907e-09,3.4230621206485653e-09,1.4023522784686184e-06,5.023609009271437e-06,0.0006254754090354864,3.019614943058814e-09,2.6216223364677034e-07,1.2234689498634257e-24,5.048228809951458e-15
1.256189773644472e-05,0.05595639656,0.054,0.0,0.0,0.000907452221842434,0.8630784482014149,0.005021866912099032,0.001357356165671019,3.622420243978162e-09,0.06265074802409054,0.0,0.028190074933717977,2.3324451215212727e-07,2.2214974055310782e-10,1.1587923362525045e-06,6.614328203890109e-08,6.0395641706161275e-09,3.4162510307603406e-09,1.4001297223229548e-06,5.015950633040092e-06,0.0006261327224754203,3.0047120918582787e-09,2.615148810098165e-07,1.2359628971277393e-24,5.048839597189686e-15
1.261206746466728e-05,0.05595639656,0.054,0.0,0.0,0.0009051306086606854,0.8630755518676893,0.005025323804702927,0.001358186481984834,3.640794179933975e-09,0.06264844684869232,0.0,0.0281917629945728,2.3288323497206113e-07,2.2116427847008102e-10,1.1556906340499463e-06,6.593576601519532e-08,6.030224187736561e-09,3.4094956688523173e-09,1.3979255372918719e-06,5.008354065312745e-06,0.000626788030757084,2.989972482638527e-09,2.6087330219109497e-07,1.248533000031788e-24,5.049444278441295e-15
1.266223719288984e-05,0.05595639656,0.054,0.0,0.0,0.0009028277499648654,0.8630726703036091,0.00502877002791409,0.0013590141912723551,3.6591865519475146e-09,0.0626461527582071,0.0,0.02819343411624725,2.3252461068005614e-07,2.2018877855557679e-10,1.1526144940176867e-06,6.573011546127675e-08,6.020952788221805e-09,3.4027954161841167e-09,1.395739520491152e-06,5.000818642521932e-06,0.0006274413470339166,2.975393701927493e-09,2.60237428698087e-07,1.2611794090992453e-24,5.0500429275640454e-15
1.27124069211124e-05,0.05595639656,0.054,0.0,0.0,0.0009005434287142137,0.8630698033527525,0.00503220567625332,0.0013598393190462153,3.6775973001415304e-09,0.06264386568995163,0.0,0.02819508850471221,2.321686106256309e-07,2.19223100499652e-10,1.1495636133145506e-06,6.5526306358086e-08,6.01174923190304e-09,3.3961496632057784e-09,1.3935714720311333e-06,4.993343710608439e-06,0.0006280926843129761,2.960973381467228e-09,2.5960719310441017e-07,1.273902274478303e-24,5.0506356172707325e-15
1.2762576649334959e-05,0.05595639656,0.054,0.0,0.0,0.0008982774311966549,0.8630669508609722,0.005035630843041614,0.0013606618904837724,3.696026365020192e-09,0.06264158558203743,0.0,0.02819672636272569,2.3181520657793568e-07,2.182671065404935e-10,1.146537693850396e-06,6.532431509276235e-08,6.002612788884286e-09,3.3895578093867452e-09,1.3914211949610143e-06,4.985928624849677e-06,0.0006287420554571523,2.9467091971926907e-09,2.5898252902928476e-07,1.2867017459433016e-24,5.051222419151107e-15
1.2812746377557519e-05,0.05595639656,0.054,0.0,0.0,0.0008960295469651892,0.8630641126763515,0.005039045620420186,0.0013614819304328294,3.714473687464892e-09,0.06263931237335735,0.0,0.02819834788989481,2.3146437071798015e-07,2.1732066139797652e-10,1.1435364421933677e-06,6.512411845018006e-08,5.993542739939916e-09,3.3830192630486116e-09,1.3892884952144046e-06,4.978572749691795e-06,0.000629389473187336,2.9325988682377224e-09,2.583633711174675e-07,1.2995779728963515e-24,5.051803403693322e-15
1.2862916105780079e-05,0.05595639656,0.054,0.0,0.0,0.0008937995687757313,0.863061288649165,0.005042450099370056,0.001362299463417236,3.732939208730111e-09,0.06263704600357284,0.0,0.028199953282736306,2.3111607563072492e-07,2.163836322075337e-10,1.1405595694792446e-06,6.492569360465532e-08,5.984538376994009e-09,3.376533441201964e-09,1.387173181556088e-06,4.9712754585853886e-06,0.0006300349500845476,2.918640155966853e-09,2.5774965501964074e-07,1.312531104368936e-24,5.0523786403048716e-15
1.2913085834002639e-05,0.05595639656,0.054,0.0,0.0,0.000891587292526368,0.8630584786318379,0.005045844369731261,0.0013631145136423768,3.751422870439342e-09,0.06263478641310108,0.0,0.028201542734735748,2.307702942979263e-07,2.15455888491957e-10,1.1376067913228505e-06,6.472901811185169e-08,5.975599001503433e-09,3.370099769386575e-09,1.3850750655299643e-06,4.96403613382478e-06,0.0006306784985920243,2.904830863032475e-09,2.571413173732484e-07,1.3255612890234968e-24,5.052948197333076e-15
1.2963255562225199e-05,0.05595639656,0.054,0.0,0.0,0.0008893925171979921,0.8630556824789068,0.005049228520221643,0.0013639271050005395,3.769924614581072e-09,0.06263253354310257,0.0,0.028203116436405273,2.3042700009103172e-07,2.1453730210122015e-10,1.134677827731634e-06,6.453406990093765e-08,5.9667239247485915e-09,3.363717681514855e-09,1.382993961408154e-06,4.956854166390745e-06,0.000631320131017269,2.8911688324566842e-09,2.565382957837706e-07,1.3386686751550043e-24,5.053512142085087e-15
1.3013425290447758e-05,0.05595639656,0.054,0.0,0.0,0.0008872150447962785,0.8630529000469809,0.0050526026384552815,0.0013647372610761756,3.78844438350483e-09,0.06263028733546896,0.0,0.028204674575340143,2.3008616676359796e-07,2.1362774713724667e-10,1.1317724030212072e-06,6.434082726690126e-08,5.957912469086563e-09,3.357386619719361e-09,1.380929686141216e-06,4.949728955796601e-06,0.0006319598595340605,2.8776519467369277e-09,2.559405288064157e-07,1.3518534106925038e-24,5.0540705408474516e-15
1.3063595018670318e-05,0.05595639656,0.054,0.0,0.0,0.0008850546802949649,0.8630501311947049,0.005055966810960527,0.0013655450051510518,3.806982119917295e-09,0.06262804773281123,0.0,0.02820621733627391,2.297477684445511e-07,2.1272709993988346e-10,1.1288902457327023e-06,6.414926886301596e-08,5.9491639657604726e-09,3.3511060342033993e-09,1.378882059309463e-06,4.9426599099375844e-06,0.0006325976961844253,2.864278126974744e-09,2.553479559282258e-07,1.3651156432006623e-24,5.054623458905234e-15
1.3113764746892878e-05,0.05595639656,0.054,0.0,0.0,0.0008829112315804061,0.8630473757827218,0.0050593211231977,0.0013663503602092944,3.825537766878444e-09,0.06262581467844767,0.0,0.028207744901132394,2.2941177963184196e-07,2.1183523903959e-10,1.1260310885521755e-06,6.395937369356463e-08,5.940477754678747e-09,3.3448753830943104e-09,1.3768509030753427e-06,4.935646444943417e-06,0.0006332336528805735,2.851045332026953e-09,2.547605175505845e-07,1.3784555198812801e-24,5.055170960560713e-15
1.3163934475115438e-05,0.05595639656,0.054,0.0,0.0,0.0008807845093973652,0.8630446336736385,0.005062665659576398,0.0013671533489423343,3.844111267797783e-09,0.06262358811639278,0.0,0.028209257449086457,2.290781751851498e-07,2.1095204506219182e-10,1.1231946682318725e-06,6.377112110672461e-08,5.931853187051987e-09,3.338694132300797e-09,1.37483604213685e-06,4.928687985033988e-06,0.0006338677414067985,2.8379515576786736e-09,2.541781549721133e-07,1.3918731875748002e-24,5.0557131091516705e-15
1.3214104203337998e-05,0.05595639656,0.054,0.0,0.0,0.0008786743272960133,0.8630419047319884,0.005066000503472485,0.0013679539937537435,3.862702566430612e-09,0.06262136799134578,0.0,0.02821075515660357,2.2874693031933588e-07,2.100774007284969e-10,1.1203807255130652e-06,6.358449078754082e-08,5.923289622640396e-09,3.332561755373344e-09,1.3728373036819624e-06,4.921783962378109e-06,0.0006344999734213414,2.824994835837508e-09,2.536008103719493e-07,1.4053687927618001e-24,5.056249967069255e-15
1.3264273931560558e-05,0.05595639656,0.054,0.0,0.0,0.0008765805015801031,0.8630391888241983,0.005069325737244732,0.0013687523167639835,3.881311606874345e-09,0.06261915424867973,0.0,0.02821223819749821,2.2841802059899628e-07,2.0921119083588994e-10,1.117589005050792e-06,6.339946275115717e-08,5.914786428071527e-09,3.326477733366477e-09,1.3708545173440586e-06,4.914933816955222e-06,0.0006351303604582218,2.8121732337481468e-09,2.530284267933946e-07,1.4189424815644604e-24,5.056781595775464e-15
1.3314443659783118e-05,0.05595639656,0.054,0.0,0.0,0.0008745028512562876,0.8630364858185549,0.0050726414422511065,0.0013695483398150476,3.8999383335649035e-09,0.06261694683443067,0.0,0.028213706742981202,2.2809142193153628e-07,2.083533021270459e-10,1.114819255340443e-06,6.32160173362468e-08,5.906342981768761e-09,3.3204415547050313e-09,1.3688875151582807e-06,4.9081369964199585e-06,0.0006357589139290322,2.7994848532270564e-09,2.524609481279239e-07,1.4325943997480276e-24,5.057308055820255e-15
1.3364613388005677e-05,0.05595639656,0.054,0.0,0.0,0.0008724411979845555,0.8630337955851715,0.00507594769886478,0.0013703420844750167,3.918582691273136e-09,0.06261474569528709,0.0,0.028215160961707907,2.2776711056042006e-07,2.0750362329281313e-10,1.1120712286456758e-06,6.30341351984508e-08,5.897958671223833e-09,3.314452715054013e-09,1.366936131518864e-06,4.901392955969615e-06,0.0006363856451247052,2.786927829916438e-09,2.518983190995483e-07,1.4463246927222616e-24,5.05782940685826e-15
1.3414783116228237e-05,0.05595639656,0.054,0.0,0.0,0.0008703953660297542,0.8630311179959557,0.005079244586489785,0.0013711335720425204,3.937244625101305e-09,0.06261255077857959,0.0,0.028216601019825375,2.2744506306073724e-07,2.0666204501666004e-10,1.1093446809280027e-06,6.285379730404453e-08,5.8896328878636794e-09,3.308510717189051e-09,1.3650002031373613e-06,4.894701158214321e-06,0.0006370105652172421,2.774500332556953e-09,2.5134048524951747e-07,1.4601335055428606e-24,5.058345707665128e-15
1.3464952844450797e-05,0.05595639656,0.054,0.0,0.0,0.0008683651822141671,0.8630284529245784,0.0050825321835763675,0.0013719228235511088,3.955924080479619e-09,0.06261036203227051,0.0,0.028218027081018466,2.271252563330295e-07,2.0582845978984054e-10,1.1066393717783338e-06,6.267498492389697e-08,5.8813650352649805e-09,3.3026150708705556e-09,1.363079569001749e-06,4.888061073049879e-06,0.0006376336852614142,2.7622005622788634e-09,2.507873929213603e-07,1.4740209829128773e-24,5.058857016153554e-15
1.3515122572673357e-05,0.05595639656,0.054,0.0,0.0,0.0008663504758711296,0.8630258002464423,0.005085810567636059,0.0013727098597735394,3.9746210031628185e-09,0.06260817940494431,0.0,0.02821943930655492,2.2680766759572027e-07,2.0500276187975947e-10,1.1039550643496562e-06,6.249767962735941e-08,5.873154528637093e-09,3.2967652927228584e-09,1.3611740703364213e-06,4.881472177533282e-06,0.0006382550161964335,2.7500267519106636e-09,2.5023898924624734e-07,1.4879872691841273e-24,5.059363389388904e-15
1.3565292300895917e-05,0.05595639656,0.054,0.0,0.0,0.0008643510787996533,0.863023159838652,0.005089079815256435,0.001373494701225976,3.993335339226797e-09,0.06260600284579752,0.0,0.02822083785532952,2.2649227438155187e-07,2.041848475001659e-10,1.101291525290972e-06,6.232186327627115e-08,5.865000782566282e-09,3.2909609061124146e-09,1.3592835505630369e-06,4.874933955760809e-06,0.0006388745688475909,2.737977165305202e-09,2.496952221286743e-07,1.502032508358567e-24,5.059864883604563e-15
1.3615462029118477e-05,0.05595639656,0.054,0.0,0.0,0.0008623668252200179,0.8630205315799845,0.0050923400021155914,0.0013742773681721043,4.012067035065293e-09,0.06260383230462926,0.0,0.02822222288390721,2.261790545331281e-07,2.03374614572357e-10,1.0986485246834275e-06,6.214751801942578e-08,5.856903222511806e-09,3.2852014410282897e-09,1.3574078552621547e-06,4.868445898748513e-06,0.0006394923539278656,2.7260500966823247e-09,2.491560402324537e-07,1.516156844089674e-24,5.060361554216876e-15
1.3665631757341037e-05,0.05595639656,0.054,0.0,0.0,0.000860397551730331,0.8630179153508607,0.005095591202996341,0.001375057880627171,4.030816037386603e-09,0.0626016677318318,0.0,0.02822359454656533,2.2586798619381096e-07,2.0257196255748425e-10,1.0960258359775755e-06,6.197462628694695e-08,5.8488612924053715e-09,3.279486433970581e-09,1.3555468321356992e-06,4.862007504315204e-06,0.0006401083820395086,2.714243869987942e-09,2.486213929670071e-07,1.5303604196838043e-24,5.060853455839858e-15
1.3715801485563596e-05,0.05595639656,0.054,0.0,0.0,0.0008584430972640272,0.8630153110333151,0.005098833491800139,0.001375836258361938,4.049582293210362e-09,0.0625995090783814,0.0,0.028224952995334944,2.2555904780406156e-07,2.017767928478239e-10,1.0934232359311902e-06,6.180317078451507e-08,5.840874429715997e-09,3.2738154278367873e-09,1.3537003309702423e-06,4.855618276967956e-06,0.0006407226636755954,2.7025568382687745e-09,2.480912304739531e-07,1.544643378101542e-24,5.061340642299524e-15
1.3765971213786156e-05,0.05595639656,0.054,0.0,0.0,0.000856503303048256,0.8630127185109715,0.005102066941560738,0.0013766125209065626,4.06836574986435e-09,0.06259735629582931,0.0,0.028226298380041225,2.2525221810053903e-07,2.0098900854886095e-10,1.0908405045494802e-06,6.163313448826565e-08,5.832942075822578e-09,3.268187971806171e-09,1.3518682036009952e-06,4.8492777277896936e-06,0.0006413352092215497,2.6909873830625282e-09,2.4756550361398356e-07,1.5590058619590275e-24,5.0618231666479234e-15
1.3816140942008716e-05,0.05595639656,0.054,0.0,0.0,0.0008545780125631583,0.8630101376690122,0.0051052916244575695,0.0013773866875543992,4.087166354981358e-09,0.06259520933629277,0.0,0.028227630848343056,2.24947476105315e-07,2.002085139491594e-10,1.0882774250269583e-06,6.146450063978388e-08,5.825063704927756e-09,3.2626036212370716e-09,1.3500503038765468e-06,4.842985374329088e-06,0.0006419460289566444,2.679533913803035e-09,2.4704416395401647e-07,1.5734480135292788e-24,5.0623010811769174e-15
1.3866310670231276e-05,0.05595639656,0.054,0.0,0.0,0.0008526670715020414,0.8630075683941543,0.005108507611828893,0.0013781587773657304,4.1059840564960995e-09,0.06259306815244634,0.0,0.028228950545771684,2.2464480111927413e-07,1.994352152187702e-10,1.0857337836887785e-06,6.129725274044601e-08,5.8172387814471885e-09,3.257061937563828e-09,1.348246487624424e-06,4.836740740492972e-06,0.0006425551330554761,2.6681948672397744e-09,2.465271637546237e-07,1.5879699747435083e-24,5.062774437431603e-15
1.3916480398453836e-05,0.05595639656,0.054,0.0,0.0,0.0008507703277323606,0.8630050105746214,0.0051117149741847015,0.0013789288091714245,4.124818802642143e-09,0.0625909326975136,0.0,0.02823025761576868,2.2434417272730879e-07,1.9866902050620719e-10,1.0832093699342137e-06,6.113137454652654e-08,5.809466752022561e-09,3.251562488181644e-09,1.3464566126172754e-06,4.8305433564406146e-06,0.0006431625315894054,2.656968706871599e-09,2.46014455957726e-07,1.602571887192404e-24,5.063243286223507e-15
1.3966650126676396e-05,0.05595639656,0.054,0.0,0.0,0.0008488876312575051,0.8630024641001194,0.005114913781219303,0.0013796968015765214,4.143670541948908e-09,0.06258880292525845,0.0,0.02823155219972294,2.2404557078815563e-07,1.9790983863216204e-10,1.0807039761833256e-06,6.096685006505801e-08,5.801747119895252e-09,3.24610484635003e-09,1.344680538539703e-06,4.8243927584799095e-06,0.0006437682345279824,2.6458539223942383e-09,2.45505994174546e-07,1.6172538921274187e-24,5.063707677643465e-15
1.4016819854898956e-05,0.05595639656,0.054,0.0,0.0,0.0008470188341794554,0.8629999288618115,0.005118104101823782,0.0013804627729637506,4.1625392232386965e-09,0.06258667878997706,0.0,0.02823283443700701,2.2374897541880937e-07,1.9715757998067013e-10,1.0782173978219322e-06,6.080366354833357e-08,5.79407939140451e-09,3.240688591106614e-09,1.3429181269559273e-06,4.818288488966243e-06,0.0006443722517403483,2.634849029160932e-09,2.4500173267381235e-07,1.6320161304620387e-24,5.064167661074259e-15
1.4066989583121516e-05,0.05595639656,0.054,0.0,0.0,0.0008451637906621974,0.8629974047522928,0.005121286004098173,0.0013812267414969803,4.1814247956237655e-09,0.0625845602464899,0.0,0.028234104465012688,2.234543670070427e-07,1.9641215770966177e-10,1.0757494331469812e-06,6.06417994886969e-08,5.786463002825817e-09,3.2353133071496664e-09,1.3411692412780833e-06,4.812230096203228e-06,0.0006449745929966,2.623952567656233e-09,2.445016263702204e-07,1.6468587427730425e-24,5.0646232852029905e-15
1.4117159311344075e-05,0.05595639656,0.054,0.0,0.0,0.0008433223568958068,0.8629948916655671,0.005124459555363359,0.0013819887251246058,4.200327208503428e-09,0.06258244725013365,0.0,0.02823536241918571,2.2316172621052028e-07,1.9567348513897143e-10,1.073299883317988e-06,6.048124261552699e-08,5.778897471075205e-09,3.2299785847379453e-09,1.339433746734915e-06,4.806217134344487e-06,0.000645575267969136,2.6131631029822937e-09,2.440056308131225e-07,1.6617818693017413e-24,5.065074598033155e-15
1.4167329039566635e-05,0.05595639656,0.054,0.0,0.0,0.0008414943910614002,0.8629923894970238,0.005127624822172772,0.001382748741582865,4.2192464115612184e-09,0.06258033975675355,0.0,0.028236608433059824,2.228710339230825e-07,1.9494147595263282e-10,1.070868552306919e-06,6.032197789043828e-08,5.771382381194548e-09,3.2246840196330654e-09,1.3377115103413737e-06,4.8002491632984e-06,0.0006461742862339984,2.602479224357652e-09,2.435137021754534e-07,1.676785649955223e-24,5.0655216468965005e-15
1.4217498767789195e-05,0.05595639656,0.054,0.0,0.0,0.0008396797532968676,0.8629898981434131,0.005130781870324031,0.0013835068083990992,4.2381823547620646e-09,0.06257823772269581,0.0,0.028237842638290225,2.225822712878532e-07,1.9421604821639228e-10,1.0684552468435706e-06,6.016399050081434e-08,5.763917148724815e-09,3.219429212984381e-09,1.3360024008690169e-06,4.794325748635399e-06,0.000646771657272167,2.591899544627378e-09,2.4302579724290456e-07,1.6918702243075594e-24,5.065964478464682e-15
1.4267668496011755e-05,0.05595639656,0.054,0.0,0.0,0.0008378783056630623,0.8629874175028258,0.005133930764870097,0.0013842629428949464,4.257134988349523e-09,0.06257614110480006,0.0,0.028239065164686192,2.2229541972598488e-07,1.93497120465601e-10,1.0660597763703243e-06,6.00072658577149e-08,5.756501245989142e-09,3.2142137711995883e-09,1.3343062888163759e-06,4.7884464614947465e-06,0.0006473673904708221,2.581422699785549e-09,2.425418734033037e-07,1.707035731601024e-24,5.066403138760596e-15
1.4317838224234315e-05,0.05595639656,0.054,0.0,0.0,0.0008360899121108066,0.862984947474669,0.005137071570130267,0.0013850171621894794,4.276104262843046e-09,0.06257404986039208,0.0,0.028240276140242847,2.220104608794642e-07,1.9278460828870333e-10,1.0636819530003072e-06,5.985178959337738e-08,5.7491344029309744e-09,3.209037305928481e-09,1.3326230463801646e-06,4.782610878494052e-06,0.0006479614951246315,2.5710473485088954e-09,2.4206188863620137e-07,1.722282310747295e-24,5.066837673169466e-15
1.4368007952456875e-05,0.05595639656,0.054,0.0,0.0,0.0008343144384488938,0.8629824879596459,0.005140204349701332,0.0013857694832022807,4.295090129035274e-09,0.06257196394727656,0.0,0.02824147569117279,2.2172737659533036e-07,1.9207843372489403e-10,1.0613215914616577e-06,5.96975475524686e-08,5.7418160542491105e-09,3.2038994339816895e-09,1.3309525474278859e-06,4.776818581643618e-06,0.000648553980436996,2.5607721717004794e-09,2.4158580150270664e-07,1.7376101003286346e-24,5.06726812644985e-15
1.4418177680679435e-05,0.05595639656,0.054,0.0,0.0,0.000832551752312276,0.8629800388597341,0.005143329166468153,0.0013865199226564618,4.314092537989373e-09,0.06256988332372997,0.0,0.028242663941936794,2.2144614901634305e-07,1.9137852290640544e-10,1.0589785090501484e-06,5.954452578901075e-08,5.734545472437739e-09,3.198799777121312e-09,1.3292946674698995e-06,4.7710691582584e-06,0.0006491448555212136,2.5505958720452585e-09,2.41113571135529e-07,1.7530192385990662e-24,5.067694542744338e-15
1.4468347408901994e-05,0.05595639656,0.054,0.0,0.0,0.0008308017231307407,0.8629776000781644,0.005146446082613744,0.001387268497081629,4.333111441036414e-09,0.06256780794849386,0.0,0.02824384101527334,2.211667605239771e-07,1.906847920177418e-10,1.0566525256009157e-06,5.9392710569291997e-08,5.72732259423363e-09,3.193737962073296e-09,1.3276492836315352e-06,4.76536220086979e-06,0.0006497341294017066,2.54051717357625e-09,2.406451572291596e-07,1.7685098634855446e-24,5.068116965589844e-15
1.4518517137124554e-05,0.05595639656,0.054,0.0,0.0,0.0008290642220991557,0.862975171519401,0.005149555159630075,0.0013880152228167874,4.352146789772769e-09,0.06256573778076771,0.0,0.02824500703222847,2.2088919362079042e-07,1.8999716312561196e-10,1.054343463435787e-06,5.9242088361494e-08,5.720147092225778e-09,3.1887136205782748e-09,1.3260162746280405e-06,4.759697307147565e-06,0.0006503218110152569,2.530534821249216e-09,2.4018052003030753e-07,1.7840821125891054e-24,5.068535437928001e-15
1.4568686865347114e-05,0.05595639656,0.054,0.0,0.0,0.0008273391221478304,0.8629727530891212,0.005152656458328404,0.0013887601160131988,4.37119853605756e-09,0.06256367278020263,0.0,0.02824616211218508,2.2061343110010473e-07,1.893155748765599e-10,1.052051147300981e-06,5.90926458258675e-08,5.71301773544743e-09,3.1837263890398956e-09,1.324395520739031e-06,4.754074079819685e-06,0.0006509079092120711,2.5206475805275766e-09,2.397196203286029e-07,1.799736123186013e-24,5.068950002115394e-15
1.4618856593569674e-05,0.05595639656,0.054,0.0,0.0,0.0008256262979122493,0.8629703446941958,0.005155750038848149,0.0013895031926371819,4.390266632010126e-09,0.06256161290689434,0.0,0.0282473063728901,2.2033945609966651e-07,1.8863994606941986e-10,1.0497754043544666e-06,5.894436982633322e-08,5.705934533269425e-09,3.17877590844371e-09,1.322786903780277e-06,4.7484921265818066e-06,0.0006514924327568876,2.5108542369798525e-09,2.392624194473203e-07,1.815472032228884e-24,5.069360699933018e-15
1.4669026321792234e-05,0.05595639656,0.054,0.0,0.0,0.0008239256257052578,0.8629679462426698,0.005158835960667055,0.0013902444684728635,4.409351030007536e-09,0.06255955812137712,0.0,0.028248439930482292,2.2006725176737825e-07,1.8797018740440166e-10,1.0475160641356423e-06,5.8797247425618144e-08,5.698898056009468e-09,3.17386182475206e-09,1.3211903070803799e-06,4.742951060024695e-06,0.0006520753903302723,2.501153595883348e-09,2.3880887923430833e-07,1.8312899763478204e-24,5.069767572595953e-15
1.4719196050014794e-05,0.05595639656,0.054,0.0,0.0,0.0008222369834904595,0.8629655576437442,0.005161914282612278,0.001390983959124877,4.428451682682126e-09,0.06255750838461735,0.0,0.02824956289952104,2.1979680140902547e-07,1.873062553291567e-10,1.0452729584692956e-06,5.8651265857603054e-08,5.691906245772985e-09,3.1689837884493855e-09,1.3196056154599147e-06,4.7374504975704736e-06,0.0006526567905296338,2.4915444818339305e-09,2.3835896205337395e-07,1.847190091851515e-24,5.070170660763472e-15
1.4769365778237354e-05,0.05595639656,0.054,0.0,0.0,0.0008205602508523706,0.8629631788077556,0.005164985062867762,0.0013917216800210146,4.447568542919074e-09,0.06255546365800708,0.0,0.028250675393011404,2.195280889276037e-07,1.866480867274322e-10,1.0430459214492572e-06,5.850641254382852e-08,5.684958254395019e-09,3.164141453953917e-09,1.318032715201709e-06,4.731990061375589e-06,0.0006532366418700755,2.482025738373197e-09,2.379126307755854e-07,1.8631725147283577e-24,5.070570004547728e-15
1.4819535506459913e-05,0.05595639656,0.054,0.0,0.0,0.000818895308969034,0.8629608096461613,0.0051680483589824164,0.0013924576464148302,4.466701563853996e-09,0.06255342390335816,0.0,0.028251777522428415,2.1926109823742855e-07,1.8599555744982766e-10,1.040834789476465e-06,5.836267511588544e-08,5.678056925211222e-09,3.1593344806273795e-09,1.3164714940256102e-06,4.726569378250223e-06,0.0006538149527857731,2.4725962276220947e-09,2.374698487704713e-07,1.8792373806475146e-24,5.070965643522194e-15
1.4869705234682473e-05,0.05595639656,0.054,0.0,0.0,0.0008172420405903998,0.862958450071518,0.005171104227883653,0.001393191873388193,4.485850698870594e-09,0.06255138908289641,0.0,0.028252869397746787,2.1899581293835328e-07,1.8534863234939093e-10,1.0386394011275051e-06,5.8220041360021525e-08,5.671199923476308e-09,3.15456253274119e-09,1.3149218410771122e-06,4.721188079628884e-06,0.0006543917316311766,2.4632548299100002e-09,2.3703057989806984e-07,1.8953848249600365e-24,5.0713576167321264e-15
1.4919874962905033e-05,0.05595639656,0.054,0.0,0.0,0.0008156003300096508,0.8629560999974668,0.005174152725884511,0.0013939243758537985,4.5050159015983054e-09,0.06254935915925529,0.0,0.02825395112746554,2.187322175423497e-07,1.8470731684243838e-10,1.0364595970556135e-06,5.807849920835146e-08,5.664382540585303e-09,3.1498252774582855e-09,1.3133836468985035e-06,4.715845801475735e-06,0.0006549669866813965,2.4540004434257266e-09,2.36594788501088e-07,1.9116149826999028e-24,5.071745962703159e-15
1.4970044691127593e-05,0.05595639656,0.054,0.0,0.0,0.0008139700630316233,0.8629537593387153,0.00517719390868579,0.0013946551685576325,4.524197125910007e-09,0.06254733409547002,0.0,0.028255022818625363,2.184702971268526e-07,1.8407142664872294e-10,1.034295220157577e-06,5.793803682813934e-08,5.657611370157556e-09,3.1451223862531275e-09,1.311856803390607e-06,4.710542184154716e-06,0.000655540726133426,2.444831983889347e-09,2.3616243939604407e-07,1.9279279885850876e-24,5.0721307194471936e-15
1.500983621469868e-05,0.05595639656,0.054,0.0,0.0,0.0008126850990744327,0.8629519095124886,0.005179600821317718,0.0013952335819465177,4.539421848575173e-09,0.06254573137183538,0.0,0.028255865749251246,2.182637382030389e-07,1.8357089041073118e-10,1.032589438048312e-06,5.782739087982684e-08,5.652273683474841e-09,3.141416567520866e-09,1.3106538063968355e-06,4.706362939638851e-06,0.0006559947083924253,2.43762052503183e-09,2.3582195166606493e-07,1.9409254578569213e-24,5.072433357225488e-15
1.5049627738269766e-05,0.05595639656,0.054,0.0,0.0,0.0008114072074307989,0.8629500655145426,0.005182003194101835,0.001395810936157724,4.554656598249894e-09,0.06254413166429962,0.0,0.028256702483474182,2.1805821521361964e-07,1.8307378588683996e-10,1.0308931865950815e-06,5.7717411009144087e-08,5.64695920281691e-09,3.1377320030167756e-09,1.3094578299251077e-06,4.70220761661633e-06,0.0006564477463645612,2.4304619235900025e-09,2.35483590407919e-07,1.9539751957243792e-24,5.0727337792354415e-15
1.5089419261840852e-05,0.05595639656,0.054,0.0,0.0,0.0008101363331000199,0.8629482273037125,0.005184401054035696,0.0013963872383307317,4.569901352240752e-09,0.06254253495494516,0.0,0.0282575330728091,2.1785372124217657e-07,1.8258000800185039e-10,1.02920639021347e-06,5.760809156816464e-08,5.6416720692545104e-09,3.1340685336545013e-09,1.3082688218289347e-06,4.698076041455307e-06,0.0006568998440372601,2.4233556612701775e-09,2.3514733868494826e-07,1.9670772689818678e-24,5.0730320037761895e-15
1.5129210785411939e-05,0.05595639656,0.054,0.0,0.0,0.0008088724216501449,0.8629463948392316,0.005186794427890354,0.0013969624955424103,4.585156087947482e-09,0.06254094122600615,0.0,0.02825835756822959,2.1765024828196567e-07,1.8208949687479192e-10,1.0275289742413203e-06,5.749942698824795e-08,5.636413850561769e-09,3.1304260050201214e-09,1.3070867304808893e-06,4.693968042212658e-06,0.0006573510053690739,2.416301226240914e-09,2.3481317973686868e-07,1.9802317443002223e-24,5.073328048956114e-15
1.5165023156625917e-05,0.05595639656,0.054,0.0,0.0,0.0008077408100742326,0.8629447505009517,0.005188944650709678,0.0013974793393901244,4.59889386584602e-09,0.06253950940365327,0.0,0.028259094445513437,2.1746798935311095e-07,1.8165089592841653e-10,1.0260272587531016e-06,5.740218408594258e-08,5.631700583904067e-09,3.127165505213964e-09,1.3060287198343054e-06,4.690290859552543e-06,0.0006577562532444245,2.4099961291487568e-09,2.3451421229483677e-07,1.9921156308528862e-24,5.073592641080558e-15
1.5200835527839895e-05,0.05595639656,0.054,0.0,0.0,0.0008066147558975004,0.862943110755346,0.005191091280508499,0.001397995347573578,4.6126396943573525e-09,0.06253807996842564,0.0,0.02825982646399627,2.1728654672597857e-07,1.8121492118522174e-10,1.024533027740192e-06,5.730546301238698e-08,5.6270087627897905e-09,3.1239217273490067e-09,1.3049762334229863e-06,4.686632512419501e-06,0.000658160748710772,2.4037322385254724e-09,2.3421691459314418e-07,2.0040420654079995e-24,5.073855495376195e-15
1.5233066661932476e-05,0.05595639656,0.054,0.0,0.0,0.0008056060268588221,0.8629416388871388,0.005193020191043692,0.0013984590446053109,4.625017809830912e-09,0.06253679550726067,0.0,0.028260481156167465,2.1712394151735944e-07,1.808247277588227e-10,1.0231945755180082e-06,5.721885702750921e-08,5.622806989931305e-09,3.1210165352076207e-09,1.3040336886192018e-06,4.683356003543878e-06,0.0006585241536566274,2.3981296708151367e-09,2.3395076448519698e-07,2.0148122750106154e-24,5.074090588991694e-15
1.5265297796025056e-05,0.05595639656,0.054,0.0,0.0,0.0008046017402539242,0.8629401706946759,0.005194946220458134,0.0013989220724661235,4.637402421279024e-09,0.0625355129602731,0.0,0.02826113196798086,2.169619882320064e-07,1.8043666456920398e-10,1.0218621048559885e-06,5.7132667723735856e-08,5.618620317061829e-09,3.118124722175436e-09,1.3030955623505495e-06,4.680094564478215e-06,0.0006588869534876046,2.39255992891734e-09,2.3368594868984615e-07,2.0256170228475298e-24,5.074324294606277e-15
1.5297528930117637e-05,0.05595639656,0.054,0.0,0.0,0.0008036018684653625,0.8629387061572174,0.005196869382447939,0.001399384434771342,4.649793516910054e-09,0.062534232318373,0.0,0.028261778925273363,2.1680068524330178e-07,1.800507049063389e-10,1.020535577101701e-06,5.704689194465814e-08,5.614449070496002e-09,3.1152461999572877e-09,1.3021618283679998e-06,4.6768481077055505e-06,0.0006592491502377677,2.387022755711766e-09,2.3342245871018467e-07,2.036456344055958e-24,5.0745566214020275e-15
1.532653695080096e-05,0.05595639656,0.054,0.0,0.0,0.0008027057358812261,0.8629373911815214,0.005198597787835221,0.0013997999947636503,4.660951037239654e-09,0.06253308136204931,0.0,0.028262357912397826,2.1665606425099558e-07,1.7970508334735387e-10,1.0193467529657058e-06,5.6970045398682326e-08,5.610710842627154e-09,3.1126668357199497e-09,1.3013252016586456e-06,4.6739390346752625e-06,0.000659574613351117,2.3820669356197104e-09,2.3318644433477824e-07,2.046241322374795e-24,5.074764544154375e-15
1.5355544971484282e-05,0.05595639656,0.054,0.0,0.0,0.0008018131373015598,0.8629360791348154,0.005200323891483288,0.0014002150211638441,4.672113791695461e-09,0.06253193193499336,0.0,0.028262933816639826,2.1651196274853593e-07,1.7936113461113095e-10,1.0181626853701556e-06,5.689352961417531e-08,5.606985526338358e-09,3.1100981211601995e-09,1.3004920927672547e-06,4.671041964125099e-06,0.0006598995910746848,2.377137106134663e-09,2.3295149094920173e-07,2.0560543590843753e-24,5.0749713640241036e-15
1.5384552992167605e-05,0.05595639656,0.054,0.0,0.0,0.0008009240530614863,0.8629347700023107,0.005202047703186099,0.0014006295165552864,4.6832817717610235e-09,0.06253078403070497,0.0,0.028263506656386793,2.163683786624798e-07,1.790188386169385e-10,1.016983347131527e-06,5.6817342610320844e-08,5.6032735500146e-09,3.1075399982676834e-09,1.2996624829835188e-06,4.668156833639497e-06,0.0006602240848667519,2.3722330850880163e-09,2.327175925051465e-07,2.0658954796909363e-24,5.0751770875470665e-15
1.5413561012850927e-05,0.05595639656,0.054,0.0,0.0,0.000800038463641527,0.862933463769321,0.005203769232678761,0.0014010434835051372,4.6944549689447645e-09,0.06252963764272307,0.0,0.02826407644988751,2.162253092121232e-07,1.7867818344837389e-10,1.01580871172448e-06,5.6741482493532124e-08,5.599574944240264e-09,3.1049924123698198e-09,1.2988363537304384e-06,4.665283581237444e-06,0.0006605480961781641,2.3673546919363513e-09,2.32484742999306e-07,2.075764709666486e-24,5.075381721210217e-15
1.544256903353425e-05,0.05595639656,0.054,0.0,0.0,0.0007991563496666387,0.8629321604212616,0.005205488489637973,0.0014014569245644828,4.70563337477985e-09,0.06252849276462591,0.0,0.028264643215253238,2.1608275162336454e-07,1.783391597800606e-10,1.0146387524639692e-06,5.6665947168166486e-08,5.595889509677299e-09,3.1024553065599416e-09,1.2980136865634823e-06,4.662422145370048e-06,0.0006608716264523745,2.3625017477461555e-09,2.322529364730311e-07,2.0856620744488798e-24,5.075585271451998e-15
1.5471577054217572e-05,0.05595639656,0.054,0.0,0.0,0.0007982776919034449,0.8629308599436479,0.0052072054836819655,0.0014018698422684675,4.716816980824062e-09,0.0625273493900302,0.0,0.02826520697045961,2.159407033687315e-07,1.780017553513867e-10,1.0134734428604708e-06,5.659073467559399e-08,5.592217276482808e-09,3.09992862560337e-09,1.297194463166158e-06,4.659572464904961e-06,0.0006611946771250024,2.3576740751759287e-09,2.320221670122191e-07,2.095587599441869e-24,5.0757877446630176e-15
1.5500585074900895e-05,0.05595639656,0.054,0.0,0.0,0.000797402471259473,0.8629295623220959,0.00520892022437125,0.0014022822391364222,4.728005778659671e-09,0.06252620751259078,0.0,0.02826576773334764,2.1579916181387186e-07,1.7766595999764767e-10,1.012312756818673e-06,5.651584310098935e-08,5.5885581425013424e-09,3.0974123145230667e-09,1.2963786653503025e-06,4.6567344791279715e-06,0.0006615172496241474,2.352871498458726e-09,2.3179242874677504e-07,2.1055413100151784e-24,5.075989147186398e-15
1.5529593095584218e-05,0.05595639656,0.054,0.0,0.0,0.000796530668782147,0.8629282675423201,0.005210632721209083,0.001402694117671993,4.739199759893304e-09,0.06252506712600066,0.0,0.028266325521624776,2.1565812432869488e-07,1.7733176314923415e-10,1.011156668331795e-06,5.6441270472454195e-08,5.584912031867371e-09,3.094906318489214e-09,1.29556627505543e-06,4.653908127741132e-06,0.0006618393453705118,2.348093843385189e-09,2.3156371585008477e-07,2.115523231504553e-24,5.076189485318131e-15
1.555860111626754e-05,0.05595639656,0.054,0.0,0.0,0.000795662265657191,0.8629269755901328,0.005212342983641815,0.001403105480363269,4.750398916155818e-09,0.06252392822399055,0.0,0.028266880352866383,2.1551758835712238e-07,1.769991539580048e-10,1.010005151542914e-06,5.6367014862891484e-08,5.581278897023296e-09,3.09241058321997e-09,1.2947572743468887e-06,4.65109335085656e-06,0.000662160965777311,2.3433409372868298e-09,2.313360225387039e-07,2.125533389211828e-24,5.076388765307621e-15
1.5587609136950863e-05,0.05595639656,0.054,0.0,0.0,0.0007947972432073923,0.8629256864514439,0.005214051021059393,0.001403516329682907,4.761603239102185e-09,0.06252279080032849,0.0,0.02826743224451689,2.153775513327914e-07,1.766681221507232e-10,1.0088581808601513e-06,5.629307437519242e-08,5.577658659305834e-09,3.0899250547971392e-09,1.2939516454148586e-06,4.648290088993329e-06,0.0006624821122503746,2.3386126090197876e-09,2.3110934307200353e-07,2.1355718084049877e-24,5.076586993358064e-15
1.5616617157634185e-05,0.05595639656,0.054,0.0,0.0,0.0007939355828914555,0.8629244001122592,0.0052157568427958064,0.001403926668088255,4.772812720411351e-09,0.06252165484881961,0.0,0.028267981213890944,2.1523801070201947e-07,1.7633865729069885e-10,1.0077157308674136e-06,5.621944710700706e-08,5.574051255804276e-09,3.087449679647276e-09,1.293149370573459e-06,4.645498283074699e-06,0.0006628027861882288,2.3339086889484913e-09,2.308836717517265e-07,2.145638514318229e-24,5.0767841756268546e-15
1.5645625178317508e-05,0.05595639656,0.054,0.0,0.0,0.0007930772663027257,0.8629231165586807,0.005217460458129511,0.0014043364980214786,4.784027351786118e-09,0.06252052036330587,0.0,0.02826852727817466,2.1509896394380952e-07,1.7601074903922964e-10,1.00657777630983e-06,5.614613117630496e-08,5.570456624045826e-09,3.084984404596746e-09,1.2923504322595505e-06,4.642717874424265e-06,0.0006631229889821138,2.3292290089292794e-09,2.3065900292158247e-07,2.1557335321520097e-24,5.076980318226046e-15
1.5703641219684153e-05,0.05595639656,0.054,0.0,0.0,0.0007913705913461212,0.8629205577532194,0.005220861106427569,0.0014051546421650137,4.806472031662239e-09,0.06251825576581414,0.0,0.028269610759579768,2.148223420126158e-07,1.7535956175882828e-10,1.0043152534900687e-06,5.6000425885670373e-08,5.563305407235922e-09,3.080083943937148e-09,1.290762495568871e-06,4.637191016203337e-06,0.0006637619866668687,2.3199417038379777e-09,2.3021265031423707e-07,2.1760086042147662e-24,5.077369508639403e-15
1.57616572610508e-05,0.05595639656,0.054,0.0,0.0,0.000789677073730925,0.86291800992575,0.005224253039087061,0.0014059707813517377,4.828937212825478e-09,0.06251599695931451,0.0,0.028270682823694555,2.145476656641461e-07,1.7471447965805557e-10,1.002070414188713e-06,5.5855943764392256e-08,5.556204495930474e-09,3.0752232547846028e-09,1.289187697251753e-06,4.6317090527959936e-06,0.0006643991162909948,2.3107493778388403e-09,2.297702408249747e-07,2.1963972255246392e-24,5.077754612602726e-15
1.5819673302417444e-05,0.05595639656,0.054,0.0,0.0,0.0007879965709278884,0.8629154729684382,0.005227636328380448,0.0014067849345846093,4.8514228297446876e-09,0.06251374389583902,0.0,0.028271743603498746,2.1427491528604778e-07,1.7407542344362907e-10,9.998430631111142e-07,5.5712670283796276e-08,5.549153383523281e-09,3.0704019249003564e-09,1.2876259011132843e-06,4.626271528857368e-06,0.000665034388727717,2.3016507379015894e-09,2.2933173067651985e-07,2.216899596477138e-24,5.078135677420743e-15
1.587768934378409e-05,0.05595639656,0.054,0.0,0.0,0.0007863289424479585,0.8629129467748993,0.0052310110457324584,0.001407597120635045,4.8739288172588215e-09,0.06251149652798176,0.0,0.028272793230025378,2.1400407153885577e-07,1.7344231517904898e-10,9.976330077843734e-07,5.5570591155278524e-08,5.542151568480905e-09,3.0656195477587585e-09,1.2860769728217797e-06,4.620877995127271e-06,0.0006656678147386757,2.2926445133905435e-09,2.288970767274983e-07,2.2375159169337783e-24,5.078512749710903e-15
1.5935705385150734e-05,0.05595639656,0.054,0.0,0.0,0.0007846740498058859,0.8629104312401741,0.005234377261733149,0.001408407358046581,4.896455110573172e-09,0.06250925480889025,0.0,0.0282738318323959,2.1373511534593868e-07,1.7281507817675226e-10,9.954400585442342e-07,5.5429692310939365e-08,5.535198559286185e-09,3.0608757224421385e-09,1.2845407798766522e-06,4.615528008327734e-06,0.0006662994049754938,2.2837294555961115e-09,2.2846623646098493e-07,2.258246386223946e-24,5.078885875415644e-15
1.599372142651738e-05,0.05595639656,0.054,0.0,0.0,0.0007830317564846188,0.8629079262607035,0.005237735046150726,0.0014092156651384564,4.919001645255657e-09,0.06250701869225689,0.0,0.028274859537854653,2.134680278847642e-07,1.7219363705769637e-10,9.93264028478228e-07,5.528995989776321e-08,5.5282938686483114e-09,3.056170053540741e-09,1.283017191576931e-06,4.610221131062594e-06,0.000666929169981309,2.2749043372773098e-09,2.2803916797335403e-07,2.2790912031467376e-24,5.0792550998144936e-15
1.6051737467884024e-05,0.05595639656,0.054,0.0,0.0,0.0007814019279004157,0.8629054317343061,0.005241084467944108,0.001410022060009134,4.941568357233156e-09,0.0625047881323106,0.0,0.028275876471802453,2.132027905875663e-07,1.7157791767926265e-10,9.911047333640802e-07,5.515138027752033e-08,5.521437016452127e-09,3.0515021510595893e-09,1.2815060789903966e-06,4.604956931718931e-06,0.0006675571201922707,2.266167952215589e-09,2.2761582996328944e-07,2.300050565972787e-24,5.079620467535831e-15
1.610975350925067e-05,0.05595639656,0.054,0.0,0.0,0.0007797844313686959,0.862902947560154,0.005244425595275275,0.0014108265605397516,4.964155182787898e-09,0.0625025630838088,0.0,0.028276882757829625,2.129393851353096e-07,1.7096784711184656e-10,9.889619916293324e-07,5.501394002162937e-08,5.514627529580648e-09,3.0468716303272156e-09,1.280007314923318e-06,4.5997349843704025e-06,0.0006681832659390174,2.2575191147786702e-09,2.2719618172100383e-07,2.3211246724460654e-24,5.0799820225684536e-15
1.6167769550617315e-05,0.05595639656,0.054,0.0,0.0,0.0007781791360706323,0.8629004736387494,0.005247758495521366,0.001411629184397507,4.9867620585539e-09,0.06250034350202927,0.0,0.02827787851774823,2.1267779345268107e-07,1.7036335363418928e-10,9.868356243041474e-07,5.487762590661531e-08,5.5078649404546074e-09,3.042278111902574e-09,1.2785207738908758e-06,4.5945548686827435e-06,0.0006688076174481265,2.2489566594955977e-09,2.2678018311773805e-07,2.342313719785677e-24,5.0803398082728814e-15
1.622578559198396e-05,0.05595639656,0.054,0.0,0.0,0.0007765859130204474,0.8628980098719041,0.005251083235286548,0.001412429949038973,5.009388921513451e-09,0.06249812934276228,0.0,0.02827886387162359,2.1241799770538445e-07,1.697643666912844e-10,9.847254549720382e-07,5.4742424910701526e-08,5.50114878812448e-09,3.037721221486565e-09,1.2770463320881771e-06,4.589416169821098e-06,0.0006694301848435393,2.2404794406422157e-09,2.263677945954888e-07,2.363617904687625e-24,5.0806938673924095e-15
1.6283801633350605e-05,0.05595639656,0.054,0.0,0.0,0.0007750046350333936,0.8628955561627152,0.005254399880413671,0.0014132288717133561,5.032035708993655e-09,0.062495920562302944,0.0,0.02827983893780524,2.1215998029532118e-07,1.6917081687695155e-10,9.826313097258118e-07,5.460832420997985e-08,5.4944786177885735e-09,3.0332005898351696e-09,1.275583867361865e-06,4.584318478359195e-06,0.0006700509781479606,2.232086331836363e-09,2.259589771569253e-07,2.3850374233265714e-24,5.081044242063942e-15
1.634181767471725e-05,0.05595639656,0.054,0.0,0.0,0.0007734351766943959,0.8628931124155457,0.0052577084959957,0.0014140259694656878,5.0547023586629995e-09,0.062493717117443594,0.0,0.028280803832957124,2.1190372385647516e-07,1.685826359156305e-10,9.805530171233321e-07,5.4475311174526996e-08,5.487853980371157e-09,3.028715852673292e-09,1.2741332591822943e-06,4.579261390190321e-06,0.0006706700072842361,2.2237762256426527e-09,2.2555369235551903e-07,2.4065724713575687e-24,5.081390973828594e-15
1.6399833716083895e-05,0.05595639656,0.054,0.0,0.0,0.0007718774143273504,0.8628906785360018,0.005261009146386935,0.001414821259139959,5.077388808527996e-09,0.06249151896546636,0.0,0.028281758672087244,2.116492112516e-07,1.6799975663224338e-10,9.78490408143432e-07,5.434337336485736e-08,5.481274432938805e-09,3.0242666506111786e-09,1.2726943886162748e-06,4.574244506440048e-06,0.0006712872820767049,2.215548033186869e-09,2.251519022858935e-07,2.4282232439177863e-24,5.0817341036421005e-15
1.645784975745054e-05,0.05595639656,0.054,0.0,0.0,0.0007703312259650608,0.8628882544309133,0.005264301895214023,0.0014156147573821927,5.100094996929852e-09,0.06248932606413591,0.0,0.02828270356857663,2.1139642556802358e-07,1.6742211293482246e-10,9.764433161435368e-07,5.421249852838645e-08,5.474739538316549e-09,3.019852629062432e-09,1.2712671383003723e-06,4.5692674333807e-06,0.0006719028122525294,2.2074006837795646e-09,2.2475356957437222e-07,2.449989935628217e-24,5.08207367188495e-15
1.6515865798817186e-05,0.05595639656,0.054,0.0,0.0,0.000768796491319799,0.8628858400083139,0.005267586805386769,0.0014164064806434604,5.1228208625411795e-09,0.06248713837169218,0.0,0.028283638634207745,2.111453501138829e-07,1.668496397940548e-10,9.744115768179812e-07,5.408267459589038e-08,5.468248864930342e-09,3.0154734381633283e-09,1.2698513924147441e-06,4.564329782347527e-06,0.0006725166074430031,2.199333124548519e-09,2.2435865736971665e-07,2.471872740595355e-24,5.082409718372381e-15
1.657388184018383e-05,0.05595639656,0.054,0.0,0.0,0.0007672730917544694,0.8628834351774193,0.005270863939108746,0.0014171964451828393,5.14556634436277e-09,0.06248495584684352,0.0,0.028284563979192254,2.108959684147527e-07,1.6628227321877527e-10,9.72395028157097e-07,5.3953889678138894e-08,5.461801986959096e-09,3.0111287326940984e-09,1.2684470366575027e-06,4.559431169656484e-06,0.0006731286771848359,2.1913443200798587e-09,2.2396712933405992e-07,2.493871852412885e-24,5.082742282364102e-15
1.6631897881550476e-05,0.05595639656,0.054,0.0,0.0,0.0007657609102543676,0.8628810398486095,0.005274133357887706,0.0014179846670703186,5.1683313817203905e-09,0.062482778448759616,0.0,0.02828547971219827,2.1064826420984685e-07,1.6571995023861233e-10,9.703935104072899e-07,5.382613206258081e-08,5.455398484049242e-09,3.0068181720017176e-09,1.2670539582195899e-06,4.554571216523654e-06,0.0006737390309214176,2.1834332520677125e-09,2.2357894963403033e-07,2.5159874641633233e-24,5.083071402573866e-15
1.668991392291712e-05,0.05595639656,0.054,0.0,0.0,0.0007642598313995147,0.8628786539334096,0.0052773951225458145,0.0014187711621896464,5.191115914261641e-09,0.06248060613706485,0.0,0.02828638594037701,2.1040222144849303e-07,1.651626088839316e-10,9.684068660318512e-07,5.369939021005955e-08,5.449037941234123e-09,3.0025414199240615e-09,1.2656720457601502e-06,4.5497495489862085e-06,0.0006743476780040606,2.175598918972051e-09,2.2319408293205418e-07,2.5382197684196723e-24,5.083397117178819e-15
1.6747929964283766e-05,0.05595639656,0.054,0.0,0.0,0.0007627697413375574,0.8628762773444715,0.005280649293229677,0.0014195559462411287,5.213919881952836e-09,0.06247843887183155,0.0,0.02828728276938889,2.1015782428685876e-07,1.6461018816447842e-10,9.664349396726246e-07,5.3573652751648814e-08,5.4427199489762296e-09,2.9982981447157714e-09,1.2643011893823995e-06,4.544965797824936e-06,0.0006749546276932227,2.167840335684522e-09,2.2281249437783682e-07,2.5605689572470373e-24,5.083719463828677e-15
1.680594600565041e-05,0.05595639656,0.054,0.0,0.0,0.0007612905277572198,0.8628739099955539,0.005283895929420204,0.001420339034744372,5.236743225075941e-09,0.062476276613573536,0.0,0.028288170303429137,2.0991505708444604e-07,1.6406262805248098e-10,9.644775781124938e-07,5.3448908485548106e-08,5.436444102945604e-09,2.9940880189755395e-09,1.2629412806099648e-06,4.540219598488238e-06,0.0006755598891597065,2.1601565332020854e-09,2.2243414960001948e-07,2.5830352222042444e-24,5.084038479654699e-15
1.6863962047017057e-05,0.05595639656,0.054,0.0,0.0,0.0007598220798622929,0.8628715518015059,0.005287135089942286,0.0014211204430409788,5.259585884225542e-09,0.062474119323239666,0.0,0.028289048645252782,2.0967390440077213e-07,1.6351986946365768e-10,9.625346302385746e-07,5.332514637401932e-08,5.430210003963522e-09,2.9899107195747324e-09,1.2615922123637022e-06,4.535510591017639e-06,0.0006761634714858439,2.152546558308264e-09,2.22059014698007e-07,2.6056187543454356e-24,5.0843542012784776e-15
1.6921978088383702e-05,0.05595639656,0.054,0.0,0.0,0.0007583642883461478,0.8628692026782498,0.005290366832974302,0.0014219001862971915,5.2824478003058585e-09,0.06247196696220756,0.0,0.028289917896199293,2.0943435099224165e-07,1.629818542379506e-10,9.606059470062088e-07,5.3202355540418203e-08,5.424017257996924e-09,2.9857659275875463e-09,1.2602538789389553e-06,4.530838419974672e-06,0.0006767653836666561,2.1450094732617255e-09,2.216870562339588e-07,2.628319744221645e-24,5.0846666648205835e-15
1.6979994129750347e-05,0.05595639656,0.054,0.0,0.0,0.000756917045366764,0.8628668625427618,0.005293591216057444,0.0014226782795064888,5.305328914527795e-09,0.06246981949227738,0.0,0.028290778156216514,2.091963818088798e-07,1.624485251233602e-10,9.586913814037084e-07,5.3080525266286103e-08,5.417865475976226e-09,2.9816533282224923e-09,1.258926175983274e-06,4.5262027343692114e-06,0.0006773656346109972,2.1375443554920936e-09,2.2131824122494365e-07,2.6511383818823745e-24,5.084975905908987e-15
1.7038010171116992e-05,0.05595639656,0.054,0.0,0.0,0.000755480244522257,0.8628645313130576,0.005296808296104892,0.0014234547374921353,5.32822916840603e-09,0.06246767687566582,0.0,0.02829162952388432,2.0895998199120176e-07,1.619198257581328e-10,9.567907884177697e-07,5.295964498848599e-08,5.411754273747773e-09,2.9775726107551633e-09,1.2576090004745624e-06,4.521603187589161e-06,0.0006779642331426787,2.1301502973027222e-09,2.209525371352532e-07,2.674074856877145e-24,5.085281959687345e-15
1.7096026212483637e-05,0.05595639656,0.054,0.0,0.0,0.0007540537808268958,0.862862208908174,0.005300018129410809,0.001424229574909682,5.3511485037561374e-09,0.06246553907500007,0.0,0.02829247209643762,2.087251368672429e-07,1.6139570065307337e-10,9.549040249996223e-07,5.2839704296418174e-08,5.405683272047551e-09,2.9735234684623964e-09,1.2563022506996484e-06,4.517039437331468e-06,0.0006785611880015756,2.1228264055803154e-09,2.2058991186886876e-07,2.6971293582570282e-24,5.085584860823124e-15
1.7154042253850282e-05,0.05595639656,0.054,0.0,0.0,0.0007526375506875987,0.8628598952481538,0.0053032207716591905,0.0014250028062494252,5.374086862691758e-09,0.06246340605331203,0.0,0.02829330596978906,2.0849183194950025e-07,1.6087609517624357e-10,9.53030950031878e-07,5.2720692929294796e-08,5.399652096343319e-09,2.9695055985576893e-09,1.2550058262332799e-06,4.5125111455344715e-06,0.0006791565078447138,2.115571801511159e-09,2.2023033376208004e-07,2.720302074576178e-24,5.085884643515531e-15
1.7212058295216928e-05,0.05595639656,0.054,0.0,0.0,0.0007512314518808955,0.8628575902540291,0.005306416277932546,0.0014257744458388173,5.3970441876218024e-09,0.062461277774032466,0.0,0.028294131238551117,2.0826005293197533e-07,1.6036095553629598e-10,9.511714242960102e-07,5.2602600773458504e-08,5.393660376791269e-09,2.965518702127822e-09,1.2537196279175185e-06,4.5080179783115155e-06,0.0006797502012473405,2.108385620303826e-09,2.198737715762515e-07,2.7435931938933455e-24,5.086181341503322e-15
1.7270074336583573e-05,0.05595639656,0.054,0.0,0.0,0.0007498353835303449,0.8628552938478059,0.005309604702720434,0.0014265445078448368,5.4200204212476765e-09,0.06245915420098547,0.0,0.028294947996057845,2.080297856873633e-07,1.5985022876607572e-10,9.493253104405105e-07,5.248541785977022e-08,5.3877077482020265e-09,2.9615624840707594e-09,1.252443557841532e-06,4.503559605885809e-06,0.0006803422767039772,2.101267010918163e-09,2.195201944907319e-07,2.767002903773362e-24,5.086474988072423e-15
1.7328090377950218e-05,0.05595639656,0.054,0.0,0.0,0.0007484492460843989,0.8628530059524493,0.005312786099927842,0.0014273130062763158,5.4430155065605674e-09,0.062457035298382764,0.0,0.0282957563343862,2.0780101626418142e-07,1.593438627082337e-10,9.474924729496954e-07,5.236913436105375e-08,5.381793849897666e-09,2.957636653034746e-09,1.2511775193217805e-06,4.4991357025265385e-06,0.0006809327426294562,2.094215135800428e-09,2.191695720959056e-07,2.7905313912886436e-24,5.086765616063441e-15
1.7386106419316863e-05,0.05595639656,0.054,0.0,0.0,0.0007470729412947022,0.8628507264918677,0.005315960522883424,0.0014280799549862223,5.46602938683874e-09,0.06245492103081842,0.0,0.02829655634437687,2.0757373088397198e-07,1.5884180599963556e-10,9.456727781131112e-07,5.225374058958241e-08,5.375918325671288e-09,2.953740921358513e-09,1.2499214168825754e-06,4.494745946486143e-06,0.0006815216073599387,2.0872291706243723e-09,2.1882187438638077e-07,2.8141788430206422e-24,5.087053257878976e-15
1.7444122460683508e-05,0.05595639656,0.054,0.0,0.0,0.0007457063721948155,0.8628484553908984,0.005319128024347594,0.0014288453676739076,5.489062005644888e-09,0.0624528113632633,0.0,0.028297348115654757,2.0734791593864633e-07,1.5834400805605674e-10,9.438660939955557e-07,5.2139226994627406e-08,5.370080823752494e-09,2.949875005012696e-09,1.2486751562370139e-06,4.490390019938787e-06,0.0006821088791539198,2.080308304038163e-09,2.184770717543124e-07,2.8379454450613168e-24,5.087337945490841e-15
1.7502138502050153e-05,0.05595639656,0.054,0.0,0.0,0.0007443494430793557,0.862846192575293,0.005322288656520474,0.0014296092578873095,5.512113306823498e-09,0.06245070626105992,0.0,0.02829813173664901,2.07123557987784e-07,1.578504190587251e-10,9.420722904077158e-07,5.202558416006027e-08,5.364280996672798e-09,2.9460386235423393e-09,1.2474386442682747e-06,4.486067608919964e-06,0.0006826945661932129,2.0734517374169577e-09,2.181351349828561e-07,2.8618313830145716e-24,5.0876197104471e-15
1.75601545434168e-05,0.05595639656,0.054,0.0,0.0,0.0007430020594835436,0.8628439379717038,0.005325442471049706,0.0014303716390251145,5.535183234498274e-09,0.06244860568991731,0.0,0.028298907294612683,2.0690064375598435e-07,1.5736098993972702e-10,9.402912388773594e-07,5.1912802801995404e-08,5.358518501227809e-09,2.942231500010475e-09,1.2462117890112712e-06,4.481778403267236e-06,0.0006832786765839241,2.0666586846210225e-09,2.1779603523975143e-07,2.8858368419976955e-24,5.087898583878981e-15
1.7618170584783444e-05,0.05595639656,0.054,0.0,0.0,0.0007416641281631445,0.8628416915076691,0.005328589519038137,0.0014311325243388901,5.558271733069568e-09,0.06244650961590575,0.0,0.028299674875642063,2.0667916013035794e-07,1.5687567236764305e-10,9.385228126211022e-07,5.1800873766487225e-08,5.352792998446917e-09,2.9384533609428093e-09,1.2449944996346432e-06,4.477522096562051e-06,0.0006838612183574056,2.0599283717591914e-09,2.1745974407102801e-07,2.909962006642776e-24,5.0881745965076914e-15
1.767618662615009e-05,0.05595639656,0.054,0.0,0.0,0.0007403355570748021,0.8628394531115999,0.005331729851051354,0.001431891926935171,5.581378747211851e-09,0.06244441800545192,0.0,0.02830043456469549,2.0645909415798502e-07,1.5639441873501911e-10,9.367668865167467e-07,5.168978802728004e-08,5.347104153462248e-09,2.934703936273431e-09,1.2437866864231032e-06,4.47329838607265e-06,0.0006844421994711984,2.0532600369576336e-09,2.1712623339483806e-07,2.934207061098105e-24,5.088447778651022e-15
1.779221870888338e-05,0.05595639656,0.054,0.0,0.0,0.0007377061333108554,0.8628350002412848,0.005337990566772263,0.0014334063356884158,5.627648102263058e-09,0.06244024804267678,0.0,0.028301930601128247,2.060231641464053e-07,1.554439163965968e-10,9.332920424198656e-07,5.147011095804506e-08,5.335835117728161e-09,2.927290166592939e-09,1.241399135112429e-06,4.464947560918557e-06,0.0006855995111863184,2.040106312781011e-09,2.1646744301751195e-07,2.983057573622175e-24,5.088985770774479e-15
1.789664758334334e-05,0.05595639656,0.054,0.0,0.0,0.0007353707644514858,0.8628310195496597,0.005343602738819243,0.0014347643612596076,5.669353295561289e-09,0.0624365100118634,0.0,0.028303250873011377,2.0563554875505634e-07,1.5460189971632963e-10,9.302062110903646e-07,5.127519765485238e-08,5.325815078356881e-09,2.920713335745945e-09,1.2392818696396961e-06,4.457540333861896e-06,0.0006866358326249958,2.028472521025762e-09,2.1588376665311113e-07,3.027434895564396e-24,5.089460579542394e-15
1.80010764578033e-05,0.05595639656,0.054,0.0,0.0,0.0007330643441723789,0.8628270639233829,0.005349193913717619,0.0014361177802434306,5.711117631155551e-09,0.062432785936621604,0.0,0.028304546846077167,2.0525233217100187e-07,1.5377234150407922e-10,9.271590074653079e-07,5.1082881862557e-08,5.315908784878169e-09,2.9142254897416977e-09,1.23719396090314e-06,4.4502341731535336e-06,0.0006876672180046966,2.017028215391083e-09,2.1530867873660114e-07,3.072203502400426e-24,5.089926671279186e-15
1.810550533226326e-05,0.05595639656,0.054,0.0,0.0,0.0007307863766406191,0.8628231329747905,0.005354764367888056,0.0014374666640954675,5.752940795977673e-09,0.06242907563340855,0.0,0.02830581897701832,2.048734443213244e-07,1.5295498859350828e-10,9.241497584426361e-07,5.0893115276257266e-08,5.306114425732541e-09,2.9078251700032877e-09,1.2351349238273665e-06,4.4430274394142726e-06,0.0006886937111836176,2.00576935848708e-09,2.1474202817911216e-07,3.1173644507709527e-24,5.09038420904341e-15
1.8209934206723222e-05,0.05595639656,0.054,0.0,0.0,0.000728536377186066,0.8628192263243727,0.005360314372670194,0.0014388110829033436,5.7948224796462446e-09,0.06242537892205188,0.0,0.028307067711968267,2.0449881662712824e-07,1.5214959442941908e-10,9.211778063302763e-07,5.070585076687997e-08,5.296430228019131e-09,2.9015109497415252e-09,1.2331042837542005e-06,4.435918527761637e-06,0.0006897153553152331,1.9946920223059522e-09,2.1418366734575037e-07,3.1629187923461623e-24,5.0908333521469884e-15
1.8314363081183182e-05,0.05595639656,0.054,0.0,0.0,0.0007263138719884162,0.8628153436005577,0.005365844194445005,0.0014401511054205017,5.836762374423939e-09,0.06242169562566867,0.0,0.028308293486801365,2.0412838196319821e-07,1.513559188579043e-10,9.182425084070607e-07,5.0521042345730136e-08,5.286854456379341e-09,2.8952814330887932e-09,1.2311015761611041e-06,4.4289058668969e-06,0.0006907321928637459,1.9837923846279284e-09,2.1363345195753566e-07,3.2088675738505178e-24,5.091274256261099e-15
1.8418791955643143e-05,0.05595639656,0.054,0.0,0.0,0.0007241183977749045,0.862811484439498,0.005371354094753444,0.0014414867990989381,5.878760175175765e-09,0.062418025570586795,0.0,0.0283094967274228,2.037620746187502e-07,1.5057372792447894e-10,9.153432364990772e-07,5.033864513041655e-08,5.277385411987341e-09,2.8891352542579403e-09,1.229126346386582e-06,4.421987918212661e-06,0.0006917442656191254,1.9730667255886853e-09,2.130912409965166e-07,3.25521183708678e-24,5.091707073518418e-15
1.8523220830103104e-05,0.05595639656,0.054,0.0,0.0,0.000721949501527963,0.8628076484848676,0.0053768443304116325,0.001442818230120951,5.9208155793282135e-09,0.06241436858626852,0.0,0.028310677850048895,2.0339983026005518e-07,1.4980279367701729e-10,9.124793765698018e-07,5.0158615311853535e-08,5.2680214316811306e-09,2.8830710767309767e-09,1.2271781493663114e-06,4.415163174935665e-06,0.0006927516147117272,1.962511424358062e-09,2.125568966143469e-07,3.3019526189598727e-24,5.0921319526117944e-15
1.8627649704563064e-05,0.05595639656,0.054,0.0,0.0,0.0007198067402027529,0.8628038353876628,0.005382315153622549,0.0014441454634299168,5.962928286829324e-09,0.062410724505236596,0.0,0.02831183726147781,2.030415858940561e-07,1.4904289397876556e-10,9.096503283243312e-07,4.9980910122470244e-08,5.2587608869238495e-09,2.8770875924765616e-09,1.225256549379071e-06,4.4084301613018635e-06,0.0006937542806265094,1.952122955936761e-09,2.1203028404392204e-07,3.349090951500671e-24,5.092549038889779e-15
1.8732078579023025e-05,0.05595639656,0.054,0.0,0.0,0.0007176896804540125,0.8628000448060111,0.005387766812084481,0.0014454685627601459,6.00509800010959e-09,0.06240709316300227,0.0,0.02831297535935128,2.0268727983255752e-07,1.4829381232914937e-10,9.068555048272705e-07,4.980548780567181e-08,5.249602182837896e-09,2.871183521187585e-09,1.2233611197975706e-06,4.401787431744793e-06,0.0006947523032168818,1.9418978881064086e-09,2.115112715137352e-07,3.396627861888956e-24,5.092958474449065e-15
1.8836507453482986e-05,0.05595639656,0.054,0.0,0.0,0.0007155978983718174,0.8627962764049864,0.0053931995490963,0.0014467875906658543,6.047324424043717e-09,0.06240347439799552,0.0,0.028314092532407648,2.023368516583983e-07,1.4755533768646126e-10,9.040943321328158e-07,4.963230758619576e-08,5.240543757504472e-09,2.8653576095458208e-09,1.2214914428492458e-06,4.395233570116839e-06,0.0006957457217181756,1.931832878472053e-09,2.1099973016532055e-07,3.444564372476193e-24,5.093360398223579e-15
1.8940936327942946e-05,0.05595639656,0.054,0.0,0.0,0.0007135309792258776,0.8627925298564271,0.005398613603659718,0.0014481026085492782,6.08960726591317e-09,0.0623998680514973,0.0,0.028315189160726777,2.0199024219272636e-07,1.4682726430040209e-10,9.013662489269501e-07,4.946132964150479e-08,5.231584081011091e-09,2.8596086305133033e-09,1.2196471093865336e-06,4.388767188942461e-06,0.0006967345747607486,1.9219246715939814e-09,2.1049553397330677e-07,3.492901500808421e-24,5.093754946070928e-15
1.9045365202402907e-05,0.05595639656,0.054,0.0,0.0,0.0007114885172181314,0.8627888048387652,0.0054040092105786105,0.0014494136766879703,6.1319462353695284e-09,0.06239627396757374,0.0,0.028316265615966806,2.0164739346211397e-07,1.461093915538627e-10,8.986707061820277e-07,4.9292515074381395e-08,5.222721654454791e-09,2.8539353826391924e-09,1.2178277186599212e-06,4.382386928677202e-06,0.0006977189003827678,1.9121700962741354e-09,2.0999855966790754e-07,3.541640259648175e-24,5.094142250856195e-15
1.9149794076862868e-05,0.05595639656,0.054,0.0,0.0,0.0007094701152433068,0.8627851010368547,0.005409386600555476,0.0014507208542612888,6.174341044398608e-09,0.06239269199301207,0.0,0.028317322261593295,2.0130824866769603e-07,1.454015238023516e-10,8.960071668220966e-07,4.912582588622925e-08,5.213955009434881e-09,2.8483366893908953e-09,1.2160328781001063e-06,4.376091456996642e-06,0.0006986987360426451,1.9025660629202286e-09,2.0950868666023727e-07,3.590781656996195e-24,5.094522442532577e-15
1.9254222951322828e-05,0.05595639656,0.054,0.0,0.0,0.000707475384657145,0.8627814181418099,0.005414746000285156,0.001452024199376122,6.216791407285332e-09,0.06238912197725866,0.0,0.028318359453100916,2.0097275215605146e-07,1.447034702226094e-10,8.93375105398897e-07,4.896122495125545e-08,5.205282707244702e-09,2.8428113985122e-09,1.2142622031104787e-06,4.3698794681214085e-06,0.0006996741186311332,1.89310956096699e-09,2.0902579696982288e-07,3.640326696113496e-24,5.094895648219671e-15
1.935865182578279e-05,0.05595639656,0.054,0.0,0.0,0.0007055039450520345,0.8627777558508463,0.005420087632545901,0.001453323769091865,6.259297040579337e-09,0.062385563772358564,0.0,0.02831937753822802,2.0064084938890254e-07,1.440150446749225e-10,8.907740077792595e-07,4.879867599188186e-08,5.196703337713027e-09,2.837358381392553e-09,1.212515316860175e-06,4.363749682140004e-06,0.0007006450844831339,1.8837976564593216e-09,2.085497751543234e-07,3.6902763755423725e-24,5.0952619922795835e-15
1.946308070024275e-05,0.05595639656,0.054,0.0,0.0,0.0007035554240397387,0.8627741138671275,0.00542541171628787,0.001454619619444678,6.301857663061292e-09,0.06238201723289681,0.0,0.028320376857164337,2.0031248691445049e-07,1.433360655571303e-10,8.882033708419229e-07,4.863814355466781e-08,5.1882155188910804e-09,2.8319765324570408e-09,1.2107918500850135e-06,4.357700844357003e-06,0.000701611669389198,1.87462748970509e-09,2.0808050824202774e-07,3.740631689127032e-24,5.095621596389985e-15
1.956750957470271e-05,0.05595639656,0.054,0.0,0.0,0.0007016294570409318,0.8627704918996162,0.005430718466719171,0.0014559118054710584,6.344472995709907e-09,0.06237848221594146,0.0,0.028321357742752077,1.9998761234196763e-07,1.4266635566432615e-10,8.856627021834599e-07,4.8479592986893344e-08,5.179817896568205e-09,2.8266647685846847e-09,1.209091440900192e-06,4.35173172468386e-06,0.0007025739086066991,1.865596272944009e-09,2.0761788566596936e-07,3.791393626034951e-24,5.095974579615106e-15
1.967193844916267e-05,0.05595639656,0.054,0.0,0.0,0.0006997256870813751,0.8627668896629295,0.005436008095389491,0.0014572003812307326,6.3871427616696205e-09,0.06237495858098809,0.0,0.02832232052068068,1.9966617431408234e-07,1.4200574207253497e-10,8.831515198349351e-07,4.8322990414514583e-08,5.171509142749651e-09,2.821422028533782e-09,1.2074137346112894e-06,4.345841117019261e-06,0.0007035318368707614,1.8567012881918206e-09,2.071617991999174e-07,3.842563170777047e-24,5.09632105847504e-15
1.977636732362263e-05,0.05595639656,0.054,0.0,0.0,0.000697843764594448,0.8627633068771992,0.005441280810271414,0.0014584853998289087,6.429866686218948e-09,0.0623714461899059,0.0,0.0283232655096754,1.993481224790599e-07,1.4135405600740182e-10,8.806693519869697e-07,4.816830272046363e-08,5.163287955406728e-09,2.816247272383627e-09,1.2057583835314137e-06,4.340027838647982e-06,0.0007044854884049083,1.8479398851551827e-09,2.06712142897466e-07,3.894141303227211e-24,5.0966611470120174e-15
1.9880796198082592e-05,0.05595639656,0.054,0.0,0.0,0.0006959833472297605,0.8627597432679365,0.005446536815839504,0.0014597669134378973,6.47264449673947e-09,0.06236794490688532,0.0,0.02832419302167998,1.9903340746920218e-07,1.4071113270669054e-10,8.782157367221754e-07,4.8015497523239634e-08,5.155153058743907e-09,2.811139481007269e-09,1.2041250468125206e-06,4.334290729692766e-06,0.0007054348969313977,1.839309479110557e-09,2.062688130321241e-07,3.946128998643047e-24,5.096994956854821e-15
1.9985225072542553e-05,0.05595639656,0.054,0.0,0.0,0.0006941440996677142,0.8627561985658994,0.005451776313147216,0.0014610449733181304,6.515475922685452e-09,0.06236445459838694,0.0,0.028325103362033692,1.987219808766549e-07,1.4007681132651153e-10,8.757902217579531e-07,4.786454315716614e-08,5.147103201104214e-09,2.806097655547882e-09,1.202513390272783e-06,4.3286286525476565e-06,0.0007063800956813435,1.8308075489785031e-09,2.0583170803862646e-07,3.998527227685331e-24,5.097322597282054e-15
2.0089653947002513e-05,0.05595639656,0.054,0.0,0.0,0.0006923256934397742,0.8627526725069657,0.005456999499901716,0.0014623196298385933,6.5583606955540646e-09,0.062360975133091974,0.0,0.02832599682964277,1.9841379522470857e-07,1.394509348310711e-10,8.733923641971712e-07,4.7715408652955926e-08,5.13913715424059e-09,2.801120816905735e-09,1.200923086227477e-06,4.323040491318946e-06,0.0007073211174045945,1.8224316354807462e-09,2.0540072845809386e-07,4.051336956436393e-24,5.0976441752823465e-15
2.0194082821462474e-05,0.05595639656,0.054,0.0,0.0,0.0006905278067541557,0.8627491648320083,0.005462206570536682,0.0014635909324966928,6.601298548856215e-09,0.062357506381853944,0.0,0.028326873717146667,1.9810880394928636e-07,1.3883334984412134e-10,8.710217302839677e-07,4.7568063717884063e-08,5.13125371516022e-09,2.796208005260086e-09,1.199353813337504e-06,4.317525151333889e-06,0.000708257994379301,1.8141793391922461e-09,2.049757768836947e-07,4.104559146420315e-24,5.097959795612814e-15
2.0298511695922434e-05,0.05595639656,0.054,0.0,0.0,0.0006887501243268601,0.8627456752867746,0.00546739771628312,0.0014648589299375773,6.644289218087941e-09,0.062354048217651774,0.0,0.028327734311079145,1.9780696138117378e-07,1.382239065741994e-10,8.686778951696778e-07,4.742247871804818e-08,5.12345170358881e-09,2.7913582795924853e-09,1.1978052564519634e-06,4.3120815586241e-06,0.0007091907584212997,1.8060483188190331e-09,2.0455675790629864e-07,4.1581947546218264e-24,5.098269560856955e-15
2.0402940570382395e-05,0.05595639656,0.054,0.0,0.0,0.0006869923372178602,0.8627422036217711,0.005472573125238309,0.001466123669972925,6.687332440702392e-09,0.06235060051554404,0.0,0.02832857889202446,1.975082227141442e-07,1.376224587465319e-10,8.663604426872019e-07,4.727862466130504e-08,5.11572995922209e-09,2.786570717213198e-09,1.196277106450298e-06,4.306708659399707e-06,0.0007101194408932958,1.798036289585827e-09,2.0414357806516765e-07,4.212244733503466e-24,5.0985735714795004e-15
2.0507369444842356e-05,0.05595639656,0.054,0.0,0.0,0.0006852541426721165,0.8627387495921479,0.005477732982432887,0.0014673851995992235,6.73042795608234e-09,0.06234716315262445,0.0,0.028329407734768778,1.9721254398585637e-07,1.3702886342503142e-10,8.640689651274689e-07,4.71364731786073e-08,5.108087346300916e-09,2.7818444133271566e-09,1.1947690601067604e-06,4.301405419611055e-06,0.0007110440727137279,1.7901410214218411e-09,2.0373614579907173e-07,4.266710031025275e-24,5.098871925879359e-15
2.0611798319302316e-05,0.05595639656,0.054,0.0,0.0,0.0006835352439653904,0.8627353129575903,0.005482877469896162,0.0014686435650155532,6.7735755055132526e-09,0.06234373600797867,0.0,0.02833022110844705,1.9691988207254963e-07,1.364429809323254e-10,8.61803063025155e-07,4.699599650771765e-08,5.1005227522147055e-09,2.777178480600822e-09,1.1932808199475358e-06,4.296170824481287e-06,0.0007119646843654712,1.7823603374190192e-09,2.0333437139531298e-07,4.321591590663343e-24,5.0991647204427866e-15
2.0716227193762277e-05,0.05595639656,0.054,0.0,0.0,0.0006818353502547342,0.8627318934822105,0.005488006766719709,0.0014698988116408878,6.816774832156875e-09,0.06234031896264194,0.0,0.028331019276685413,1.9663019465420642e-07,1.358646748723162e-10,8.595623449555761e-07,4.6857167478935475e-08,5.093035079307255e-09,2.7725720487233136e-09,1.1918120941015972e-06,4.291003878004323e-06,0.0007128813059043899,1.7746921124515364e-09,2.0293816694528528e-07,4.3768903514256505e-24,5.099452049593492e-15
2.0820656068222238e-05,0.05595639656,0.054,0.0,0.0,0.0006801541764332957,0.8627284909344445,0.0054931210491192895,0.0014711509841309352,6.8600256810253335e-09,0.062336911899558235,0.0,0.028331802497739374,1.9634344018382275e-07,1.3529381191668074e-10,8.573464273300829e-07,4.6719959497413985e-08,5.0856232524778235e-09,2.768024264011462e-09,1.1903625961799112e-06,4.285903602555519e-06,0.0007137939669675659,1.7671342714480823e-09,2.0254744630123988e-07,4.4326072478712414e-24,5.099734005840476e-15
2.0925084942682198e-05,0.05595639656,0.054,0.0,0.0,0.0006784914429894003,0.86272510508695,0.005498220490495139,0.001472400126394522,6.903327798955741e-09,0.062333514703540156,0.0,0.028332571024627842,1.960595779028731e-07,1.3473026163661888e-10,8.551549341971595e-07,4.6584346527159015e-08,5.078286224618742e-09,2.7635342890168273e-09,1.1889320451470316e-06,4.280869038475088e-06,0.0007147026967813664,1.7596847880073044e-09,2.0216212502777086e-07,4.488743210128702e-24,5.100010679827016e-15
2.102951381714216e-05,0.05595639656,0.054,0.0,0.0,0.00067684687586991,0.8627217357165093,0.005503305261490718,0.0014736462816095515,6.946680934585285e-09,0.06233012726122998,0.0,0.0283333251052632,1.957785678145859e-07,1.341738966955213e-10,8.529874970609708e-07,4.645030308019534e-08,5.07102295742054e-09,2.7591013021181193e-09,1.1875201651780091e-06,4.275899243579847e-06,0.000715607524169423,1.7523416832724138e-09,2.0178212036133736e-07,4.545299163910565e-24,5.1002821603766256e-15
2.113394269160212e-05,0.05595639656,0.054,0.0,0.0,0.0006752202063474713,0.8627183826039341,0.005508375530049933,0.0014748894922385321,6.9900848383268055e-09,0.06232674946106177,0.0,0.028334064982577505,1.9550037061750736e-07,1.3362459267223954e-10,8.508437546964548e-07,4.6317804200597766e-08,5.063832426806075e-09,2.754724497161482e-09,1.1861266855510293e-06,4.270993292817908e-06,0.0007165084775602889,1.7451030242295214e-09,2.0140735117320246e-07,4.602276030531874e-24,5.100548534536091e-15
2.123837156606208e-05,0.05595639656,0.054,0.0,0.0,0.0006736111708915349,0.862715045533972,0.005513431461472858,0.0014761298000437,7.033539262344819e-09,0.062323381193224385,0.0,0.02833479089464503,1.9522494774215372e-07,1.330822275977204e-10,8.48723352959697e-07,4.6186825446530785e-08,5.056713649561277e-09,2.750403083102608e-09,1.1847513405341605e-06,4.26615027790797e-06,0.0007174055849949151,1.7379669224484667e-09,2.0103773792264094e-07,4.659674726928982e-24,5.100809887620721e-15
2.134280044052204e-05,0.05595639656,0.054,0.0,0.0,0.0006720195110432722,0.8627117242952161,0.005518473218470052,0.0014773672461017488,7.077043960532024e-09,0.06232002234962541,0.0,0.0283355030748012,1.9495226137300327e-07,1.325466823645135e-10,8.466259446253341e-07,4.605734288293952e-08,5.0496656499437995e-09,2.746136283627891e-09,1.183393869245464e-06,4.2613693068539005e-06,0.0007182988741340949,1.730931533272086e-09,2.0067320261913913e-07,4.717496165672345e-24,5.101066303256819e-15
2.1447229314982e-05,0.05595639656,0.054,0.0,0.0,0.0006704449732940929,0.8627084186800191,0.005523500961215538,0.00147860187081817,7.1205986884862266e-09,0.06231667282385612,0.0,0.02833620175175804,1.9468227431168143e-07,1.320178409123782e-10,8.445511892274427e-07,4.592933307038114e-08,5.042687439950221e-09,2.7419233368301777e-09,1.1820540155574724e-06,4.2566495036365865e-06,0.0007191883722656131,1.7239950540633795e-09,2.0031366879233234e-07,4.775741254984329e-24,5.101317863420086e-15
2.1551658189441962e-05,0.05595639656,0.054,0.0,0.0,0.000668887308967467,0.862705128484406,0.0055285148473983555,0.0014798337139412254,7.16420320348772e-09,0.06231333251115724,0.0,0.028336887149716234,1.9441494999179722e-07,1.314955891045327e-10,8.424987528727578e-07,4.580277304196203e-08,5.035778092580726e-09,2.73776349487745e-09,1.1807315280007587e-06,4.2519900079186335e-06,0.0007200741063111907,1.7171557230138959e-09,1.9995906144652843e-07,4.8344108987587835e-24,5.101564648477516e-15
2.1656087063901923e-05,0.05595639656,0.054,0.0,0.0,0.0006673462741041618,0.8627018535079929,0.005533515032272802,0.001481062814575562,7.207857264477073e-09,0.062310001308385564,0.0,0.028337559488474173,1.9415025264482351e-07,1.30979815073262e-10,8.404683080859948e-07,4.567764029641736e-08,5.028936714231361e-09,2.7336560236567532e-09,1.179426159624198e-06,4.247389974550106e-06,0.0007209561028334014,1.7104118187642496e-09,1.9960930702377658e-07,4.893505996572137e-24,5.101806737227041e-15
2.1760515938361883e-05,0.05595639656,0.054,0.0,0.0,0.0006658216293509567,0.8626985935539053,0.005538501668707578,0.0014822892111954707,7.251560632033342e-09,0.06230667911398146,0.0,0.028338218983533676,1.9388814709127987e-07,1.3047041066468399e-10,8.384595336905767e-07,4.555391279904503e-08,5.022162336550783e-09,2.7296002024965248e-09,1.178137667908946e-06,4.24284857328668e-06,0.0007218343880423585,1.7037616585082545e-09,1.9926433338185534e-07,4.9530274437000484e-24,5.102044206931461e-15
2.1864944812821844e-05,0.05595639656,0.054,0.0,0.0,0.0006643131398524136,0.8626953484287007,0.00554347490723358,0.0014835129416578099,7.295313068352692e-09,0.06230336582793722,0.0,0.028338865846202467,1.9362859856608264e-07,1.2996726941072827e-10,8.364721146266814e-07,4.543156895264323e-08,5.015454053013884e-09,2.725595323851631e-09,1.1768658146919713e-06,4.23836498857566e-06,0.0007227089878022382,1.6972035967541484e-09,1.98924069750255e-07,5.012976131138407e-24,5.102277133357165e-15
2.1969373687281805e-05,0.05595639656,0.054,0.0,0.0,0.0006628205751452554,0.8626921179422914,0.0055484348960903275,0.001484734043214603,7.339114337227391e-09,0.06230006135176603,0.0,0.028339500283694342,1.9337157316456286e-07,1.2947028536710609e-10,8.345057417735453e-07,4.531058757877328e-08,5.0088110994094465e-09,2.7216406929467185e-09,1.175610366023325e-06,4.233938419041378e-06,0.0007235799276376593,1.6907360255762528e-09,1.985884466916573e-07,5.073352945612662e-24,5.102505590811731e-15
2.2073802561741765e-05,0.05595639656,0.054,0.0,0.0,0.0006613437090561092,0.8626889019078718,0.005553381781271603,0.0014859525525253174,7.382964204025227e-09,0.06229676558847176,0.0,0.028340122499226295,1.9311703775284222e-07,1.2897935746301552e-10,8.325601118859174e-07,4.519094794141422e-08,5.0022325413004286e-09,2.717735627575506e-09,1.1743710920856696e-06,4.229568077210841e-06,0.0007244472327398503,1.6843573724840906e-09,1.9825739608909694e-07,5.1341587695927254e-24,5.102729652173516e-15
2.2178231436201726e-05,0.05595639656,0.054,0.0,0.0,0.0006598823196027619,0.8626857001418435,0.005558315706569978,0.0014871685056688229,7.426862435669267e-09,0.06229347844251987,0.0,0.028340732692112104,1.9286495920763987e-07,1.2849438788084116e-10,8.306349274533976e-07,4.507262972441198e-08,4.995717379955468e-09,2.7138794578085684e-09,1.1731477671429396e-06,4.225253189405667e-06,0.0007253109279729601,1.6780660989149501e-09,1.9793085110436112e-07,5.195394481316167e-24,5.1029493889271625e-15
2.2282660310661686e-05,0.05595639656,0.054,0.0,0.0,0.0006584361888968061,0.8626825124637482,0.005563236813619637,0.0014883819381550701,7.470808800618013e-09,0.06229019981980853,0.0,0.02834133105785422,1.9261530510756874e-07,1.280152752432038e-10,8.287298964388999e-07,4.495561297239514e-08,4.989265034599123e-09,2.7100715255646054e-09,1.1719401693922746e-06,4.2209929951997075e-06,0.0007261710378799908,1.6718607014286384e-09,1.9760874613470644e-07,5.257060954795844e-24,5.103164871199973e-15
2.2387089185121647e-05,0.05595639656,0.054,0.0,0.0,0.0006570051030486501,0.862679338696197,0.005568145241938596,0.0014895928849364675,7.514803068845901e-09,0.062286929627640195,0.0,0.028341917788233816,1.9236804450771935e-07,1.2754192279683013e-10,8.26844732249147e-07,4.4839878136659817e-08,4.9828747611716355e-09,2.70631118452823e-09,1.170748080881774e-06,4.216786747118095e-06,0.0007270275866881121,1.6657397092861645e-09,1.9729101681012893e-07,5.319159059832201e-24,5.103376167787422e-15
2.2491518059581608e-05,0.05595639656,0.054,0.0,0.0,0.000655588852078122,0.8626761786648051,0.0055730411289706605,0.0014908013804189656,7.55884501182415e-09,0.062283667774694934,0.0,0.028342493071396222,1.9212314607932888e-07,1.2707424422650736e-10,8.24979153755225e-07,4.472540610951763e-08,4.9765452270838994e-09,2.7025977999665905e-09,1.1695712874914652e-06,4.212633710668403e-06,0.0007278805983149848,1.6597016822713507e-09,1.9697759995623268e-07,5.3816896620394494e-24,5.103583346185259e-15
2.2595946934041568e-05,0.05595639656,0.054,0.0,0.0,0.000654187229825681,0.862673032198126,0.005577924610124965,0.0014920074584728893,7.602934402501999e-09,0.062280414171004106,0.0,0.028343057091934007,1.9188057807927172e-07,1.266121437570759e-10,8.231328848900314e-07,4.461217808719822e-08,4.97027592194322e-09,2.6989307480718835e-09,1.1684095787812754e-06,4.208533163778919e-06,0.0007287300963748276,1.6537452132760875e-09,1.9666843354232e-07,5.4446536228519466e-24,5.103786472625247e-15
2.270037580850153e-05,0.05595639656,0.054,0.0,0.0,0.000652800033861795,0.8626698991275891,0.005582795818814306,0.001493211152443496,7.647071015288217e-09,0.062277168727922855,0.0,0.02834361003097203,1.9164031167584267e-07,1.26155520823524e-10,8.213056544775387e-07,4.450017557600172e-08,4.9640668344581635e-09,2.6953094159639825e-09,1.16726274789396e-06,4.204484396411996e-06,0.0007295761041821149,1.6478689256425124e-09,1.9636345668922879e-07,5.508051799532523e-24,5.103985612097063e-15
2.280480468296149e-05,0.05595639656,0.054,0.0,0.0,0.0006514270654057497,0.8626667792874382,0.005587654886495306,0.0014944124951612547,7.691254626032976e-09,0.06227393135810527,0.0,0.028344152066246416,1.9140231848762842e-07,1.2570430334587076e-10,8.194971966458221e-07,4.438938059740326e-08,4.957916069408406e-09,2.6917332019199027e-09,1.1661305915743369e-06,4.2004867107642144e-06,0.0007304186447575432,1.642071469628801e-09,1.960626096399752e-07,5.5718850452026186e-24,5.104180828376988e-15
2.290923355742145e-05,0.05595639656,0.054,0.0,0.0,0.0006500681292490192,0.862663672514671,0.005592501942705943,0.0014956115189519086,7.735485012010067e-09,0.06227070197548188,0.0,0.028344683372176868,1.911665663240025e-07,1.2525841287634218e-10,8.177072504231874e-07,4.427977549954196e-08,4.951822312890125e-09,2.6882015142950127e-09,1.1650129100248895e-06,4.196539420735326e-06,0.0007312577408360745,1.6363515269726292e-09,1.9576583369474893e-07,5.636154208848113e-24,5.104372184063129e-15
2.301366243188141e-05,0.05595639656,0.054,0.0,0.0,0.0006487230336657112,0.8626605786489812,0.005597337115098452,0.001496808255646285,7.779761951899405e-09,0.06226748049523272,0.0,0.028345204119946933,1.9093302677509528e-07,1.2481772876941574e-10,8.159355588978121e-07,4.417134269679456e-08,4.9457874127747434e-09,2.684713771204239e-09,1.1639095067760776e-06,4.192641851373863e-06,0.0007320934148683945,1.630707808285136e-09,1.9547307122924074e-07,5.700860135321991e-24,5.1045597405938225e-15
2.3107648418895377e-05,0.05595639656,0.054,0.0,0.0,0.0006475241256129251,0.8626578050750456,0.005601678713602796,0.001497883389120822,7.819650819593226e-09,0.06226458785042112,0.0,0.028345663904651815,1.9072471440127297e-07,1.2442551978387226e-10,8.143564360489427e-07,4.407474143872177e-08,4.940404047558225e-09,2.6816119031751547e-09,1.1629284921495298e-06,4.189176001586411e-06,0.0007328426139763381,1.625692585336956e-09,1.9521296976153456e-07,5.759469596336855e-24,5.104725343058873e-15
2.3201634405909343e-05,0.05595639656,0.054,0.0,0.0,0.0006463361408747333,0.862655041714951,0.0056060108785973665,0.0014989567179641726,7.85957705841507e-09,0.0622617014787001,0.0,0.028346115393728742,1.9051815142710022e-07,1.2403743146115179e-10,8.127917155875704e-07,4.39790639865296e-08,4.935065129443222e-09,2.678544758041156e-09,1.161958747988859e-06,4.185749411979916e-06,0.0007335890751637732,1.620737176210508e-09,1.949560328200817e-07,5.818434126380547e-24,5.104887960270092e-15
2.328622179422191e-05,0.05595639656,0.054,0.0,0.0,0.0006452761842209273,0.8626525633315234,0.0056099018352605305,0.0014999211893295748,7.89554249466013e-09,0.06225910905859318,0.0,0.02834651473899505,1.9033372315083626e-07,1.2369160460166423e-10,8.113956338756331e-07,4.3893733952628105e-08,4.930299289948349e-09,2.6758136815373527e-09,1.161095501681309e-06,4.18269866096431e-06,0.000734258562371861,1.6163277166830904e-09,1.9472746225189638e-07,5.871806289503753e-24,5.105031798497362e-15
2.337080918253448e-05,0.05595639656,0.054,0.0,0.0,0.0006442248724577879,0.8626500930508422,0.005613785287409532,0.0015008842329256992,7.93153795820396e-09,0.06225652162890045,0.0,0.02834690754562863,1.9015068490027332e-07,1.2334902074275351e-10,8.100109461682039e-07,4.380913363773109e-08,4.9255691122555176e-09,2.67311011395991e-09,1.1602411758706587e-06,4.1796789935802806e-06,0.0007349258560575932,1.6119653536146981e-09,1.945013939884106e-07,5.925466991503686e-24,5.1051732835821585e-15
2.3455396570847048e-05,0.05595639656,0.054,0.0,0.0,0.0006431821115682359,0.8626476307938186,0.005617661298595489,0.0015018458645425494,7.967563334690901e-09,0.06225393914739389,0.0,0.028347293897304063,1.8996901979852916e-07,1.2300964698660397e-10,8.086375275851555e-07,4.37252548728984e-08,4.920873654490878e-09,2.67043376958221e-09,1.1593956738396654e-06,4.1766900772050214e-06,0.0007355909675060915,1.6076494646278946e-09,1.9427779979650497e-07,5.9794166715728496e-24,5.105312445567871e-15
2.353152522032836e-05,0.05595639656,0.054,0.0,0.0,0.0006422508611324166,0.8626454215581925,0.005621143398574,0.0015027101386512164,8.000011655037331e-09,0.06225161911022808,0.0,0.028347636162984573,1.898066816595338e-07,1.2270689912284124e-10,8.07410983175889e-07,4.365037377487825e-08,4.916678761963732e-09,2.668048101928858e-09,1.1586421874562323e-06,4.174026073210329e-06,0.0007361877112353204,1.6038043932061031e-09,1.9407865734581248e-07,6.0282188214715575e-24,5.10543572957844e-15
2.360765386980967e-05,0.05595639656,0.054,0.0,0.0,0.000641326395141762,0.8626432187022977,0.0056246195675590084,0.0015035732929336765,8.032484030128202e-09,0.06224930301717591,0.0,0.028347973326208115,1.8964543738052632e-07,1.224066803727305e-10,8.061933764448352e-07,4.357606396380688e-08,4.91251213016426e-09,2.6656840536133647e-09,1.1578957023558485e-06,4.171386475337577e-06,0.0007367827044727315,1.5999960285830946e-09,1.9388147633936044e-07,6.077255715660434e-24,5.105557177139732e-15
2.368378251929098e-05,0.05595639656,0.054,0.0,0.0,0.0006404086477761931,0.8626410221705962,0.005628089850379922,0.0015044353385077534,8.06498037776534e-09,0.062246990838448105,0.0,0.02834830544545661,1.8948527548784415e-07,1.2210898107683976e-10,8.049846205292732e-07,4.350232000489139e-08,4.908372156485302e-09,2.6633414247169314e-09,1.1571561506865004e-06,4.168771050098677e-06,0.0007373759552175205,1.5962239385887816e-09,1.9368623702206576e-07,6.126527670698407e-24,5.105676809253648e-15
2.375229830382416e-05,0.05595639656,0.054,0.0,0.0,0.0006395883658444399,0.862639050653871,0.00563120810892851,0.001505210240670443,8.09424751952074e-09,0.06224491319996795,0.0,0.02834860008789228,1.893420434137529e-07,1.21843149559393e-10,8.039042356994393e-07,4.34364292174981e-08,4.904671129434369e-09,2.6612512080096003e-09,1.1564964268534448e-06,4.166437644254488e-06,0.0007379083976136917,1.592859719742465e-09,1.9351216565594336e-07,6.171073667979042e-24,5.105782943081509e-15
2.382081408835734e-05,0.05595639656,0.054,0.0,0.0,0.0006387734265355158,0.8626370841757017,0.00563432166765814,0.0015059842616231996,8.123533953336645e-09,0.06224283868692117,0.0,0.02834889073301337,1.8919967349855412e-07,1.2157930713494713e-10,8.028308863882655e-07,4.337098745398046e-08,4.900991937088858e-09,2.6591780379253614e-09,1.155842216479665e-06,4.164123465017367e-06,0.0007384394407469947,1.589524230836156e-09,1.9333963721325382e-07,6.2158105492152e-24,5.105887638108171e-15
2.388932987289052e-05,0.05595639656,0.054,0.0,0.0,0.0006379637835658618,0.8626351226969291,0.005637430558304003,0.0015067574092235056,8.152839620036664e-09,0.06224076727821829,0.0,0.028349177421879503,1.8905815809624247e-07,1.2131742823324543e-10,8.017645116485181e-07,4.3305990930514934e-08,4.897334799597051e-09,2.6571217732197247e-09,1.1551934717657257e-06,4.1618283478139005e-06,0.0007389690903051085,1.5862171695861484e-09,1.9316863780893696e-07,6.2607385428248075e-24,5.105990909080064e-15
2.395099407897038e-05,0.05595639656,0.054,0.0,0.0,0.0006372395954325273,0.8626333616084818,0.005640224594668999,0.0015074525017802702,8.179231115460159e-09,0.06223890564732602,0.0,0.028349432092807107,1.8893151837461807e-07,1.2108339865532866e-10,8.008106867570196e-07,4.324787110054562e-08,4.8940621734189355e-09,2.6552854738596034e-09,1.1546142355749192e-06,4.159778905772998e-06,0.0007394445880665825,1.5832648734120687e-09,1.9301603432439647e-07,6.301337326344091e-24,5.106082647436321e-15
2.4012658285050242e-05,0.05595639656,0.054,0.0,0.0,0.0006365196272578724,0.8626316045101815,0.005643014898084255,0.0015081468988458714,8.205638098960548e-09,0.062237046498923886,0.0,0.028349683621293458,1.8880556014601392e-07,1.208509310293316e-10,7.998624172069506e-07,4.319010539497672e-08,4.890807026493392e-09,2.6534626542067847e-09,1.1540393541428234e-06,4.157744654564548e-06,0.0007399189656880873,1.5803351470930717e-09,1.9286464834185662e-07,6.342091260780821e-24,5.106173254621521e-15
2.4074322491130104e-05,0.05595639656,0.054,0.0,0.0,0.0006358038463698547,0.8626298513743177,0.005645801491086874,0.001508840605991972,8.232060527876547e-09,0.06223518981803437,0.0,0.02834993203628299,1.886802782876939e-07,1.206200073826326e-10,7.989196600453571e-07,4.313269120322042e-08,4.887569513100324e-09,2.6516532144648423e-09,1.153468793671292e-06,4.155725477768373e-06,0.0007403922272247401,1.577427778526979e-09,1.9271447006350267e-07,6.383000511117233e-24,5.106262741032296e-15
2.4135986697209965e-05,0.05595639656,0.054,0.0,0.0,0.000635092220427766,0.8626281021734382,0.005648584396030149,0.0015095336287419597,8.258498359695775e-09,0.06223333558980357,0.0,0.0283501773664151,1.8855566739494692e-07,1.2039061471670572e-10,7.979823717900804e-07,4.30756253521288e-08,4.88434946285989e-09,2.6498570562904493e-09,1.1529025206926096e-06,4.1537212600892e-06,0.0007408643767043715,1.574542558010016e-09,1.925654897910174e-07,6.424065241853184e-24,5.106351116956005e-15
2.4197650903289827e-05,0.05595639656,0.054,0.0,0.0,0.0006343847174139728,0.8626263568803451,0.005651363635084485,0.001510225972571466,8.284951552053707e-09,0.06223148379949837,0.0,0.02835041964003075,1.8843172344699432e-07,1.20162744351893e-10,7.970505092051175e-07,4.301890481446013e-08,4.881146382117476e-09,2.648074081771944e-09,1.1523405020544635e-06,4.151731887302296e-06,0.0007413354181261486,1.5716792783051934e-09,1.9241769792502444e-07,6.4652856170068156e-24,5.106438392573207e-15
2.4259315109369688e-05,0.05595639656,0.054,0.0,0.0,0.0006336813056297049,0.8626246154680922,0.005654139230239026,0.0015109176429088894,8.311420062732705e-09,0.062229634432504816,0.0,0.028350658885175038,1.883084416287249e-07,1.1993637724164168e-10,7.961240308031212e-07,4.2962527230450696e-08,4.8779605332737535e-09,2.646304193769622e-09,1.1517827049132682e-06,4.1497572462266395e-06,0.0007418053554613777,1.5688377348499723e-09,1.9227108496305783e-07,6.506661800114902e-24,5.106524577958761e-15
2.432097931544955e-05,0.05595639656,0.054,0.0,0.0,0.0006329819536959363,0.862622877909982,0.00565691120330507,0.0015116086451359,8.337903849661018e-09,0.06222778747432873,0.0,0.028350895129598912,1.8818581626328252e-07,1.1971149898146173e-10,7.952028947576943e-07,4.290648960366271e-08,4.874791897825384e-09,2.6445472971004626e-09,1.151229096746346e-06,4.147797224775014e-06,0.0007422741926552703,1.566017725350703e-09,1.9212564149812105e-07,6.548193954234541e-24,5.106609683082111e-15
2.438264352152941e-05,0.05595639656,0.054,0.0,0.0,0.0006322866305456134,0.8626211441795623,0.005659679575917093,0.0015122989845879468,8.364402870911787e-09,0.06222594291059338,0.0,0.028351128400766114,1.8806384350893622e-07,1.1948810432799436e-10,7.942870587221652e-07,4.2850788766375336e-08,4.871639766908336e-09,2.642803296636099e-09,1.150679645337887e-06,4.145851711904012e-06,0.0007427419336253279,1.5632190498043342e-09,1.9198135821841182e-07,6.589882241943911e-24,5.1066937178098416e-15
2.4444307727609272e-05,0.05595639656,0.054,0.0,0.0,0.0006315953054172465,0.8626194142506242,0.005662444369533492,0.001512988666554754,8.390917084702084e-09,0.06222410072703699,0.0,0.028351358725856396,1.8794251908038028e-07,1.1926617371454286e-10,7.933764824060777e-07,4.279542255695173e-08,4.8685044620966765e-09,2.6410720975729976e-09,1.1501343187648212e-06,4.143920597558053e-06,0.00074320858226146,1.5604415108580373e-09,1.9183822590569273e-07,6.631726825342262e-24,5.106776691907136e-15
2.4505971933689134e-05,0.05595639656,0.054,0.0,0.0,0.000630907947857647,0.8626176880971985,0.005665205605440467,0.0015136776962808088,8.417446449391952e-09,0.06222226090951374,0.0,0.02835158613176578,1.8782183700790318e-07,1.1904569017985559e-10,7.924711257391302e-07,4.2740388245676754e-08,4.865386206829371e-09,2.6393536079238604e-09,1.1495930854150317e-06,4.142003772742338e-06,0.0007436741424285992,1.5576849133175144e-09,1.916962354335234e-07,6.673727866051823e-24,5.106858615037469e-15
2.4567636139768995e-05,0.05595639656,0.054,0.0,0.0,0.0006302245277156083,0.8626159656935534,0.005667963304753454,0.0015143660789658495,8.443990923483442e-09,0.06222042344399215,0.0,0.028351810645113537,1.8770179349474957e-07,1.1882665343235843e-10,7.915709472659621e-07,4.2685682457160034e-08,4.862283969240329e-09,2.6376477354447802e-09,1.149055913977264e-06,4.140101129488581e-06,0.0007441386179651158,1.5549490640813532e-09,1.915553777669059e-07,6.715885525218708e-24,5.106939496765096e-15
2.4629300345848856e-05,0.05595639656,0.054,0.0,0.0,0.0006295450151325702,0.8626142470141912,0.005670717488416698,0.0015150538197653371,8.47055046561967e-09,0.06221858831655182,0.0,0.02835203229224654,1.8758238502249157e-07,1.1860904412673886e-10,7.906759075990734e-07,4.2631303150965266e-08,4.859198060659155e-09,2.63595438721228e-09,1.1485227734164416e-06,4.138212560757856e-06,0.0007446020126818708,1.5522337727020611e-09,1.914156439611197e-07,6.75819996351245e-24,5.107019346557101e-15
2.4690964551928718e-05,0.05595639656,0.054,0.0,0.0,0.000628869380546794,0.8626125320338458,0.005673468177207444,0.0015157409237909298,8.497125034583892e-09,0.062216755513384236,0.0,0.02835225109923792,1.8746360527483513e-07,1.1839283981617108e-10,7.897859685395208e-07,4.2577248009635864e-08,4.856129166879576e-09,2.6342734743974847e-09,1.1479936329972903e-06,4.136337960534119e-06,0.0007450643303657372,1.5495388508096269e-09,1.9127702515991763e-07,6.80067134112812e-24,5.107098173782406e-15
2.475262875800858e-05,0.05595639656,0.054,0.0,0.0,0.0006281975946897765,0.8626108207274806,0.005676215391738344,0.001516427396110948,8.523714589298568e-09,0.062214925020792546,0.0,0.02835246709189367,1.8734545019023754e-07,1.181780467016705e-10,7.889010896468522e-07,4.252351341417795e-08,4.853075829363009e-09,2.6326049079538674e-09,1.1474684622828467e-06,4.134477223823634e-06,0.0007455255747784504,1.54686411188656e-09,1.9113951259489348e-07,6.843299817787559e-24,5.107175987714052e-15
2.481429296408844e-05,0.05595639656,0.054,0.0,0.0,0.0006275296285732032,0.8626091130702852,0.0056789591524555256,0.001517113241750828,8.550319088824452e-09,0.06221309682518717,0.0,0.028352680295758836,1.872279173423163e-07,1.1796464805140487e-10,7.880212320627849e-07,4.247009729106231e-08,4.85003815086849e-09,2.630948596271241e-09,1.1469472310954957e-06,4.132630246502271e-06,0.0007459857496541188,1.5442093720934846e-09,1.9100309758462033e-07,6.886085552738291e-24,5.10725279753207e-15
2.4875957170168302e-05,0.05595639656,0.054,0.0,0.0,0.000626865453493681,0.8626074090376721,0.005681699479642684,0.001517798465693579,8.576938492359685e-09,0.0622112709130865,0.0,0.028352890736114328,1.8711100016313525e-07,1.177526113227001e-10,7.871463594984116e-07,4.241699790592416e-08,4.847017623637194e-09,2.6293044534849208e-09,1.146429909543574e-06,4.1307969254202114e-06,0.0007464448587035996,1.5415744496327273e-09,1.9086777153306817e-07,6.92902870475584e-24,5.107328612321801e-15
2.4937621376248163e-05,0.05595639656,0.054,0.0,0.0,0.0006262050410337284,0.8626057086052762,0.005684436393425329,0.0015184830728802298,8.603572759238884e-09,0.06220944727111787,0.0,0.028353098437982616,1.8699469378998998e-07,1.1754195030375338e-10,7.862764328040444e-07,4.236421142522922e-08,4.844012303271105e-09,2.6276723943802654e-09,1.1459164680356338e-06,4.128977158462706e-06,0.0007469029056144516,1.538959164263696e-09,1.9073352592869295e-07,6.972129432145427e-24,5.107403441075627e-15
2.4999285582328025e-05,0.05595639656,0.054,0.0,0.0,0.0006255483630442989,0.8626040117489503,0.005687169913767052,0.0015191670682102637,8.630221848932271e-09,0.06220762588601266,0.0,0.028353303426136567,1.8687899724263063e-07,1.1733265632258256e-10,7.854114132261758e-07,4.231173549258525e-08,4.841021649155839e-09,2.626052328015262e-09,1.1454068772233968e-06,4.127170844327056e-06,0.0007473598940463235,1.5363633384629134e-09,1.9060035234363635e-07,7.015387892740216e-24,5.107477292697107e-15
2.50547833677999e-05,0.05595639656,0.054,0.0,0.0,0.0006249605227805559,0.8626024876160134,0.005689627197054611,0.0015197821448861804,8.654218669773156e-09,0.06220598855815326,0.0,0.028353485615518318,1.8677538582974087e-07,1.1714541899642627e-10,7.846370629451271e-07,4.2264771884538115e-08,4.838345004109554e-09,2.624604454007687e-09,1.1449515137978223e-06,4.125556580778047e-06,0.0007477702816419482,1.534043588077246e-09,1.9048140579438967e-07,7.054455499236608e-24,5.107542930993282e-15
2.5110281153271774e-05,0.05595639656,0.054,0.0,0.0,0.000624375664725896,0.8626009663430088,0.005692081762031876,0.0015203967334076185,8.67822743501653e-09,0.06220435303816498,0.0,0.028353665644355007,1.8667225967610874e-07,1.1695926944275423e-10,7.838666315835323e-07,4.221805599247596e-08,4.835680317877671e-09,2.623166166203516e-09,1.144499224889118e-06,4.123953060231923e-06,0.0007481798174519659,1.5317393307526794e-09,1.9036331479263437e-07,7.093651111493835e-24,5.1076077913131235e-15
2.5160229160196464e-05,0.05595639656,0.054,0.0,0.0,0.0006238518257657303,0.8625995996283622,0.005694288558118598,0.0015209494485874907,8.69984551200792e-09,0.06220288260808766,0.0,0.02835382583754399,1.865798597376562e-07,1.167926567100105e-10,7.831765714480521e-07,4.217622209681457e-08,4.833292277239212e-09,2.6218798507157325e-09,1.144094776357728e-06,4.122519017528868e-06,0.0007485476735687471,1.5296786421563258e-09,1.9025775944511445e-07,7.129036701749327e-24,5.107665505643827e-15
2.5210177167121154e-05,0.05595639656,0.054,0.0,0.0,0.0006233303717934602,0.8625982352039464,0.005696493174203165,0.0015215017737111218,8.721473218980923e-09,0.062201413627875915,0.0,0.02835398430758014,1.864878486636222e-07,1.166268854466727e-10,7.824896456724511e-07,4.213458723241584e-08,4.830915765563025e-09,2.6206012047262215e-09,1.14369278622566e-06,4.121093566294121e-06,0.0007489148437582885,1.527630311117693e-09,1.9015288793178384e-07,7.164526152040822e-24,5.1077225994787984e-15
2.5260125174045844e-05,0.05595639656,0.054,0.0,0.0,0.0006228112884977502,0.8625968730574373,0.005698695620526572,0.0015220537112854444,8.743110534715961e-09,0.06219994609072623,0.0,0.028354141067035512,1.863962233978053e-07,1.1646199219140576e-10,7.818058344681395e-07,4.209314863173144e-08,4.828547660820122e-09,2.6193301877566292e-09,1.1432932395597622e-06,4.1196766549658386e-06,0.0007492813299111279,1.525594247470864e-09,1.9004869596742223e-07,7.200119545124895e-24,5.107779077336785e-15
2.5310073180970534e-05,0.05595639656,0.054,0.0,0.0,0.0006222945616703761,0.8625955131765983,0.00570089590726099,0.0015226052638004953,8.764757438049813e-09,0.062198479989876966,0.0,0.028354296128382486,1.8630498314872728e-07,1.1629794942864921e-10,7.811251183922585e-07,4.205190558241926e-08,4.82618935338813e-09,2.6180667514439257e-09,1.1428961215008037e-06,4.118268232213638e-06,0.0007496471339046903,1.5235703626988958e-09,1.8994517930046258e-07,7.235816963555698e-24,5.107834943701461e-15
2.5355026387202753e-05,0.05595639656,0.054,0.0,0.0,0.0006218315106510295,0.8625942912109495,0.005702874327228517,0.0015231013338828756,8.784247831001053e-09,0.0621971617215947,0.0,0.028354434241938474,1.8622319424262886e-07,1.1615101043354148e-10,7.805151056735405e-07,4.2014953910098975e-08,4.8240769478821095e-09,2.6169361048903136e-09,1.1425407795135854e-06,4.117007867345957e-06,0.000749975775796476,1.521759206717611e-09,1.8985258819243727e-07,7.268033649884678e-24,5.1078847042791575e-15
2.5399979593434972e-05,0.05595639656,0.054,0.0,0.0,0.0006213703467536601,0.8625930710618566,0.005704851013444374,0.001523597095862327,8.803745957461336e-09,0.06219584460640397,0.0,0.028354570998994955,1.8614171235626678e-07,1.1600476590372693e-10,7.799075724335179e-07,4.197815868226327e-08,4.821971531932008e-09,2.615811538530112e-09,1.142187382100832e-06,4.115754300169661e-06,0.0007503038680091476,1.5199577803534398e-09,1.8976053760581487e-07,7.300334723352776e-24,5.107933976365773e-15
2.5444932799667192e-05,0.05595639656,0.054,0.0,0.0,0.0006209110598498461,0.86259185272058,0.005706825973192386,0.0015240925515195409,8.823251802118616e-09,0.06219452863946454,0.0,0.028354706408435307,1.8606053812624084e-07,1.158592082148773e-10,7.793025031294359e-07,4.1941518488292046e-08,4.819872959417018e-09,2.6146930118372386e-09,1.141835918659366e-06,4.114507494045428e-06,0.0007506314118913057,1.5181660208781457e-09,1.8966902450952154e-07,7.332720243725891e-24,5.107982763155142e-15
2.548988600589941e-05,0.05595639656,0.054,0.0,0.0,0.0006204536398767597,0.8625906361784366,0.005708799213712969,0.0015245877026244699,8.84276534969709e-09,0.06219321381596171,0.0,0.028354840479078103,1.8597966958485782e-07,1.1571429560196394e-10,7.786998857480907e-07,4.190503379981583e-08,4.817784140778765e-09,2.6135804963599732e-09,1.141486378646879e-06,4.113267412541284e-06,0.0007509584087843984,1.5163838658481036e-09,1.8957804589419745e-07,7.365190270639552e-24,5.10803106781767e-15
2.553483921213163e-05,0.05595639656,0.054,0.0,0.0,0.0006199980768487938,0.862589421426798,0.005710770742209695,0.0015250825509364081,8.862286584957046e-09,0.06219190013110879,0.0,0.02835497321967638,1.858991030068301e-07,1.1557006080330768e-10,7.780997083379598e-07,4.1868703321321655e-08,4.815702604968354e-09,2.6124739710054846e-09,1.1411387516236253e-06,4.11203401959286e-06,0.0007512848600261193,1.5146112526389007e-09,1.8948759877143002e-07,7.397744863599945e-24,5.108078893499762e-15
2.557529709774063e-05,0.05595639656,0.054,0.0,0.0,0.0006195896496128836,0.8625883296741187,0.005712543659995995,0.0015255276569746763,8.879862257092e-09,0.06219071878435345,0.0,0.02835509155621077,1.8582685213709094e-07,1.1544082238101608e-10,7.77561621837282e-07,4.1836136190839423e-08,4.8138352201081086e-09,2.6114831829758553e-09,1.1408275143153502e-06,4.110929654951165e-06,0.0007515782007110686,1.5130240085423062e-09,1.8940664833348006e-07,7.427116350308913e-24,5.1081215296685265e-15
2.561575498334963e-05,0.05595639656,0.054,0.0,0.0,0.00061918271128186,0.8625872393585923,0.005714315202035613,0.001525972520434755,8.89744413287464e-09,0.062189538352598134,0.0,0.028355208828741374,1.8575484491203328e-07,1.1531211209750101e-10,7.770254904495057e-07,4.180369279262842e-08,4.811974619670298e-09,2.6104971958940396e-09,1.140517810577038e-06,4.109830652906356e-06,0.0007518711014603256,1.5114443991644492e-09,1.893261238512992e-07,7.456556426803699e-24,5.1081637826566215e-15
2.565621286895863e-05,0.05595639656,0.054,0.0,0.0,0.0006187772547175236,0.8625861504740429,0.005716085373495213,0.001526417142577341,8.91503220126953e-09,0.06218835883240911,0.0,0.028355325043518297,1.8568307985267596e-07,1.1518393258313912e-10,7.764913049496416e-07,4.177137217518576e-08,4.810120289333235e-09,2.6095159861848834e-09,1.140209632928723e-06,4.108736987604229e-06,0.0007521635632355849,1.5098723803303188e-09,1.8924602318916835e-07,7.48606513619228e-24,5.108205654711229e-15
2.5696670754567628e-05,0.05595639656,0.054,0.0,0.0,0.0006183732728253037,0.8625850630143296,0.0057178541795148774,0.0015268615246563338,8.93262645126451e-09,0.06218718022037035,0.0,0.028355440206751497,1.8561155625950187e-07,1.1505628086761524e-10,7.759590554175764e-07,4.173917360050732e-08,4.808272190517311e-09,2.608539531560889e-09,1.1399029739323382e-06,4.107648633333232e-06,0.0007524555869939605,1.5083079081664468e-09,1.891663442248158e-07,7.515642521497324e-24,5.108247148065121e-15
2.5737128640176627e-05,0.05595639656,0.054,0.0,0.0,0.0006179707585540606,0.8625839769733469,0.005719621625208637,0.0015273056679188806,8.950226871870584e-09,0.06218600251308264,0.0,0.02835555432461069,1.855402729859438e-07,1.1492915386563166e-10,7.754287326090731e-07,4.1707096598080404e-08,4.806430325734516e-09,2.6075678108610486e-09,1.1395978261925802e-06,4.106565564527333e-06,0.0007527471736884691,1.506750939118829e-09,1.8908708484927607e-07,7.545288625656168e-24,5.108288264936642e-15
2.5777586525785626e-05,0.05595639656,0.054,0.0,0.0,0.0006175697048966744,0.862582892345024,0.005721387715664894,0.001527749573605423,8.967833452121846e-09,0.062184825707163986,0.0,0.02835566740322527,1.8546922888792834e-07,1.1480254902385087e-10,7.749003273002003e-07,4.1675140485781005e-08,4.804594634432941e-09,2.6066008022906876e-09,1.139294182358537e-06,4.10548775577214e-06,0.0007530383242683515,1.505201429953472e-09,1.8900824296671192e-07,7.575003491520967e-24,5.1083290075296885e-15
2.5818044411394625e-05,0.05595639656,0.054,0.0,0.0,0.0006171701048892308,0.8625818091233248,0.0057231524559463705,0.001528193242949738,8.985446181075362e-09,0.06218364979924947,0.0,0.028355779448684983,1.853984229639601e-07,1.1467646325009627e-10,7.743738301440336e-07,4.1643304643402576e-08,4.802765106905267e-09,2.6056384844102027e-09,1.1389920351220683e-06,4.104415181799052e-06,0.0007533290396787681,1.503659337751956e-09,1.8892981649433608e-07,7.60478716185874e-24,5.1083693780339495e-15
2.5858502297003624e-05,0.05595639656,0.054,0.0,0.0,0.0006167719516107081,0.8625807273022473,0.005724915851090352,0.0015286366771789875,9.003065047811086e-09,0.062182474785991024,0.0,0.02835589046704022,1.85327854138485e-07,1.1455089375983765e-10,7.738492319528869e-07,4.161158849058102e-08,4.8009417128730304e-09,2.604680835967205e-09,1.1386913772177014e-06,4.103347817484985e-06,0.0007536193208609332,1.502124619908849e-09,1.8885180336231835e-07,7.634639679351484e-24,5.1084093786250105e-15
2.5898960182612624e-05,0.05595639656,0.054,0.0,0.0,0.0006163752381827497,0.8625796468758238,0.005726677906108867,0.0015290798775137563,9.020690041431769e-09,0.062181300664057367,0.0,0.028356000464302186,1.85257521344229e-07,1.1442583775652405e-10,7.733265236088463e-07,4.1579991409014005e-08,4.7991244220436855e-09,2.603727835748578e-09,1.1383922014225409e-06,4.102285637852129e-06,0.000753909168752178,1.500597234129065e-09,1.8877420151367957e-07,7.66456108659628e-24,5.108449011464412e-15
2.5939418068221623e-05,0.05595639656,0.054,0.0,0.0,0.0006159799577692737,0.8625785678381205,0.005728438625988818,0.0015295228451681015,9.038321151062863e-09,0.06218012743013391,0.0,0.028356109446443293,1.8518742354761601e-07,1.1430129240060572e-10,7.728056960127742e-07,4.1548512798429456e-08,4.797313210244965e-09,2.6027794627006984e-09,1.1380945005557668e-06,4.1012286180661965e-06,0.0007541985842859144,1.4990771384249849e-09,1.8869700890418617e-07,7.694551426105378e-24,5.1084882786997874e-15
2.6020333839439618e-05,0.05595639656,0.054,0.0,0.0,0.0006151936688509803,0.8625764139053065,0.005731956080156088,0.0015304080872593452,9.073601674971068e-09,0.062177783613141885,0.0,0.028356324389060446,1.85047928769485e-07,1.1405372256865078e-10,7.717696470136607e-07,4.148590861711122e-08,4.793708912210302e-09,2.6008965145253702e-09,1.1375034950929638e-06,4.099129959410655e-06,0.0007547761219951986,1.4960586508145763e-09,1.8854384328885834e-07,7.754739071541868e-24,5.1085657248801406e-15
2.6101249610657613e-05,0.05595639656,0.054,0.0,0.0,0.0006144130310007728,0.8625742654570007,0.0057354682529913575,0.0015312924130361804,9.108906532989886e-09,0.06217544330882771,0.0,0.02835653534190641,1.8490936154253044e-07,1.138081622361217e-10,7.707410133795918e-07,4.142377123728052e-08,4.790128604878699e-09,2.599031825492596e-09,1.1369183042137657e-06,4.0970516456798455e-06,0.0007553519413791056,1.4930688272231322e-09,1.8839229041369878e-07,7.815202954065893e-24,5.108641734073108e-15
2.6182165381875608e-05,0.05595639656,0.054,0.0,0.0,0.0006136379910197821,0.8625721224469256,0.00573897518350236,0.001532175831980301,9.144235638930898e-09,0.06217310649126404,0.0,0.028356742351394147,1.84771713692641e-07,1.1356458966129957e-10,7.697197244604867e-07,4.136209598183436e-08,4.786572077128126e-09,2.5971852315694526e-09,1.1363388719572149e-06,4.094993483269341e-06,0.0007559260497671661,1.490107342543827e-09,1.8824233437381252e-07,7.875943410731083e-24,5.108716322970009e-15
2.6263081153093603e-05,0.05595639656,0.054,0.0,0.0,0.000612868496355358,0.8625699848293211,0.005742476910310368,0.0015330583534729663,9.179588906960222e-09,0.06217077313478029,0.0,0.02835694546334422,1.8463497714893153e-07,1.1332298342487974e-10,7.687057104396447e-07,4.1300878256362755e-08,4.783039119614607e-09,2.5953565706850667e-09,1.1357651430073475e-06,4.09295528077656e-06,0.0007564984544288141,1.4871738763336603e-09,1.8809395945897393e-07,7.936960777242787e-24,5.108789508049804e-15
2.6343996924311598e-05,0.05595639656,0.054,0.0,0.0,0.0006121044950912989,0.8625678525589385,0.005745973471655153,0.0015339399867963042,9.214966251595673e-09,0.062168443213959236,0.0,0.028357144722993905,1.8449914393013014e-07,1.1308332238552297e-10,7.67698902361568e-07,4.124011352014874e-08,4.779529526474154e-09,2.593545682657173e-09,1.1351970626838843e-06,4.09093684896946e-06,0.0007570691625741456,1.4842681127317207e-09,1.8794715015064197e-07,7.998255387961006e-24,5.108861305582339e-15
2.6424912695529593e-05,0.05595639656,0.054,0.0,0.0,0.0006113459359382405,0.8625657255910334,0.005749464905399859,0.0015348207411346008,9.250367587703962e-09,0.06216611670363384,0.0,0.028357340175006122,1.843642061434284e-07,1.1284558570169921e-10,7.666992321223864e-07,4.1179797288117596e-08,4.776043093429946e-09,2.591752409173283e-09,1.1346345769330131e-06,4.088938000755489e-06,0.000757638181354637,1.4813897403790308e-09,1.8780189111903865e-07,8.059827575903354e-24,5.10893173163152e-15
2.6586744237965583e-05,0.05595639656,0.054,0.0,0.0,0.0006098449418858543,0.8625614873861496,0.005756432539686917,0.0015365796491115253,9.321241895533942e-09,0.06216147381503374,0.0,0.028357719831950734,1.8409698574949658e-07,1.1237580345161178e-10,7.647210368614233e-07,4.10604926899335e-08,4.769138902947456e-09,2.588218081789095e-09,1.1335261760128536e-06,4.084998317254993e-06,0.0007587711791380995,1.4757139460280748e-09,1.8751596349364082e-07,8.183806008836694e-24,5.1090685325246754e-15
2.6748575780401573e-05,0.05595639656,0.054,0.0,0.0,0.0006083651160659702,0.8625572698665159,0.005763380108724188,0.0015383351489687532,9.392211156257723e-09,0.06215684427252723,0.0,0.02835808478032602,1.83833254603938e-07,1.1191347555808363e-10,7.62770596165211e-07,4.094292972436147e-08,4.762324961453816e-09,2.5847523584396482e-09,1.1324395200065918e-06,4.081134775182746e-06,0.0007598975038452399,1.4701440895044347e-09,1.8723605761159208e-07,8.30889871344729e-24,5.109200035240502e-15
2.6910407322837563e-05,0.05595639656,0.054,0.0,0.0,0.0006069060697889285,0.8625530726915929,0.005770307902337421,0.0015400873107848058,9.463274701091705e-09,0.06215222788346567,0.0,0.02835843535763886,1.8357295271412017e-07,1.1145844525621168e-10,7.608473942261965e-07,4.08270745274982e-08,4.755599717514059e-09,2.5813540372607453e-09,1.1313741981343503e-06,4.077345951781622e-06,0.0007610172106485223,1.4646778341977875e-09,1.8696205734251487e-07,8.435108305847651e-24,5.109326361191317e-15
2.7072238865273553e-05,0.05595639656,0.054,0.0,0.0,0.0006054674235295378,0.8625488955282445,0.005777216204768197,0.0015418362031893536,9.534431866577407e-09,0.062147624458909534,0.0,0.028358771893014455,1.8331602142107723e-07,1.1101055998517107e-10,7.589509275506408e-07,4.071289408201978e-08,4.748961654294376e-09,2.57802194380574e-09,1.1303298088099663e-06,4.073630455730846e-06,0.0007621303538480831,1.4593129083741547e-09,1.8669384931209921e-07,8.562437380950428e-24,5.109447628783153e-15
2.7234070407709543e-05,0.05595639656,0.054,0.0,0.0,0.0006040488066589863,0.8625447380505337,0.0057841052948121975,0.0015435818933996518,9.605681994499775e-09,0.06214303381353693,0.0,0.028359094707446353,1.8306240336057209e-07,1.1056967125360706e-10,7.570807045874474e-07,4.0600356191743954e-08,4.74240928836559e-09,2.5747549302634226e-09,1.1293059593833674e-06,4.069986926277194e-06,0.0007632369868923528,1.4540471029799687e-09,1.8643132282039875e-07,8.690888512559364e-24,5.109563953505101e-15
2.7395901950145533e-05,0.05595639656,0.054,0.0,0.0,0.0006026498571858001,0.8625405999395259,0.005790975445953333,0.0015453244472558685,9.677024431807339e-09,0.06213845576555434,0.0,0.028359404114037857,1.8281204242829136e-07,1.1013563450517748e-10,7.552362453782558e-07,4.048942945564469e-08,4.735941168872239e-09,2.5715518747001785e-09,1.1283022658916882e-06,4.066414032395365e-06,0.0007643371623981071,1.4488782695300098e-09,1.861743697629202e-07,8.82046425345974e-24,5.1096754480155406e-15
2.7557733492581523e-05,0.05595639656,0.054,0.0,0.0,0.0006012702215055521,0.862536480883097,0.005797826926493937,0.0015470639292553502,9.748458530534192e-09,0.06213389013661029,0.0,0.028359700418235146,1.8256488374482664e-07,1.0970830899074293e-10,7.534170812185179e-07,4.038008324379488e-08,4.729555876662907e-09,2.568411680327784e-09,1.1273183528178282e-06,4.062910471972818e-06,0.0007654309321699642,1.4438043180784956e-09,1.8592288455434655e-07,8.951167135507487e-24,5.109782222225444e-15
2.7719565035017513e-05,0.05595639656,0.054,0.0,0.0,0.000599909554159287,0.8625323805757493,0.005804659999680955,0.001548800402585815,9.819983647723834e-09,0.06212933675171158,0.0,0.02835998391805221,1.82320873621606e-07,1.0928755764633128e-10,7.516227543287743e-07,4.027228767383992e-08,4.7232520233493446e-09,2.565333274795887e-09,1.1263538528575175e-06,4.059474971023093e-06,0.000766518347219326,1.4388232152696567e-09,1.8567676405497796e-07,9.082999669717818e-24,5.1098843833787955e-15
2.7881396577453503e-05,0.05595639656,0.054,0.0,0.0,0.0005985675176004263,0.8625282987184332,0.005811474923828274,0.001550533929157506,9.891599145354774e-09,0.062124795439142046,0.0,0.028360254904287712,1.8207995952880223e-07,1.0887324697450973e-10,7.498528175386543e-07,4.0166013588378637e-08,4.717028250509773e-09,2.5623156095091216e-09,1.125408406694406e-06,4.0561062829258796e-06,0.0007675994577827777,1.4339329824655202e-09,1.8543590749981993e-07,9.215964346353046e-24,5.109982036130068e-15
2.8043228119889493e-05,0.05595639656,0.054,0.0,0.0,0.0005972437819697018,0.862524235018374,0.005818271952435342,0.0015522645696343527,9.963304390267911e-09,0.06212026603038386,0.0,0.02836051366073432,1.8184209006377928e-07,1.084652469308508e-10,7.481068339817884e-07,4.006123253321236e-08,4.710883228873177e-09,2.5593576589673536e-09,1.1244816627826883e-06,4.0528031876922396e-06,0.0007686743133399647,1.4291316939470384e-09,1.8520021643016074e-07,9.350063635009699e-24,5.110075282619098e-15
2.8205059662325483e-05,0.05595639656,0.054,0.0,0.0,0.0005959380248776874,0.8625201891889065,0.005825051334302303,0.0015539923834641941,1.0035098754095538e-08,0.06211574836004105,0.0,0.028360760464380835,1.816072149205706e-07,1.0806343081481133e-10,7.463843768009067e-07,3.9957916736311275e-08,4.704815657512529e-09,2.5564584201275964e-09,1.1235732771368465e-06,4.049564491253538e-06,0.000769742962630976,1.4244174751841279e-09,1.8496959462747902e-07,9.485299984704887e-24,5.1101642225433375e-15
2.8366891204761473e-05,0.05595639656,0.054,0.0,0.0,0.0005946499311946367,0.8625161609493105,0.005831813313641717,0.001555717428908095,1.0106981613191997e-08,0.06211124226576536,0.0,0.028360995585607413,1.813752848606317e-07,1.076676751641908e-10,7.446850288631013e-07,3.9856039087556034e-08,4.698824263105414e-09,2.5536169117869382e-09,1.1226829131282074e-06,4.046389024773126e-06,0.0007708054536732481,1.4197885011719092e-09,1.8474394804960185e-07,9.621675823962008e-24,5.11024895322768e-15
2.8528722747197463e-05,0.05595639656,0.054,0.0,0.0,0.0005933791928473987,0.8625121500246578,0.005838558130187007,0.0015574397630687775,1.017895234856588e-08,0.062106747588184234,0.0,0.028361219288374158,1.8114625168429082e-07,1.072778596538527e-10,7.430083824847755e-07,3.975557311919671e-08,4.692907799191145e-09,2.550832173985859e-09,1.1218102412881758e-06,4.04327564398029e-06,0.0007718618337780003,1.4152429948305452e-09,1.8452318476905125e-07,9.759193560895742e-24,5.110329569691905e-15
2.8690554289633453e-05,0.05595639656,0.054,0.0,0.0,0.0005921255086231612,0.8625081561456583,0.005845286019297702,0.0015591594419182037,1.0251010345813805e-08,0.062102264170830965,0.0,0.028361431830403235,1.8092006820316852e-07,1.0689386699818998e-10,7.413540391658884e-07,3.965649298698838e-08,4.6870650454517235e-09,2.548103267431185e-09,1.1209549391179077e-06,4.040223228525746e-06,0.0007729121495662182,1.4107792254660438e-09,1.843072149134951e-07,9.897855583296438e-24,5.1104061647158366e-15
2.8852385832069444e-05,0.05595639656,0.054,0.0,0.0,0.0005908885839797246,0.8625041790485151,0.005851997212061625,0.001560876520324335,1.032315499505569e-08,0.062097791860076856,0.0,0.02836163346335485,1.806966882136075e-07,1.065155828569628e-10,7.397216093331761e-07,3.955877345199904e-08,4.681294807033877e-09,2.545429272937905e-09,1.1201166909041467e-06,4.0372306813577375e-06,0.0007739564469841991,1.4063955072891996e-09,1.840959506082135e-07,1.0037664258713933e-23,5.110478828902293e-15
2.9014217374505434e-05,0.05595639656,0.054,0.0,0.0,0.0005896681308620443,0.862500218474781,0.005858691935394116,0.0015625910520771075,1.0395385690871437e-08,0.06209333050506532,0.0,0.028361824432997344,1.8047606647080723e-07,1.0614289574477429e-10,7.381107120919382e-07,3.946238986304753e-08,4.6755959138759525e-09,2.5428092908890547e-09,1.119295187540965e-06,4.034296928117866e-06,0.0007749947713186745,1.4020901979900608e-09,1.8388930592049467e-07,1.0178621934540631e-23,5.1105476507379555e-15
2.9176048916941424e-05,0.05595639656,0.054,0.0,0.0,0.000588463867524796,0.862496274171223,0.005865370412134416,0.0015643030899136435,1.0467701832239087e-08,0.06208887995764788,0.0,0.028362004979371545,1.802581586638172e-07,1.0577569694378592e-10,7.365209749860514e-07,3.936731813974298e-08,4.6699672200593905e-09,2.540242440712945e-09,1.1184901263571878e-06,4.03142091655594e-06,0.0007760271672115245,1.3978616973655645e-09,1.8368719680588487e-07,1.0320730938094147e-23,5.1106127166521926e-15
2.9337880459377414e-05,0.05595639656,0.054,0.0,0.0,0.000587275518360752,0.862492345889687,0.00587203286113928,0.001566012685542728,1.0540102822474329e-08,0.06208444007232202,0.0,0.02836217533694976,1.8004292139138335e-07,1.0541388041948153e-10,7.349520337659367e-07,3.927353475611397e-08,4.66440760318955e-09,2.5377278603772006e-09,1.1177012109493025e-06,4.028601615963188e-06,0.0007770536786740931,1.3937084459981298e-09,1.834895410562254e-07,1.0463993576699344e-23,5.1106741110739504e-15
2.9499712001813404e-05,0.05595639656,0.054,0.0,0.0,0.0005861028137347461,0.8624884333869706,0.0058786794973739375,0.0015677198896685762,1.061258806917132e-08,0.062080010706170856,0.0,0.02836233573478941,1.7983031213846486e-07,1.0505734273959072e-10,7.334035321641606e-07,3.9181016724796594e-08,4.65891596378505e-09,2.535264705898956e-09,1.1169281510196643e-06,4.025838016623206e-06,0.0007780743491011245,1.3896289239830784e-09,1.8329625824941072e-07,1.0608412137769764e-23,5.1107319164867675e-15
2.9661543544249394e-05,0.05595639656,0.054,0.0,0.0,0.0005849454898230126,0.8624845364246975,0.005885310532000464,0.0015694247520139182,1.0685156984144857e-08,0.062075591718804356,0.0,0.028362486396681697,1.7962028925351458e-07,1.047059829958592e-10,7.318751216783675e-07,3.908974158175761e-08,4.653491224689817e-09,2.532852150870562e-09,1.1161706622197795e-06,4.023129129279938e-06,0.0007790892212843207,1.3856216497027565e-09,1.831072697007978e-07,1.0753988888888637e-23,5.110786213481996e-15
2.9823375086685384e-05,0.05595639656,0.054,0.0,0.0,0.0005838032884576953,0.8624806547691957,0.0058919261724636835,0.0015711273213424159,1.0757808983373802e-08,0.06207118297230239,0.0,0.028362627541295347,1.7941281192650332e-07,1.0435970272853853e-10,7.303664613612787e-07,3.899968737153772e-08,4.648132330508407e-09,2.530489386000287e-09,1.1154284659984987e-06,4.02047398462208e-06,0.0007800983374255432,1.3816851786454353e-09,1.8292249841620563e-07,1.090072607788934e-23,5.110837080810258e-15
2.9985206629121374e-05,0.05595639656,0.054,0.0,0.0,0.0005826759569763329,0.8624767881913805,0.005898526622574651,0.0015728276454804492,1.0830543486945716e-08,0.06206678433115921,0.0,0.028362759382315725,1.7920784016756024e-07,1.0401840585363567e-10,7.288772176174804e-07,3.8910832632990246e-08,4.642838247050882e-09,2.5281756186674147e-09,1.1147012894549145e-06,4.017871632783301e-06,0.0007811017391496652,1.377818102267046e-09,1.827418690464418e-07,1.104862593293535e-23,5.1108845954312875e-15
3.0147038171557364e-05,0.05595639656,0.054,0.0,0.0,0.0005815632480761383,0.862472936466641,0.005905112082591828,0.0015745257713382825,1.0903359919002738e-08,0.06206239566222963,0.0,0.0283628821285794,1.7900533478629264e-07,1.0368199859267479e-10,7.274070640067474e-07,3.8823156385495024e-08,4.637607960798176e-09,2.5259100724912316e-09,1.1139888651958181e-06,4.015321142857739e-06,0.0007820994675170837,1.374019046894072e-09,1.825653078433024e-07,1.1197690662599789e-23,5.110928832562114e-15
3.0308869713993354e-05,0.05595639656,0.054,0.0,0.0,0.0005804649196728956,0.862469099374729,0.005911682749300004,0.0015762217449306324,1.0976257707688602e-08,0.0620580168346766,0.0,0.028362995984204466,1.78805257371766e-07,1.0335038940487438e-10,7.259556810536661e-07,3.8736638115633505e-08,4.632440478387028e-09,2.5236919869134156e-09,1.1132909311975355e-06,4.012821602430205e-06,0.000783091563035905,1.3702866726658001e-09,1.823927426169867e-07,1.134792245594444e-23,5.1109698657237415e-15
3.0470701256429344e-05,0.05595639656,0.054,0.0,0.0,0.0005793807347643006,0.8624652766996524,0.0059182388160870505,0.0015779156113966642,1.104923628509681e-08,0.06205364771992017,0.0,0.028363101148716582,1.786075702730432e-07,1.0302348892175492e-10,7.245227560633165e-07,3.8651257764304085e-08,4.627334826104377e-09,2.521520616793316e-09,1.1126072306719907e-06,4.010372117120584e-06,0.0007840780656738106,1.3666196725144049e-09,1.8222410269487748e-07,1.1499323482598394e-23,5.111007766786325e-15
3.063253279886534e-05,0.05595639656,0.054,0.0,0.0,0.000578310461297588,0.8624614682295707,0.005924780473018566,0.00157960741501943,1.1122295087219922e-08,0.06204928819158804,0.0,0.0283631978171711,1.784122365803312e-07,1.0270120988396665e-10,7.231079829427899e-07,3.856699571426015e-08,4.622290049400174e-09,2.519395232015678e-09,1.1119375119368503e-06,4.007971810141956e-06,0.0007850590148696181,1.3630167711812453e-09,1.820593188816345e-07,1.165189589283625e-23,5.1110426060128886e-15
3.079436434130133e-05,0.05595639656,0.054,0.0,0.0,0.0005772538720412836,0.8624576737566947,0.005931307906910498,0.00158129719924477,1.1195433553899899e-08,0.06204493812546722,0.0,0.02836328618027125,1.782192201067171e-07,1.0238346708025897e-10,7.217110620283268e-07,3.848383277805771e-08,4.617305212417263e-09,2.5173151171103594e-09,1.111281528289591e-06,4.00561982187189e-06,0.0007860344495445378,1.3594767242679374e-09,1.8189832342055174e-07,1.1805641817655859e-23,5.111074452101716e-15
3.095619588373732e-05,0.05595639656,0.054,0.0,0.0,0.0005762107444609345,0.8624538930771881,0.005937821301399798,0.0015829850066996906,1.1268651128779532e-08,0.06204059739945721,0.0,0.028363366424482627,1.7802848537040975e-07,1.0207017728860082e-10,7.203316999178748e-07,3.8401750186395035e-08,4.612379397529995e-09,2.5152795708836133e-09,1.1106390378853583e-06,4.003315309436499e-06,0.0007870044081131453,1.3559983173207848e-09,1.8174104995613342e-07,1.196056336885579e-23,5.1111033722273716e-15
3.111802742617331e-05,0.05595639656,0.054,0.0,0.0,0.0005751808605986748,0.8624501259910733,0.0059443208370131735,0.001584670879210244,1.1341947259254886e-08,0.06203626589352428,0.0,0.028363438732144145,1.778399975775245e-07,1.0176125921926537e-10,7.189696093088592e-07,3.832072957682871e-08,4.607511704899489e-09,2.513287906060532e-09,1.1100098036184849e-06,4.001057446306813e-06,0.0007879689284940677,1.3525803649472126e-09,1.815874334978435e-07,1.21166626391123e-23,5.1111294320804494e-15
3.12798589686093e-05,0.05595639656,0.054,0.0,0.0,0.0005741640069564886,0.8624463723021387,0.005950806691234,0.0015863548578189202,1.1415321396428742e-08,0.06203194348965704,0.0,0.0283635032815754,1.776537226053991e-07,1.0145663345981614e-10,7.176245088409905e-07,3.824075298285472e-08,4.602701252044151e-09,2.511339448938258e-09,1.1093935930075414e-06,3.998845421907019e-06,0.000788928048120399,1.3492217099629719e-09,1.8143741038498846e-07,1.2273941702056042e-23,5.111152695906082e-15
3.144169051104529e-05,0.05595639656,0.054,0.0,0.0,0.0005731599743830369,0.8624426318178492,0.005957279038567448,0.0015880369828015664,1.1488772995065007e-08,0.062027630071823214,0.0,0.028363560247180855,1.7746962698636424e-07,1.0115622242200159e-10,7.16296122943915e-07,3.816180282333877e-08,4.597947173417902e-09,2.5094335390495684e-09,1.1087901780837822e-06,3.9966784412341625e-06,0.0007898818039498518,1.3459212225688054e-09,1.8129091825268724e-07,1.2432402612348307e-23,5.111173226541296e-15
3.160352205348128e-05,0.05595639656,0.054,0.0,0.0,0.0005721685579639252,0.862438904349259,0.0059637380506038845,0.0015897172936838553,1.156230151354408e-08,0.0620233255259275,0.0,0.02836360979955068,1.7728767789199987e-07,1.0085995029039398e-10,7.149841816895444e-07,3.808386189228294e-08,4.5932486200034995e-09,2.5075695288365085e-09,1.1081993352828949e-06,3.994555724488959e-06,0.0007908302324746489,1.3426777995555177e-09,1.8114789599889605e-07,1.2592047405757011e-23,5.111191085451144e-15
3.176535359591727e-05,0.05595639656,0.054,0.0,0.0,0.0005711895569152878,0.8624351897109283,0.005970183896080605,0.0015913958292573097,1.163590641381917e-08,0.062019029739770616,0.0,0.028363652105558572,1.7710784311787526e-07,1.0056774297271253e-10,7.136884206488928e-07,3.8006913348917573e-08,4.588604758919847e-09,2.5057467833336893e-09,1.1076208453399085e-06,3.992476506717254e-06,0.0007917733697311676,1.3394903635361887e-09,1.8100828375244385e-07,1.275287809923239e-23,5.111206332763805e-15
3.192718513835326e-05,0.05595639656,0.054,0.0,0.0,0.0005702227744805715,0.8624314877208398,0.005976616740941952,0.001593072627594901,1.1709587161373452e-08,0.06201474260300933,0.0,0.02836368732845658,1.769300910686941e-07,1.0027952805184976e-10,7.124085807532615e-07,3.793094070810568e-08,4.584014773035759e-09,2.5039646798609264e-09,1.107054493187177e-06,3.99044003746186e-06,0.0007927112513093416,1.3363578622046348e-09,1.808720228420469e-07,1.2914896690982259e-23,5.1112190273045945e-15
3.208901668078925e-05,0.05595639656,0.054,0.0,0.0,0.0005692680178304104,0.8624277982003202,0.005983036748397859,0.0015947477260662391,1.1783343225178176e-08,0.0620104640071176,0.0,0.028363715627967002,1.7675439074387586e-07,9.999523473944753e-11,7.111444081596189e-07,3.785592783104743e-08,4.579477860597466e-09,2.5022226077249133e-09,1.106500067855318e-06,3.988445580424352e-06,0.0007936439123618251,1.3332792676189135e-09,1.8073905576626516e-07,1.3078105160547044e-23,5.111229226628905e-15
3.225084822322524e-05,0.05595639656,0.054,0.0,0.0,0.0005683250979654816,0.8624241209739628,0.005989444078980871,0.0015964211613523575,1.1857174077651584e-08,0.06200619384534873,0.0,0.028363737160371546,1.7658071172358027e-07,9.971479383096484e-11,7.098956541200296e-07,3.778185891627585e-08,4.57499323486929e-09,2.5005199679295955e-09,1.1059573623770163e-06,3.986492413136533e-06,0.0007945713876129324,1.330253575509068e-09,1.8060932616436975e-07,1.324250546887457e-23,5.111236987054212e-15
3.241267976566123e-05,0.05595639656,0.054,0.0,0.0,0.0005673938296222388,0.8624204558695511,0.005995838890601712,0.001598092969460116,1.1931079194618674e-08,0.062001932012698414,0.0,0.028363752078597784,1.7640902415509182e-07,9.943813766227299e-11,7.086620748549903e-07,3.7708718490932123e-08,4.570560123779355e-09,2.498856172894984e-09,1.1054261736935862e-06,3.984579826641211e-06,0.0007954937113673529,1.3272798046080436e-09,1.8048277878808753e-07,1.3408099558394423e-23,5.111242363691078e-15
3.257451130809722e-05,0.05595639656,0.054,0.0,0.0,0.0005664740311814245,0.8624168027179873,0.006002221338603406,0.0015997631857362267,1.2005058055271802e-08,0.0619976784058688,0.0,0.02836376053230303,1.762392987395959e-07,9.916520006762885e-11,7.074434314305317e-07,3.763649140230937e-08,4.566177769577798e-09,2.4972306461840776e-09,1.1049063025642e-06,3.98270712518199e-06,0.00079641091751865,1.3243569960049565e-09,1.8035935947419116e-07,1.3574889353092203e-23,5.111245410473255e-15
3.273634285053321e-05,0.05595639656,0.054,0.0,0.0,0.000565565524579269,0.8624131613532197,0.0060085915758140256,0.0016014318448809167,1.207911014213204e-08,0.06199343292323347,0.0,0.028363762667955705,1.7607150671936232e-07,9.889591633896805e-11,7.06239489638967e-07,3.7565162809657345e-08,4.561845428507797e-09,2.4956428222376654e-09,1.1043975534777108e-06,3.980873625901799e-06,0.0007973230395575525,1.321484212519853e-09,1.8023901511790953e-07,1.3742876758583397e-23,5.11124618018687e-15
3.28981743929692e-05,0.05595639656,0.054,0.0,0.0,0.0005646681352212783,0.8624095316121754,0.006014949752598094,0.001603098980961242,1.2153234941011345e-08,0.06198919546480333,0.0,0.028363758628914305,1.759056198652512e-07,9.863022318657385e-11,7.050500198831528e-07,3.74947181762381e-08,4.557562370480055e-09,2.4940921461167124e-09,1.1038997345669503e-06,3.97907865854983e-06,0.0007982301105800421,1.318660538099091e-09,1.801216936471252e-07,1.3912063662187092e-23,5.111244724498794e-15
3.306000593540519e-05,0.05595639656,0.054,0.0,0.0,0.0005637816918985303,0.8624059133346912,0.0060212960169067015,0.0016047646274240572,1.2227431940975473e-08,0.06198496593219324,0.0,0.028363748555504036,1.75741610464566e-07,9.836805870097686e-11,7.038747970641426e-07,3.7425143261622e-08,4.553327878758563e-09,2.4925780732521052e-09,1.1034126575254583e-06,3.9773215651966415e-06,0.0007991321632952411,1.315885077230678e-09,1.800073439973368e-07,1.408245193299936e-23,5.111241093984098e-15
3.322183747784118e-05,0.05595639656,0.054,0.0,0.0,0.0005629060267063863,0.8624023063634494,0.006027630514326335,0.0016064288171086592,1.2301700634307609e-08,0.061980744228589686,0.0,0.028363732585091173,1.755794513092858e-07,9.810936231601463e-11,7.027136004721204e-07,3.7356424114217843e-08,4.549141249659346e-09,2.491100069201468e-09,1.1029361375265254e-06,3.975601699957131e-06,0.0008000292300331104,1.3131569543786205e-09,1.798959160873531e-07,1.4254043421966442e-23,5.1112353381527945e-15
3.338366902027717e-05,0.05595639656,0.054,0.0,0.0,0.0005620409749655459,0.8623987105439145,0.006033953388126519,0.0016080915822591073,1.237604051647276e-08,0.061976530258719,0.0,0.028363710852155263,1.754191156845873e-07,9.785407477314085e-11,7.015662136805044e-07,3.7288547064028744e-08,4.545001792250932e-09,2.4896576094128765e-09,1.1024699931445037e-06,3.973918428721169e-06,0.0008009213427519588,1.3104753134358293e-09,1.7978736079570286e-07,1.4426839961957782e-23,5.111227505475731e-15
3.354550056271316e-05,0.05595639656,0.054,0.0,0.0,0.0005611863751453592,0.8623951257242706,0.006040264779306238,0.0016097529545362338,1.2450451086082804e-08,0.06197232392881668,0.0,0.028363683488359256,1.752605773576687e-07,9.76021380868362e-11,7.004324244431068e-07,3.722149871562365e-08,4.5409088280647276e-09,2.4882501789951914e-09,1.102014046278295e-06,3.972271128891584e-06,0.000801808533045772,1.3078393171945996e-09,1.7968162993772832e-07,1.4600843367838716e-23,5.1112176434097715e-15
3.370733210514915e-05,0.05595639656,0.054,0.0,0.0,0.0005603420687893257,0.8623915517553616,0.006046564826639227,0.0016114129650293592,1.2524931844862266e-08,0.06196812514659719,0.0,0.02836365062261756,1.7510381056693406e-07,9.735349551103302e-11,6.993120245942556e-07,3.7155265941319056e-08,4.5368616908192424e-09,2.4868772724948185e-09,1.1015681220769472e-06,3.970659189129318e-06,0.0008026908321513638,1.3052481468343112e-09,1.79578676243344e-07,1.477605543654307e-23,5.111205798422237e-15
3.386916364758514e-05,0.05595639656,0.054,0.0,0.0,0.0005595079004427037,0.862387988490633,0.006052853666718144,0.0016130716442677067,1.2599482297614726e-08,0.06196393382122466,0.0,0.028363612381162154,1.749487900114366e-07,9.710809150667872e-11,6.982048099517714e-07,3.708983587456421e-08,4.532859726144134e-09,2.4855383936786746e-09,1.101132048867295e-06,3.9690820091054735e-06,0.0008035682709553549,1.3027010014254185e-09,1.7947845333543544e-07,1.495247794714545e-23,5.111192016014644e-15
3.403099519002113e-05,0.05595639656,0.054,0.0,0.0,0.000558683717582167,0.8623844357860747,0.0060591314339976535,0.0016147290222315411,1.2674101952189908e-08,0.061959749863284265,0.0,0.028363568887606834,1.7479549084057996e-07,9.686587171029794e-11,6.971105802227142e-07,3.7025195903520134e-08,4.528902291312343e-09,2.484233055323191e-09,1.1007056580835747e-06,3.967538999260084e-06,0.0008044408800009875,1.300197097449392e-09,1.793809157088787e-07,1.5130112660933468e-23,5.111176340745777e-15
3.419282673245712e-05,0.05595639656,0.054,0.0,0.0,0.0005578693705474329,0.8623808935001651,0.006065398260836456,0.0016163851283630317,1.2748790319451392e-08,0.061955573184754295,0.0,0.028363520263009555,1.7464388864416525e-07,9.662678290342327e-11,6.960291389117931e-07,3.6961333664827425e-08,4.524988754987924e-09,2.4829607790090943e-09,1.1002887841989588e-06,3.966029580567351e-06,0.0008053086894947731,1.2977356683338356e-09,1.7928601871015988e-07,1.5308961321479646e-23,5.111158816254086e-15
3.435465827489311e-05,0.05595639656,0.054,0.0,0.0,0.0005570647124748042,0.8623773614938182,0.006071654277538309,0.0016180399915768468,1.2823546913244942e-08,0.06195140369897897,0.0,0.028363466625933097,1.7449395944267542e-07,9.639077298307421e-11,6.9496029323237e-07,3.6898237037558265e-08,4.521118496971679e-09,2.4817210949218538e-09,1.0998812646589246e-06,3.964553184307153e-06,0.0008061717293129859,1.2953159640023312e-09,1.7919371851757106e-07,1.5489025654713273e-23,5.11113948527947e-15
3.45164898173291e-05,0.05595639656,0.054,0.0,0.0,0.0005562695992325609,0.86237383963033,0.006077899612392042,0.001619693640270492,1.2898371250367463e-08,0.06194724132064173,0.0,0.02836340809250392,1.7434567967776727e-07,9.615779093315358e-11,6.939038540199574e-07,3.6835894137342414e-08,4.517290907952175e-09,2.480513541657563e-09,1.099482939816441e-06,3.963109251842658e-06,0.0008070300290080006,1.2929372504384628e-09,1.7910397212197046e-07,1.5670307368991987e-23,5.1111183896844205e-15
3.467832135976509e-05,0.05595639656,0.054,0.0,0.0,0.0005554838893581401,0.8623703277753283,0.00608413439171061,0.001621346102334399,1.2973262850536526e-08,0.061943085965739414,0.0,0.02836334477646946,1.7419902620310076e-07,9.592778679656856e-11,6.928596356481326e-07,3.6774293310663164e-08,4.513505389275622e-09,2.4793376660340954e-09,1.0990936528688657e-06,3.961697234403799e-06,0.0008078836178144793,1.2905988092634252e-09,1.7901673730808046e-07,1.5852808155173266e-23,5.1110955704746045e-15
3.484015290220108e-05,0.05595639656,0.054,0.0,0.0,0.0005547074439970483,0.8623668257967222,0.006090358739869225,0.0016229974051617682,1.3048221236360484e-08,0.06193893755155684,0.0,0.02836327678925372,1.7405397627539548e-07,9.57007116483196e-11,6.918274559467963e-07,3.671342312932038e-08,4.509761352711643e-09,2.4781930229073834e-09,1.098713249796542e-06,3.9603165928764835e-06,0.0008087325246554163,1.2882999373269182e-09,1.7893197263631323e-07,1.603652968668571e-23,5.1110710678188535e-15
3.500198444463707e-05,0.05595639656,0.054,0.0,0.0,0.0005539401268434496,0.8623633335646543,0.006096572779342563,0.0016246475756581773,1.312324593330915e-08,0.061934795996642186,0.0,0.02836320424001142,1.7391050754563495e-07,9.54765175694583e-11,6.908071361226917e-07,3.665327238505008e-08,4.5060582202201235e-09,2.4770791749926336e-09,1.0983415793030113e-06,3.958966797597299e-06,0.0008095767781480359,1.2860399463105592e-09,1.7884963742509934e-07,1.622147361960019e-23,5.1110449210686015e-15
3.516381598707306e-05,0.05595639656,0.054,0.0,0.0,0.0005531818040823773,0.8623598509514522,0.006102776630741101,0.0016262966402509611,1.3198336469685025e-08,0.06193066122078272,0.0,0.028363127235680533,1.7376859805060286e-07,9.525515762161827e-11,6.897985006821121e-07,3.65938300842967e-08,4.5023954237417345e-09,2.475995692690344e-09,1.097978492756814e-06,3.957647328153617e-06,0.0008104164066095575,1.2838181623437417e-09,1.7876969173371166e-07,1.6407641592700865e-23,5.111017168776775e-15
3.532564752950905e-05,0.05595639656,0.054,0.0,0.0,0.0005524323443335164,0.862356377831584,0.006108970412846586,0.0016279446248983654,1.327349237659507e-08,0.0619265331449814,0.0,0.02836304588103349,1.7362822620465414e-07,9.503658582243526e-11,6.888013773557325e-07,3.653508544313762e-08,4.4987724049832476e-09,2.4749421539169632e-09,1.0976238441348087e-06,3.956357673188847e-06,0.0008112514380628222,1.2816339256310803e-09,1.786920963455593e-07,1.6595035227556067e-23,5.110987848716195e-15
3.548747907194504e-05,0.05595639656,0.054,0.0,0.0,0.0005516916185965076,0.862352914081613,0.006115154242646678,0.0016295915550984903,1.3348713187922998e-08,0.061922411691433685,0.0,0.02836296027872685,1.7348937079156197e-07,9.48207571218346e-11,6.87815597025496e-07,3.6477027882349094e-08,4.495188615196731e-09,2.4739181439400483e-09,1.0972774899669798e-06,3.9550973302127636e-06,0.0008120819002417896,1.279486590091464e-09,1.7861681275194458e-07,1.6783656128588992e-23,5.1109569978974296e-15
3.564931061438103e-05,0.05595639656,0.054,0.0,0.0,0.0005509595001977242,0.8623494595801527,0.006121328235368778,0.0016312374558980181,1.3423998440302074e-08,0.061918296783505154,0.0,0.028362870529349726,1.733520109566859e-07,9.460762737872438e-11,6.868409936534775e-07,3.641964702260851e-08,4.4916435149892575e-09,2.4729232552177775e-09,1.096939289282679e-06,3.953865805416692e-06,0.0008129078205969097,1.2773755230078976e-09,1.7854380313626276e-07,1.6973505883148334e-23,5.1109246525862e-15
3.581114215681702e-05,0.05595639656,0.054,0.0,0.0,0.0005502358647384791,0.862346014207826,0.006127492504513075,0.0016328823519007416,1.3499347673088437e-08,0.0619141883457096,0.0,0.028362776731470824,1.732161261994132e-07,9.439715333848625e-11,6.858774042126846e-07,3.636293267983618e-08,4.488136574128468e-09,2.471957087242707e-09,1.0966091035582533e-06,3.952662613493428e-06,0.0008137292263003655,1.2753001046881185e-09,1.7847303035863287e-07,1.7164586061578758e-23,5.110890848320296e-15
3.597297369925301e-05,0.05595639656,0.054,0.0,0.0,0.0005495205900446095,0.8623425778472233,0.0061336471618848205,0.0016345262672758888,1.3574760428334879e-08,0.06191008630368749,0.0,0.028362678981684233,1.7308169636558842e-07,9.418929261139626e-11,6.849246686197184e-07,3.630687486066556e-08,4.4846672713300465e-09,2.4710192463895967e-09,1.0962867966660287e-06,3.951487277461751e-06,0.0008145461442511997,1.2732597281353234e-09,1.7840445794094516e-07,1.7356898217291218e-23,5.110855619926026e-15
3.6134805241689e-05,0.05595639656,0.054,0.0,0.0,0.0005488135561174076,0.862339150382861,0.006139792317625864,0.0016361692257662636,1.3650236250765144e-08,0.06190599058418501,0.0,0.02836257737465398,1.7294870164023443e-07,9.398400365127196e-11,6.83982629669232e-07,3.625146375803445e-08,4.481235094084483e-09,2.470109345767233e-09,1.0959722348245991e-06,3.9503393284954e-06,0.0008153586010803209,1.2712537987288603e-09,1.783380500523129e-07,1.755044388683328e-23,5.110819001534249e-15
3.629663678412499e-05,0.05595639656,0.054,0.0,0.0,0.0005481146450858455,0.8623357317011431,0.006145928080245459,0.0016378112506961894,1.3725774687748645e-08,0.06190190111503372,0.0,0.028362472003157377,1.728171225406313e-07,9.37812457347751e-11,6.83051132970148e-07,3.619668974690404e-08,4.477839538485675e-09,2.4692270050740798e-09,1.095665286550382e-06,3.949218305756345e-06,0.0008161666231553961,1.2692817339144247e-09,1.7827377149491523e-07,1.7745224589959143e-23,5.1107810265959654e-15
3.645846832656098e-05,0.05595639656,0.054,0.0,0.0,0.0005474237411600593,0.8623323216903224,0.006152054556650378,0.0016394523649792792,1.3801375289275699e-08,0.06189781782513041,0.0,0.028362362958127198,1.7268693990928442e-07,9.358097894180533e-11,6.821300268835755e-07,3.614254338009658e-08,4.474480109022027e-09,2.468371850457689e-09,1.095365822610408e-06,3.948123756232259e-06,0.0008169702365856294,1.267342962903476e-09,1.7821158769021776e-07,1.79412418296998e-23,5.1107417278974604e-15
3.662029986899697e-05,0.05595639656,0.054,0.0,0.0,0.0005467407305860544,0.8623289202404631,0.006158171852174326,0.0016410925911260242,1.3877037607933143e-08,0.061893740644417626,0.0,0.028362250328692797,1.7255813490710694e-07,9.338316413593865e-11,6.812191624623504e-07,3.6089015384238386e-08,4.4711563184162765e-09,2.467543514377698e-09,1.0950737159762967e-06,3.9470552345780575e-06,0.0008177694672264359,1.2654369263815562e-09,1.7815146466556046e-07,1.813849709243284e-23,5.11070113757513e-15
3.678213141143296e-05,0.05595639656,0.054,0.0,0.0,0.0005460655016015924,0.8623255272434035,0.006164280070606702,0.0016427319512512116,1.395276119888042e-08,0.061889669503864556,0.0,0.028362134202220054,1.7243068900711264e-07,9.31877629452714e-11,6.803183933921804e-07,3.603609665582029e-08,4.467867687483112e-09,2.466741635472366e-09,1.0947888417793992e-06,3.946012302961383e-06,0.0008185643406840047,1.263563076225204e-09,1.7809336904110274e-07,1.8336991847952288e-23,5.110659287129801e-15
3.694396295386895e-05,0.05595639656,0.054,0.0,0.0,0.0005453979443932254,0.8623221425927223,0.006170379314220698,0.0016443704670811767,1.402854561982612e-08,0.061885604335448346,0.0,0.02836201466435032,1.7230458398790573e-07,9.299473774464917e-11,6.794275759343488e-07,3.598377825737011e-08,4.4646137449192796e-09,2.465965858428519e-09,1.094511077267058e-06,3.9449945309119154e-06,0.0008193548823197612,1.261720875227184e-09,1.7803726801711045e-07,1.853672754953843e-23,5.1106162074407886e-15
3.710579449630494e-05,0.05595639656,0.054,0.0,0.0,0.0005447379510544405,0.8623187661837013,0.006176469683800788,0.0016460081599608894,1.4104390431004857e-08,0.06188154507213581,0.0,0.02836189179903833,1.7217980192721342e-07,9.280405163780636e-11,6.785465688698801e-07,3.593205141371471e-08,4.461394027148277e-09,2.4652158338547747e-09,1.0942403017599563e-06,3.94400149517439e-06,0.0008201411172547287,1.2599097968297374e-09,1.7798312936157968e-07,1.8737705634027325e-23,5.1105719287794935e-15
3.726762603874093e-05,0.05595639656,0.054,0.0,0.0,0.0005440854155448852,0.8623153979132927,0.006182551278669586,0.001647645050860887,1.4180295195154637e-08,0.06187749164786568,0.0,0.02836176568858911,1.7205632519616481e-07,9.261566843944868e-11,6.776752334451713e-07,3.588090750834857e-08,4.45820807821753e-09,2.4644912181579946e-09,1.0939763966105297e-06,3.94303277956524e-06,0.0008209230703737903,1.2581293248655578e-09,1.779309213981815e-07,1.893992752188044e-23,5.110526480822701e-15
3.742945758117692e-05,0.05595639656,0.054,0.0,0.0,0.0005434402336506374,0.8623120376800861,0.006188624196714111,0.0016492811603840485,1.4256259477494565e-08,0.061873443997531044,0.0,0.02836163641369394,1.7193413645333656e-07,9.242955265917466e-11,6.768134333190555e-07,3.583033807991221e-08,4.455055449584973e-09,2.4637916734228577e-09,1.0937192451623957e-06,3.942087974832727e-06,0.0008217007663298546,1.2563789533063371e-09,1.778806129945218e-07,1.9143394617254024e-23,5.110479892665526e-15
3.759128912361291e-05,0.05595639656,0.054,0.0,0.0,0.0005428023029454905,0.8623086853842766,0.006194688534411478,0.0016509165087722228,1.4332282845702981e-08,0.061869402056962314,0.0,0.028361504053465388,1.718132186384959e-07,9.224566948534707e-11,6.759610345111949e-07,3.578033481874536e-08,4.451935699952046e-09,2.4631168672944407e-09,1.0934687327107933e-06,3.941166678520482e-06,0.0008224742295479309,1.2546581860184735e-09,1.7783217355070683e-07,1.9348108308068608e-23,5.1104321928339955e-15
3.77531206660489e-05,0.05595639656,0.054,0.0,0.0,0.0005421715227532236,0.8623053409276313,0.00620074438685401,0.0016525511159127117,1.440836486989594e-08,0.061865365762910574,0.0,0.02836136868547143,1.716935549674088e-07,9.206398476806027e-11,6.751179053517884e-07,3.57308895635319e-08,4.448848395216627e-09,2.4624664728637074e-09,1.0932247464639756e-06,3.9402684948343525e-06,0.0008232434842291097,1.2529665365258513e-09,1.777855729882011e-07,1.9554069966078195e-23,5.11038340929735e-15
3.791495220848489e-05,0.05595639656,0.054,0.0,0.0,0.0005415477941108263,0.862302004213461,0.0062067918477738205,0.0016541850013446061,1.4484505122606091e-08,0.0618613350530312,0.0,0.028361230385768682,1.7157512892655612e-07,9.188446500455037e-11,6.742839164326193e-07,3.568199429805853e-08,4.445793108260653e-09,2.4618401685559184e-09,1.0929871755055558e-06,3.93939303451244e-06,0.0008240085543544566,1.2513035277793863e-09,1.7774078173897394e-07,1.9761280946939523e-23,5.1103335694799755e-15
3.807678375092088e-05,0.05595639656,0.054,0.0,0.0,0.0005409310197326525,0.8622986751465882,0.00621283100956683,0.0016558181842649918,1.456070317876191e-08,0.061857309865867946,0.0,0.028361089228934832,1.7145792426693062e-07,9.170707732501817e-11,6.734589405593142e-07,3.5633641148036314e-08,4.442769418739992e-09,2.4612376380217437e-09,1.0927559107577496e-06,3.938539914698276e-06,0.0008247694636888181,1.2496686919330645e-09,1.7769777073492106e-07,1.9969742590281228e-23,5.1102827002731086e-15
3.823861529335687e-05,0.05595639656,0.054,0.0,0.0,0.0005403211039754723,0.8622953536333189,0.006218861963316288,0.0016574506835350144,1.4636958615667273e-08,0.06185329014083724,0.0,0.028360945288100195,1.71341924999227e-07,9.153178947609623e-11,6.726428527047594e-07,3.558582237799091e-08,4.439776913113581e-09,2.460658570031041e-09,1.0925308449455245e-06,3.937708758817028e-06,0.000825526235784545,1.2480615701264419e-09,1.776565113975586e-07,2.0179456219772886e-23,5.110230828046165e-15
3.840044683579286e-05,0.05595639656,0.054,0.0,0.0,0.0005397179528043981,0.8622920395814135,0.006224884798815767,0.0016590825176858197,1.471327101298141e-08,0.061849275818213,0.0,0.028360798634978476,1.7122711538946887e-07,9.135856980734243e-11,6.718355299637889e-07,3.553853038827771e-08,4.436815184455101e-09,2.4601026583693256e-09,1.0923118725615862e-06,3.936899196454601e-06,0.0008262788939851308,1.2464817122731204e-09,1.7761697562797465e-07,2.0390423143194082e-23,5.110177978657832e-15
3.856227837822885e-05,0.05595639656,0.054,0.0,0.0,0.000539121473759661,0.8622887329000589,0.006230899604591675,0.0016607137049243611,1.4789639952699146e-08,0.061845266839111575,0.0,0.028360649339896796,1.7111347995272902e-07,9.118738725953342e-11,6.710368515089911e-07,3.549175771215523e-08,4.433883832144221e-09,2.45956960173674e-09,1.0920988898322234e-06,3.936110863239676e-06,0.00082702746142877,1.2449286768553355e-09,1.775791357970383e-07,2.060264465250323e-23,5.110124177466857e-15
3.872410992066484e-05,0.05595639656,0.054,0.0,0.0,0.0005385315759242094,0.8622854334998412,0.006236906467925271,0.0016623442631390883,1.486606501913154e-08,0.06184126314547722,0.0,0.028360497471824907,1.7100100344835825e-07,9.101821134830512e-11,6.702466985475044e-07,3.5445497012890915e-08,4.430982461988553e-09,2.4590591036493895e-09,1.0918917946839539e-06,3.9353434007284705e-06,0.0008277719610518411,1.2434020307241028e-09,1.7754296473585214e-07,2.0816122023906586e-23,5.1100694493425845e-15
3.888594146310083e-05,0.05595639656,0.054,0.0,0.0,0.0005379481698921043,0.862282141292719,0.0062429054748742215,0.0016639742099055104,1.4942545798886788e-08,0.06183726468006769,0.0,0.028360343098403747,1.7088967087691909e-07,9.085101215086737e-11,6.694649542790163e-07,3.53997410810065e-08,4.428110686122516e-09,2.4585708723432013e-09,1.0916904867109515e-06,3.934596456292194e-06,0.0008285124155923086,1.2419013489050817e-09,1.7750843572644205e-07,2.1030856517926957e-23,5.11001381867523e-15
3.904777300553682e-05,0.05595639656,0.054,0.0,0.0,0.0005373711677376983,0.8622788561919972,0.006248896710293696,0.0016656035624916473,1.501908188085147e-08,0.061833271386440264,0.0,0.028360186285973196,1.7077946747385635e-07,9.068576029768648e-11,6.686915038548526e-07,3.535448283159617e-08,4.425268122511818e-09,2.4581046206801227e-09,1.0914948671432637e-06,3.933869683007176e-06,0.0008292488475930527,1.240426214409713e-09,1.7747552249268336e-07,2.1246849379472456e-23,5.109957309385862e-15
3.920960454797281e-05,0.05595639656,0.054,0.0,0.0,0.0005368004829855663,0.8622755781123018,0.006254880257857009,0.0016672323378633612,1.509567285617212e-08,0.06182928320893798,0.0,0.028360027099599228,1.70670378704055e-07,9.052242695632004e-11,6.679262343378535e-07,3.530971530162058e-08,4.422454395155886e-09,2.457660066056375e-09,1.0913048388157639e-06,3.933162739547545e-06,0.0008299812794051269,1.2389762180516132e-09,1.7744419919144974e-07,2.1464101837905288e-23,5.109899944936195e-15
3.93714360904088e-05,0.05595639656,0.054,0.0,0.0,0.0005362360305811632,0.8622723069695551,0.006260856200075838,0.0016688605526895817,1.5172318318237062e-08,0.06182530009267627,0.0,0.028359865603100342,1.7056239026058985e-07,9.036098381659692e-11,6.671690346633652e-07,3.5265431647348107e-08,4.419669134214786e-09,2.4572369303130666e-09,1.0911203061378074e-06,3.93247529008029e-06,0.000830709733190941,1.2375509582680094e-09,1.7741444040397768e-07,2.168261510711023e-23,5.109841748338091e-15
3.953326763284479e-05,0.05595639656,0.054,0.0,0.0,0.0005356777268622036,0.8622690426809511,0.006266824618320003,0.0016704882233474173,1.5249017862658586e-08,0.061821321983529756,0.0,0.028359701859073393,1.7045548805882935e-07,9.020140308697645e-11,6.664197956013846e-07,3.522162514192219e-08,4.416911975208305e-09,2.4568349396490597e-09,1.090941175063626e-06,3.931807004162866e-06,0.0008314342309273787,1.236150040946029e-09,1.7738622112744575e-07,2.1902390385563307e-23,5.109782742162876e-15
3.969509917528078e-05,0.05595639656,0.054,0.0,0.0,0.0005351254895307316,0.8622657851649317,0.006272785592836849,0.001672115365927166,1.5325771087255363e-08,0.06181734882811942,0.0,0.028359535928918673,1.7034965822903082e-07,9.004365747964801e-11,6.656784097192722e-07,3.5178289172824535e-08,4.414182559197567e-09,2.456453824535586e-09,1.0907673530634062e-06,3.931157556643133e-06,0.0008321547944088457,1.234773079253753e-09,1.7735951676676364e-07,2.212342885640022e-23,5.1097229485503695e-15
3.985693071771677e-05,0.05595639656,0.054,0.0,0.0,0.0005345792376258551,0.862262534341164,0.006278739202770215,0.0016737419962372182,1.540257759203521e-08,0.06181338057379993,0.0,0.028359367872864576,1.7024488711727495e-07,8.988772019088777e-11,6.649447713453974e-07,3.51354172394607e-08,4.411480533412825e-09,2.456093319632992e-09,1.0905987490949952e-06,3.930526627561452e-06,0.0008328714452502498,1.2334196934758309e-09,1.7733430312655456e-07,2.234573168748494e-23,5.109662389217756e-15
4.001876226015276e-05,0.05595639656,0.054,0.0,0.0,0.0005340388914971399,0.862259290130517,0.006284685526178997,0.001675368129808863,1.547943697917805e-08,0.061809417168647365,0.0,0.02835919774999147,1.7014116128150178e-07,8.97335649032764e-11,6.642187765341486e-07,3.509300295099027e-08,4.408805550039259e-09,2.455753163709798e-09,1.0904352735762845e-06,3.9299139020550945e-06,0.0008335842048899186,1.23208951085355e-09,1.7731055640333122e-07,2.2569300031477918e-23,5.109601085468193e-15
4.018059380258875e-05,0.05595639656,0.054,0.0,0.0,0.0005335043727786475,0.8622560524550398,0.006290624640055363,0.0016769937819009954,1.5556348853019232e-08,0.06180545856144706,0.0,0.028359025618255113,1.7003846748014312e-07,8.958116577562313e-11,6.635003230313166e-07,3.5051040023964945e-08,4.4061572660633995e-09,2.4554330995631992e-09,1.0902768383582545e-06,3.929319070264931e-06,0.0008342930945924558,1.230782165429176e-09,1.7728825317787214e-07,2.2794135025904614e-23,5.109539058199244e-15
4.034242534502474e-05,0.05595639656,0.054,0.0,0.0,0.0005329756043635753,0.8622528212379399,0.006296556620342557,0.0016786189675047254,1.5633312820033036e-08,0.06180150470168186,0.0,0.02835885153450948,1.6993679267472403e-07,8.943049741304281e-11,6.627893102400231e-07,3.500952227997586e-08,4.403535344861034e-09,2.4551328739413127e-09,1.0901233566985682e-06,3.928741827243998e-06,0.0008349981354515321,1.2294972978944764e-09,1.7726737040777126e-07,2.3020237793223692e-23,5.109476327911106e-15
4.050425688746073e-05,0.05595639656,0.054,0.0,0.0,0.0005324525103794961,0.8622495964035626,0.00630248154195236,0.0016802437013478991,1.5710328488816515e-08,0.06179755553952039,0.0,0.02835867555452898,1.6983612403122403e-07,8.928153487445444e-11,6.620856391883874e-07,3.496844364375751e-08,4.400939454614601e-09,2.4548522374680007e-09,1.0899747432357635e-06,3.9281818728681e-06,0.0008356993483926132,1.2282345554433137e-09,1.7724788542015829e-07,2.3247609440895334e-23,5.109412914714606e-15
4.066608842989672e-05,0.05595639656,0.054,0.0,0.0,0.0005319350161642099,0.8622463778773684,0.006308399478782185,0.001681867997899524,1.5787395470073485e-08,0.0617936110258058,0.0,0.028358497733030282,1.6973644890238686e-07,8.913425367594646e-11,6.613892124975725e-07,3.492779814106139e-08,4.398369267076475e-09,2.454590944568924e-09,1.0898309139641312e-06,3.927638911748796e-06,0.0008363967541756427,1.226993591628102e-09,1.7722977590461492e-07,2.3476251061449292e-23,5.109348838339059e-15
4.082791997233271e-05,0.05595639656,0.054,0.0,0.0,0.0005314230482421348,0.8622431655859147,0.0063143105037318315,0.0016834918713741077,1.5864513376598896e-08,0.06178967111204458,0.0,0.028358318123693434,1.6963775482890555e-07,8.898862974310252e-11,6.606999343495751e-07,3.488757989624266e-08,4.3958244607486425e-09,2.454348753398627e-09,1.0896917862090507e-06,3.927112653147939e-06,0.0008370903733976539,1.225774066220032e-09,1.7721301990624902e-07,2.3706163732553267e-23,5.109284118139889e-15
4.09897515147687e-05,0.05595639656,0.054,0.0,0.0,0.00053091653430124,0.8622399594568357,0.006320214688719897,0.0016851153357359133,1.5941681823263326e-08,0.061785735750395664,0.0,0.028358136779182704,1.6954002955238417e-07,8.88446394172578e-11,6.600177104572323e-07,3.484778313060633e-08,4.393304719490324e-09,2.4541254257706638e-09,1.089557278602822e-06,3.926602810893908e-06,0.000837780226495323,1.224575645073128e-09,1.771975958189088e-07,2.3937348517080747e-23,5.109218773106137e-15
4.115158305720469e-05,0.05595639656,0.054,0.0,0.0,0.0005304154031705619,0.8622367594188218,0.006326112104699854,0.0016867384047031247,1.601890042699781e-08,0.06178180489365974,0.0,0.0283579537511667,1.694432609903158e-07,8.87022594896865e-11,6.593424480351521e-07,3.480840216068066e-08,4.3908097286969344e-09,2.45392072708909e-09,1.089427311061235e-06,3.926109103300395e-06,0.0008384663337474849,1.2233979999916865e-09,1.7718348237859255e-07,2.4169806463179272e-23,5.1091528218677024e-15
4.131341459964068e-05,0.05595639656,0.054,0.0,0.0,0.000529919584798225,0.8622335654016026,0.006332002821675823,0.0016883610917519344,1.6096168806778826e-08,0.061777878495268765,0.0,0.0283577690903382,1.6934743722711061e-07,8.856146712981603e-11,6.586740557689863e-07,3.476943139559853e-08,4.3883391806058364e-09,2.4537344262797544e-09,1.0893018047605643e-06,3.92563125308665e-06,0.0008391487152775893,1.2222408086012084e-09,1.771706586570162e-07,2.440353860433833e-23,5.109086282702487e-15
4.147524614207667e-05,0.05595639656,0.054,0.0,0.0,0.0005294290102299107,0.8622303773359257,0.006337886908717997,0.0016899834101205494,1.6173486583613534e-08,0.06177395650927574,0.0,0.028357582846433436,1.6925254654794e-07,8.842223986893894e-11,6.580124437871244e-07,3.473086533551911e-08,4.385892774928244e-09,2.453566295724997e-09,1.0891806821148474e-06,3.9251689872986625e-06,0.0008398273910560798,1.2211037542228362e-09,1.7715910405527293e-07,2.4638545959457218e-23,5.109019173543359e-15
4.163707768451266e-05,0.05595639656,0.054,0.0,0.0,0.0005289436115879089,0.8622271951535418,0.006343764433977795,0.0016916053728131186,1.6250853380525267e-08,0.06177003889034458,0.0,0.028357395068250957,1.6915857741145376e-07,8.828455569470604e-11,6.573575236350407e-07,3.46926985706261e-08,4.3834702099025245e-09,2.4534161112008667e-09,1.0890638667540057e-06,3.924722037233296e-06,0.0008405023809027567,1.2199865257509499e-09,1.7714879829768812e-07,2.4874829532913142e-23,5.108951511984942e-15
4.179890922694865e-05,0.05595639656,0.054,0.0,0.0,0.0005284633220506574,0.8622240187871844,0.0063496354647027,0.0016932269926035856,1.6328268822539205e-08,0.061766125593740326,0.0,0.028357205803669974,1.690655184117965e-07,8.814839296091458e-11,6.567092082459624e-07,3.465492577822778e-08,4.381071189216841e-09,2.453283651812074e-09,1.0889512835024585e-06,3.924290138364098e-06,0.0008411737044890937,1.2188888175336661e-09,1.7713972142585712e-07,2.51123903146289e-23,5.1088833152902185e-15
4.196074076938464e-05,0.05595639656,0.054,0.0,0.0,0.000527988075832619,0.8622208481705526,0.006355500067250793,0.0016948482820394644,1.640573253666826e-08,0.061762216575319454,0.0,0.02835701509966844,1.6897335834218814e-07,8.801373029702967e-11,6.56067411912929e-07,3.461754172078305e-08,4.378695429120367e-09,2.453168699930086e-09,1.0888428583576951e-06,3.923873030266921e-06,0.0008418413813404531,1.217810329256934e-09,1.7713185379271749e-07,2.5351229280140737e-23,5.108814600397059e-15
4.212257231182063e-05,0.05595639656,0.054,0.0,0.0,0.0005275178081647143,0.862217683238297,0.006361358307104999,0.0016964692534455444,1.648324415189921e-08,0.06175831179152032,0.0,0.028356823002340593,1.6888208618663837e-07,8.788054680159452e-11,6.55432050267276e-07,3.45805412461159e-08,4.376342641027591e-09,2.4530710411366063e-09,1.0887385184697033e-06,3.923470456548519e-06,0.0008425054308382928,1.2167507658312693e-09,1.771251760567795e-07,2.559134739066614e-23,5.108745383924543e-15
4.228440385425662e-05,0.05595639656,0.054,0.0,0.0,0.0005270524552753124,0.8622145239259987,0.006367210248887117,0.0016980899189275233,1.656080329917897e-08,0.061754411199354,0.0,0.028356629556914096,1.6879169102036597e-07,8.774882197908107e-11,6.548030402515561e-07,3.4543919284489904e-08,4.374012536102635e-09,2.4529904641623726e-09,1.0886381921212804e-06,3.923082164778274e-06,0.0008431658722223713,1.2157098372811792e-09,1.7711966917662887e-07,2.5832745593171416e-23,5.1086756821791304e-15
4.244623539669261e-05,0.05595639656,0.054,0.0,0.0,0.0005265919543714036,0.8622113701701566,0.006373055956371477,0.001699710290375573,1.6638409611401154e-08,0.061750514756395154,0.0,0.028356434807766825,1.6870216209875512e-07,8.761853547217167e-11,6.541803000895497e-07,3.45076708452169e-08,4.371704847747621e-09,2.4529267608264086e-09,1.088541808707786e-06,3.922707906417817e-06,0.0008438227245928118,1.2146872586376828e-09,1.771153144053952e-07,2.6075424820439533e-23,5.108605511160719e-15
4.26080669391286e-05,0.05595639656,0.054,0.0,0.0,0.000526136243620235,0.8622082219081699,0.006378895492498364,0.0017013303794678348,1.6716062723392735e-08,0.06174662242077293,0.0,0.028356238798443408,1.686134889226606e-07,8.748966737664427e-11,6.535637492691576e-07,3.447179101855097e-08,4.369419303837067e-09,2.4528797259863672e-09,1.088449298717495e-06,3.922347436752781e-06,0.0008444760069121321,1.2136827498339482e-09,1.7711209328526862e-07,2.6319385991137537e-23,5.108534886568601e-15
4.276989848156459e-05,0.05595639656,0.054,0.0,0.0,0.0005256852621317042,0.8622050790783224,0.00638472891938729,0.0017029501976738475,1.6793762271900966e-08,0.061742734151162444,0.0,0.02835604157167101,1.6852566103599585e-07,8.736219834794344e-11,6.529533085205771e-07,3.443627497388398e-08,4.367155616588119e-09,2.4528491574829314e-09,1.088360593713749e-06,3.922000514830921e-06,0.0008451257380073752,1.2126960356024962e-09,1.771099876424559e-07,2.6564630009884234e-23,5.108463823807169e-15
4.293173002400058e-05,0.05595639656,0.054,0.0,0.0,0.0005252389499407842,0.8622019416197678,0.006390556298349845,0.0017045697562579184,1.687150789558046e-08,0.061738849906776035,0.0,0.028355843169375148,1.6843866809063928e-07,8.723610898946334e-11,6.523488997807309e-07,3.440111795318037e-08,4.364913534832534e-09,2.4528348560767223e-09,1.0882756263159993e-06,3.921666903396208e-06,0.0008457719365720509,1.2117268453754083e-09,1.771089795820861e-07,2.681115776731765e-23,5.1083923379915914e-15
4.309356156643657e-05,0.05595639656,0.054,0.0,0.0,0.0005247972479901212,0.8621988094725147,0.006396377689902326,0.0017061890662824226,1.6949299234980463e-08,0.061734969647354844,0.0,0.02835564363269512,1.6835250009334873e-07,8.711138021367039e-11,6.517504461784812e-07,3.4366315274258385e-08,4.3626928124603034e-09,2.452836625404753e-09,1.0881943301804369e-06,3.921346368821378e-06,0.000846414621167944,1.2107749131883212e-09,1.771090514828911e-07,2.705897014016243e-23,5.1083204439534065e-15
4.325539310887256e-05,0.05595639656,0.054,0.0,0.0,0.0005243600981137624,0.8621956825774116,0.0064021931537783065,0.001707808138611045,1.7027135932532295e-08,0.06173109333316057,0.0,0.028355443001998836,1.6826714708389293e-07,8.698799385360176e-11,6.511578720249426e-07,3.433186233307794e-08,4.360493154495272e-09,2.45285427193553e-09,1.0881166399840013e-06,3.921038681052565e-06,0.0008470538102271867,1.2098399775848085e-09,1.7711018599254523e-07,2.730806799129739e-23,5.108248156245834e-15
4.341722465130855e-05,0.05595639656,0.054,0.0,0.0,0.0005239274430209397,0.8621925608761333,0.0064080027489408125,0.0017094269839119615,1.710501763253698e-08,0.06172722092496753,0.0,0.028355241316897244,1.6818259901981043e-07,8.68659315221453e-11,6.505711027691902e-07,3.4297754591850105e-08,4.35831431511166e-09,2.452887604899352e-09,1.0880424914074363e-06,3.920743613550438e-06,0.000847689522054171,1.2089217815232184e-09,1.7711236602317197e-07,2.755845216982271e-23,5.108175489149018e-15
4.357905619374454e-05,0.05595639656,0.054,0.0,0.0,0.0005234992262793178,0.862189444311166,0.00641380653359409,0.0017110456126609617,1.7182943981153035e-08,0.06172335238405436,0.0,0.028355038616259237,1.6809884636715416e-07,8.674517464880072e-11,6.499900649772381e-07,3.426398758086465e-08,4.35615609455004e-09,2.4529364362456488e-09,1.0879718211151789e-06,3.920460943219947e-06,0.0008483217748270557,1.2080200722883847e-09,1.7711557474604698e-07,2.781012351112731e-23,5.108102456675362e-15
4.374088773618053e-05,0.05595639656,0.054,0.0,0.0,0.0005230753922998456,0.8621863328257938,0.006419604565195566,0.0017126640351445156,1.7260914626384442e-08,0.06171948767219632,0.0,0.028354834938225364,1.6801587976575696e-07,8.662570623056922e-11,6.494146863464296e-07,3.4230556910692365e-08,4.3540181863265255e-09,2.4530005806190738e-09,1.087904566740697e-06,3.920190450359559e-06,0.000848950586599733,1.2071346014035941e-09,1.7711979558709946e-07,2.806308283695609e-23,5.108029072574503e-15
4.390271927861652e-05,0.05595639656,0.054,0.0,0.0,0.0005226558863222679,0.8621832263640858,0.006425396900467473,0.0017142822614627776,1.733892921806877e-08,0.061715626751658065,0.0,0.02835463032022096,1.6793368938331233e-07,8.650750918542945e-11,6.488448956552317e-07,3.419745825440502e-08,4.351900318790736e-09,2.4530798552815734e-09,1.087840666873302e-06,3.919931918615731e-06,0.0008495759753039075,1.2062651245419563e-09,1.7712501222333825e-07,2.831733095547708e-23,5.1079553503380335e-15
4.406455082105251e-05,0.05595639656,0.054,0.0,0.0,0.0005222406543987429,0.8621801248708824,0.006431183595407737,0.0017159003015325479,1.7416987407865487e-08,0.061711769585185546,0.0,0.02835442479897043,1.6785226598361925e-07,8.639056501648918e-11,6.482806227142351e-07,3.416468733918052e-08,4.349802371773007e-09,2.4531740800549625e-09,1.0877800610363608e-06,3.919685134906485e-06,0.0008501979587502332,1.2054114014455607e-09,1.771312085775721e-07,2.857286866134867e-23,5.1078813032046514e-15
4.42263823634885e-05,0.05595639656,0.054,0.0,0.0,0.0005218296433791798,0.8621770282917824,0.006436964705301244,0.0017175181650901667,1.749508884924436e-08,0.06170791613599861,0.0,0.028354218410510543,1.6777160102345165e-07,8.627485761155799e-11,6.477217984184736e-07,3.4132239976834735e-08,4.347724045985755e-09,2.4532830773331595e-09,1.087722689671678e-06,3.919449889367095e-06,0.0008508165546299511,1.2045731958458947e-09,1.771383688134736e-07,2.882969673578659e-23,5.10780694416496e-15
4.438821390592449e-05,0.05595639656,0.054,0.0,0.0,0.0005214228008992022,0.8621739365731308,0.006442740284731247,0.0017191358616943646,1.7573233197474117e-08,0.06170406636778452,0.0,0.02835401119020169,1.676916848782115e-07,8.616037197548358e-11,6.471683547136798e-07,3.410011204686212e-08,4.34566497077012e-09,2.4534066720069163e-09,1.0876684941332877e-06,3.91922597532944e-06,0.0008514317805174631,1.2037502753780767e-09,1.7714647733337335e-07,2.9087815946631003e-23,5.107732285965528e-15
4.455004544836048e-05,0.05595639656,0.054,0.0,0.0,0.0005210200753642517,0.8621708496620055,0.006448510387589309,0.0017207534007290617,1.7651420109611164e-08,0.06170022024469039,0.0,0.028353803172741446,1.676125081892222e-07,8.60470892426318e-11,6.46620224477622e-07,3.406829945860678e-08,4.343625139033316e-09,2.453544691357431e-09,1.0876174166645751e-06,3.919013189241551e-06,0.0008520436538711995,1.2029424115050489e-09,1.7715551877348873e-07,2.934722704841341e-23,5.1076573411137765e-15
4.471187699079647e-05,0.05595639656,0.054,0.0,0.0,0.0005206214159338934,0.8621677675062063,0.006454275067085625,0.0017223707914061127,1.7729649244488504e-08,0.06169637773131536,0.0,0.028353594392178497,1.6753406352448276e-07,8.59349931283155e-11,6.460773416098789e-07,3.403679820580892e-08,4.341604346743575e-09,2.453696965116038e-09,1.0875694003757865e-06,3.918811330588513e-06,0.0008526521920343408,1.2021493794498194e-09,1.7716547799732232e-07,2.9607930782423623e-23,5.107582121883002e-15
4.487370853323246e-05,0.05595639656,0.054,0.0,0.0,0.0005202267725130797,0.862164690054242,0.0064600343757606005,0.0017239880427680015,1.780792026270477e-08,0.061692538792705164,0.0,0.028353384881921614,1.674563418236364e-07,8.582407223073251e-11,6.455396410814852e-07,3.400560437639285e-08,4.339601988099073e-09,2.453863325435482e-09,1.0875243892486605e-06,3.918620201910587e-06,0.0008532574122382485,1.2013709581113437e-09,1.7717634009501133e-07,2.9869927876776696e-23,5.107506640315629e-15
4.503554007566845e-05,0.05595639656,0.054,0.0,0.0,0.0005198360957382221,0.8621616172553198,0.006465788365494145,0.0017256051636904961,1.7886232826613445e-08,0.06168870339434569,0.0,0.028353174674751336,1.673793327537421e-07,8.571430754282365e-11,6.450070586899409e-07,3.397471405392556e-08,4.3376181443422835e-09,2.4540436066783724e-09,1.087482328118495e-06,3.918439608740328e-06,0.0008538593316037318,1.200606929987968e-09,1.771880903808251e-07,3.0133219046479416e-23,5.107430908227397e-15
4.519737161810444e-05,0.05595639656,0.054,0.0,0.0,0.0005194493369575662,0.8621585490593325,0.006471537087514219,0.0017272221628852568,1.7964586600312145e-08,0.06168487150215378,0.0,0.028352963802836455,1.673030300772944e-07,8.560567975017303e-11,6.444795311264997e-07,3.3944123381029346e-08,4.3356529520040495e-09,2.4542376455013663e-09,1.0874431626330733e-06,3.918269359456799e-06,0.000854457967139709,1.199857081126385e-09,1.7720071438299756e-07,3.0397804993497236e-23,5.107354937213331e-15
4.535920316054043e-05,0.05595639656,0.054,0.0,0.0,0.000519066448225615,0.8621554854168486,0.006477280592409054,0.0017288390489023772,1.804298124963216e-08,0.06168104308247263,0.0,0.028352752297741136,1.672274265475017e-07,8.549818305945768e-11,6.439569962514088e-07,3.391382865927293e-08,4.333705389817807e-09,2.45444528098185e-09,1.087406839268182e-06,3.918109265342577e-06,0.0008550533357474233,1.1991212010430998e-09,1.7721419784333378e-07,3.066368640682135e-23,5.107278738650301e-15
4.552103470297642e-05,0.05595639656,0.054,0.0,0.0,0.0005186873822957457,0.8621524262791005,0.006483018930136773,0.001730455830132907,1.8121416442127965e-08,0.06167721810206793,0.0,0.028352540190431482,1.671525095898105e-07,8.539180109735016e-11,6.434393926985587e-07,3.388382616062696e-08,4.331775379788618e-09,2.4546663542447698e-09,1.0873733053333521e-06,3.917959140605618e-06,0.0008556454542240406,1.1983990826337968e-09,1.7722852672111992e-07,3.093086396253444e-23,5.1072023236993855e-15
4.568286624541241e-05,0.05595639656,0.054,0.0,0.0,0.0005183120925927731,0.862149371597974,0.0064887521500307885,0.0017320725148113354,1.8199891847066997e-08,0.06167339652811657,0.0,0.028352327511296724,1.670782731359513e-07,8.528650554319408e-11,6.429266597096928e-07,3.385411212181669e-08,4.329863917985237e-09,2.454900708443711e-09,1.0873425088959675e-06,3.917818802108581e-06,0.0008562343392577572,1.197690522142926e-09,1.7724368717789902e-07,3.119933832387744e-23,5.1071257033135264e-15
4.5828514633604804e-05,0.05595639656,0.054,0.0,0.0,0.0005179775225761185,0.8621466261561237,0.006493907712468385,0.001733527455151418,1.827055382117298e-08,0.06166995999727655,0.0,0.028352135635823946,1.670120394904102e-07,8.519267263193822e-11,6.424693152451942e-07,3.382761324300571e-08,4.32815788790885e-09,2.4551228548665506e-09,1.087317090361693e-06,3.917700715511928e-06,0.0008567615849020496,1.1970642439741306e-09,1.7725803131021885e-07,3.1442074555773637e-23,5.107056578206826e-15
4.59741630217972e-05,0.05595639656,0.054,0.0,0.0,0.0005176459411047508,0.8621438842515091,0.0064990592040346015,0.0017349823296166752,1.8341247862132217e-08,0.06166652617604957,0.0,0.02835194334267848,1.669463445416332e-07,8.509971669857476e-11,6.420158251015565e-07,3.380134264799299e-08,4.326464910664525e-09,2.4553555226468774e-09,1.0872938110245788e-06,3.9175902800552976e-06,0.0008572862369124276,1.1964486413585863e-09,1.7727302817175252e-07,3.1685862192656926e-23,5.106987303098552e-15
4.611981140998959e-05,0.05595639656,0.054,0.0,0.0,0.0005173173155956417,0.8621411458503709,0.006504206659438015,0.0017364371438942903,1.8411973732359524e-08,0.061663095041344325,0.0,0.028351750652841717,1.6688118088131588e-07,8.50075942101258e-11,6.415661465685323e-07,3.377529759665994e-08,4.324787765466137e-09,2.4555986015999646e-09,1.087272634638995e-06,3.917487367890626e-06,0.0008578083072426605,1.1958435724126506e-09,1.772886680959562e-07,3.193070169161466e-23,5.106917885550405e-15
4.625089495936274e-05,0.05595639656,0.054,0.0,0.0,0.0005170240533860541,0.8621386842572417,0.006508835946757941,0.0017377464299061353,1.8475654034109863e-08,0.06166000929820464,0.0,0.02835157690987927,1.66822987234637e-07,8.492541443358754e-11,6.411646604032293e-07,3.3752047885713516e-08,4.323289465538402e-09,2.4558261848622108e-09,1.0872553443304133e-06,3.917401074993798e-06,0.0008582759730267089,1.1953079010768397e-09,1.7730328595092e-07,3.21519569538765e-23,5.106855294119897e-15
4.638197850873589e-05,0.05595639656,0.054,0.0,0.0,0.0005167331362780998,0.8621362254508638,0.0065134620173516915,0.0017390556757046233,1.8539359754358467e-08,0.061656925696173835,0.0,0.02835140287710936,1.6676521755879244e-07,8.484392555457192e-11,6.407661981312134e-07,3.372897719061856e-08,4.321801037655896e-09,2.456062035304746e-09,1.0872397026956414e-06,3.9173206829407716e-06,0.0008587415658976023,1.1947805481892523e-09,1.7731841007853259e-07,3.23740649095749e-23,5.1067925986698675e-15
4.649995370317173e-05,0.05595639656,0.054,0.0,0.0,0.0005164732970132263,0.8621340148881333,0.006517622750848665,0.001740233965804575,1.8596716494112292e-08,0.06165415227151324,0.0,0.028351246011873513,1.6671358241160982e-07,8.477114504690571e-11,6.404101426558098e-07,3.3708365006264424e-08,4.3204720350055696e-09,2.4562813050218244e-09,1.0872270138273998e-06,3.9172533011801746e-06,0.0008591588342322327,1.1943129607926683e-09,1.7733244904681316e-07,3.2574691383983764e-23,5.1067360881680115e-15
4.6617928897607566e-05,0.05595639656,0.054,0.0,0.0,0.0005162153222163394,0.8621318065462406,0.006521780916354376,0.0017414122293651013,1.8654093560276106e-08,0.06165138055616269,0.0,0.028351088934163046,1.6666228609083152e-07,8.469890697485018e-11,6.400564906706363e-07,3.368789494146376e-08,4.319151431021671e-09,2.4565071527848877e-09,1.0872156214608803e-06,3.917190561773459e-06,0.000859574436679485,1.1938519594627836e-09,1.7734688770333033e-07,3.2776009022964965e-23,5.106679501435717e-15
4.67359040920434e-05,0.05595639656,0.054,0.0,0.0,0.0005159591955471752,0.862129600408188,0.006525936531411229,0.00174259046918184,1.8711490829200672e-08,0.06164861053845148,0.0,0.0283509316542987,1.6661132466117618e-07,8.462721659151756e-11,6.3970522135225e-07,3.366756587616431e-08,4.317838238801432e-09,2.4567395232910823e-09,1.0872055074830526e-06,3.917132400809789e-06,0.0008599883794366905,1.193397473524488e-09,1.7736172120484985e-07,3.297801804977797e-23,5.106622842192248e-15
4.684208176703566e-05,0.05595639656,0.054,0.0,0.0,0.0005157302483257227,0.8621276167543065,0.006529674418700362,0.0017436508669949715,1.8763165542769793e-08,0.061646118964432194,0.0,0.0283507899379907,1.6656574078571549e-07,8.456313095390329e-11,6.393910986548597e-07,3.364938914352412e-08,4.316665140736441e-09,2.456954188229959e-09,1.0871974831181596e-06,3.917083918261941e-06,0.0008603595139846884,1.1929939490837236e-09,1.7737540499077986e-07,3.316041749222432e-23,5.106571789907237e-15
4.694825944202791e-05,0.05595639656,0.054,0.0,0.0,0.0005155027733084938,0.862125634859736,0.006533410266775659,0.0017447112497914496,1.8814856431303685e-08,0.06164362874776958,0.0,0.02835064807350615,1.665204248136407e-07,8.449946783513434e-11,6.390788732570311e-07,3.3631324464368075e-08,4.315499122623903e-09,2.4571740527579858e-09,1.0871904667936473e-06,3.917039047372179e-06,0.0008607293136608751,1.1925955951781597e-09,1.7738940126523031e-07,3.334337729469593e-23,5.106520684498262e-15
4.7054437117020166e-05,0.05595639656,0.054,0.0,0.0,0.0005152767589271036,0.8621236547124201,0.0065371440881037595,0.0017457716195286993,1.886656340561916e-08,0.06164113988016918,0.0,0.028350506068077905,1.664753751874557e-07,8.443625060549627e-11,6.387685306335618e-07,3.361337115899913e-08,4.314337755968393e-09,2.45739907780779e-09,1.0871844457079998e-06,3.916997742963201e-06,0.0008610977829266561,1.1922023619540763e-09,1.7740370660187587e-07,3.3526897612741844e-23,5.106469528571677e-15
4.7149997024513194e-05,0.05595639656,0.054,0.0,0.0,0.0005150745853559456,0.8621218740638571,0.006540502804652297,0.0017467259427243103,1.891311336237814e-08,0.06163890104597743,0.0,0.028350378148583395,1.6643505227792546e-07,8.437968948530657e-11,6.384908198563666e-07,3.359730767443637e-08,4.31330032109542e-09,2.457605980067793e-09,1.0871798671949638e-06,3.9169635814023685e-06,0.0008614282714411196,1.1918527894289896e-09,1.7741684285116767e-07,3.3692545266539857e-23,5.106423447170409e-15
4.724555693200622e-05,0.05595639656,0.054,0.0,0.0,0.0005148735773330542,0.8621200948122437,0.006543859898499663,0.0017476802582992975,1.8959676212031996e-08,0.061636663291909324,0.0,0.0283502501258515,1.663949414860271e-07,8.432347171997208e-11,6.382146108153381e-07,3.358133278783432e-08,4.312267672114987e-09,2.4578170029194194e-09,1.0871760754024477e-06,3.916932240140795e-06,0.0008617576891523866,1.1915072890913856e-09,1.7743022424579555e-07,3.3858647172335976e-23,5.106377328787328e-15
4.733156084874995e-05,0.05595639656,0.054,0.0,0.0,0.0005146936598647865,0.8621184946730941,0.006546879902894836,0.0017485391369384733,1.900159374692033e-08,0.06163465023186822,0.0,0.028350134821329347,1.6635902161253943e-07,8.427316108601199e-11,6.379672984425085e-07,3.3567030891291803e-08,4.311342875959506e-09,2.458010423175804e-09,1.087173327932984e-06,3.916906417881126e-06,0.0008620532522147839,1.1911997913176984e-09,1.7744247509059593e-07,3.4008527362895664e-23,5.106335792138122e-15
4.7408964373819303e-05,0.05595639656,0.054,0.0,0.0,0.0005145325307435481,0.8621170555042461,0.0065495967945168624,0.00174931212420894,1.9039328374006896e-08,0.06163283921824102,0.0,0.02835003098231608,1.6632683772854296e-07,8.422810883280642e-11,6.377457437965089e-07,3.355421977803278e-08,4.3105144601654074e-09,2.458187319116959e-09,1.0871713883492867e-06,3.916885089732695e-06,0.0008623185215469303,1.1909258179837079e-09,1.7745366749096873e-07,3.4143734266612105e-23,5.1062983859035854e-15
4.748636789888866e-05,0.05595639656,0.054,0.0,0.0,0.0005143721518351416,0.8621156172367866,0.0065523126371820435,0.0017500851089016795,1.9077071345920363e-08,0.06163102890283922,0.0,0.028349927084524856,1.6629479010393587e-07,8.418327597265808e-11,6.375251555919134e-07,3.354146563827412e-08,4.30968924310786e-09,2.4583668693663143e-09,1.0871699489201725e-06,3.916865555461627e-06,0.0008625830940287741,1.1906544541608454e-09,1.7746501644341678e-07,3.427923939616451e-23,5.106260958632408e-15
4.7563771423958016e-05,0.05595639656,0.054,0.0,0.0,0.0005142125188657678,0.8621141798662488,0.00655502743552224,0.001750858091725848,1.9114822628709354e-08,0.061629219282580056,0.0,0.028349823130580012,1.6626287817073656e-07,8.413865620437921e-11,6.37305528919383e-07,3.352876848976632e-08,4.308867624642312e-09,2.4585490588093247e-09,1.0871690049307015e-06,3.916847798423631e-06,0.0008628469713541657,1.1903856815290707e-09,1.7747652068495693e-07,3.4415042807295143e-23,5.1062235112701904e-15
4.764117494902737e-05,0.05595639656,0.054,0.0,0.0,0.0005140536275932664,0.8621127433881935,0.006557741194143227,0.0017516310733839133,1.9152582188505642e-08,0.06162741035439984,0.0,0.028349719123079722,1.6623110001543632e-07,8.409424289107567e-11,6.370868582212947e-07,3.351612788043294e-08,4.308050074370405e-09,2.4587338735358393e-09,1.087168551707336e-06,3.916831802120433e-06,0.0008631101552135199,1.1901194819143474e-09,1.7748817896137677e-07,3.4551144555119486e-23,5.106186044753079e-15
4.771857847409673e-05,0.05595639656,0.054,0.0,0.0,0.0005138954738037837,0.8621113077982092,0.006560453917624721,0.0017524040545717045,1.9190349991523957e-08,0.06162560211525268,0.0,0.028349615064599938,1.6619945558307186e-07,8.405004871807916e-11,6.368691369992689e-07,3.3503542951656207e-08,4.307235365725576e-09,2.458921300033145e-09,1.087168584606221e-06,3.916817550157981e-06,0.0008633726472920945,1.189855837313927e-09,1.7749999002912963e-07,3.468754469412824e-23,5.106148560009225e-15
4.7795981999166084e-05,0.05595639656,0.054,0.0,0.0,0.0005137380533061316,0.8621098730919112,0.006563165610518234,0.0017531770359784603,1.9228126004061744e-08,0.06162379456210837,0.0,0.028349510957695122,1.661679456070501e-07,8.400607090388235e-11,6.36652360543267e-07,3.3491013938351814e-08,4.306423552170325e-09,2.4591113223931955e-09,1.087169099007318e-06,3.916805026224812e-06,0.0008636344492688317,1.1895947298172055e-09,1.7751195265240957e-07,3.4824243278188923e-23,5.106111057959022e-15
4.787338552423544e-05,0.05595639656,0.054,0.0,0.0,0.0005135813619402956,0.8621084392649427,0.006565876277349166,0.0017539500182868792,1.9265910192498944e-08,0.061621987691955406,0.0,0.02834940680489208,1.661365670980152e-07,8.396228478781346e-11,6.364365246807119e-07,3.34785410162082e-08,4.305616681412248e-09,2.4593039263611203e-09,1.0871700903361527e-06,3.916794214170128e-06,0.0008638955628200663,1.1893361416168018e-09,1.775240656015972e-07,3.496124036054673e-23,5.106073539512857e-15
4.79507890493048e-05,0.05595639656,0.054,0.0,0.0,0.0005134253955799581,0.8621070063129733,0.006568585922619636,0.0017547230021731626,1.9303702523297798e-08,0.061620181501801805,0.0,0.02834930260869414,1.6610531866246868e-07,8.391871111691091e-11,6.362216220737573e-07,3.346612255381477e-08,4.304812906041591e-09,2.4594991012371038e-09,1.0871715540566668e-06,3.916785097979219e-06,0.0008641559896187996,1.189080055124936e-09,1.775363276576789e-07,3.509853599382704e-23,5.106036005572672e-15
4.802819257437415e-05,0.05595639656,0.054,0.0,0.0,0.0005132701501144138,0.8621055742316993,0.006571294550802652,0.001755495988307064,1.9341502963002626e-08,0.06161837598866894,0.0,0.02834919837158878,1.6607420364857332e-07,8.387535965518467e-11,6.360076474330798e-07,3.345375881058056e-08,4.304011081462487e-09,2.459696828988082e-09,1.087173485639385e-06,3.916777661658293e-06,0.0008644157313288614,1.1888264528430057e-09,1.775487376122109e-07,3.5236130230037616e-23,5.105998457034714e-15
4.809785574693657e-05,0.05595639656,0.054,0.0,0.0,0.0005131310421895859,0.8621042860994621,0.006573731450233997,0.0017561916782976846,1.9375530264266418e-08,0.061616751603255464,0.0,0.028349104525249125,1.660463109100099e-07,8.383650878645195e-11,6.358158607702849e-07,3.3442678454200395e-08,4.303293231254763e-09,2.459876956660724e-09,1.0871756203862083e-06,3.916772392194062e-06,0.000864648914491699,1.1886003203890563e-09,1.775600320288441e-07,3.536022039061863e-23,5.105964651601174e-15
4.816751891949899e-05,0.05595639656,0.054,0.0,0.0,0.000512992511934385,0.8621029986659238,0.006576167532653156,0.0017568873711254645,1.940956408243724e-08,0.06161512776168619,0.0,0.028349010649540873,1.6601852179115925e-07,8.379781727367705e-11,6.356248184840891e-07,3.3431641962610625e-08,4.302578680450717e-09,2.4600591332137695e-09,1.0871781272360875e-06,3.91676845918272e-06,0.0008648815452892191,1.188376173464082e-09,1.775714443960134e-07,3.5484552498243746e-23,5.105930835700388e-15
4.823718209206141e-05,0.05595639656,0.054,0.0,0.0,0.0005128545564112573,0.8621017119280016,0.006578602801268929,0.001757583067265441,1.944360439329559e-08,0.06161350446182624,0.0,0.028348916746229254,1.6599083863772294e-07,8.375930531427931e-11,6.354345155169343e-07,3.3420648773292336e-08,4.301865466023607e-09,2.4602433466328894e-09,1.0871810029590582e-06,3.916765851218408e-06,0.000865113624925897,1.1881539996003331e-09,1.775829738496393e-07,3.560912658954857e-23,5.105897009968361e-15
4.830684526462383e-05,0.05595639656,0.054,0.0,0.0,0.0005127171726989126,0.8621004258826304,0.006581037259272163,0.00175827876718854,1.9477651172675285e-08,0.06161188170155125,0.0,0.02834882281706203,1.6596326010025337e-07,8.372095562507816e-11,6.352449493109991e-07,3.340969929971038e-08,4.301155034713067e-09,2.4604295871092085e-09,1.0871842443499889e-06,3.91676455698212e-06,0.0008653451546040497,1.1879337863605457e-09,1.7759461952961663e-07,3.573394270076584e-23,5.105863175034746e-15
4.837650843718625e-05,0.05595639656,0.054,0.0,0.0,0.0005125803578970855,0.8620991405267611,0.006583470909838137,0.0017589744713615981,1.9511704396463377e-08,0.06161025947874897,0.0,0.028348728863769723,1.6593578277701325e-07,8.368275066802266e-11,6.350561170291e-07,3.3398793428869726e-08,4.300448952628199e-09,2.460617847251942e-09,1.0871878482336779e-06,3.916764565260654e-06,0.0008655761355247241,1.1877155213954574e-09,1.7760638057981206e-07,3.5859000867727095e-23,5.105829331522969e-15
4.844617160974867e-05,0.05595639656,0.054,0.0,0.0,0.0005124441091224568,0.8620978558573629,0.006585903756127063,0.0017596701802473948,1.9545764040599953e-08,0.06160863779131824,0.0,0.02834863488807293,1.6590840853087616e-07,8.364471839672442e-11,6.348680130426667e-07,3.338793007682371e-08,4.299744592627e-09,2.4608081159422765e-09,1.0871918114468617e-06,3.916765864882941e-06,0.000865806568884483,1.1874991924936261e-09,1.7761825615116044e-07,3.598430112586569e-23,5.105795480052942e-15
4.851583478231109e-05,0.05595639656,0.054,0.0,0.0,0.0005123084235039758,0.8620965718714195,0.006588335801280786,0.0017603658943046677,1.95798300810781e-08,0.061607016637167174,0.0,0.028348540891678636,1.658811387047395e-07,8.360685729158682e-11,6.346806337199977e-07,3.337710945927946e-08,4.299041898374788e-09,2.4610003809712595e-09,1.0871961308397875e-06,3.916768444724386e-06,0.0008660364558758009,1.1872847874787693e-09,1.776302454004639e-07,3.610984351021601e-23,5.1057616212396256e-15
4.858549795487351e-05,0.05595639656,0.054,0.0,0.0,0.0005121732981916016,0.8620952885659334,0.006590767048425384,0.0017610616139881556,1.961390249394372e-08,0.06160539601421571,0.0,0.02834844687627432,1.658539694628195e-07,8.35691441276024e-11,6.344939769037314e-07,3.3366331737432144e-08,4.2983429843676025e-09,2.461194635945407e-09,1.087200803297079e-06,3.916772293781675e-06,0.0008662657976909653,1.1870722942388465e-09,1.776423474876087e-07,3.623562805541262e-23,5.105727755690912e-15
4.865516112743593e-05,0.05595639656,0.054,0.0,0.0,0.000512038730352424,0.8620940059379223,0.0065931975006718845,0.0017617573397486173,1.9647981255295392e-08,0.06160377592039474,0.0,0.028348352843536248,1.6582690054724414e-07,8.35315867974022e-11,6.343080382912464e-07,3.335559629730067e-08,4.297647054858382e-09,2.4613908710878793e-09,1.0872058257189717e-06,3.916777401106657e-06,0.0008664945955184649,1.1868617007765831e-09,1.7765456157849108e-07,3.636165479569462e-23,5.105693884010686e-15
4.872482429999835e-05,0.05595639656,0.054,0.0,0.0,0.0005119047171674551,0.8620927239844206,0.006595627161114932,0.0017624530720328495,1.9682066341284336e-08,0.06160215635364519,0.0,0.028348258795129838,1.6579993477631098e-07,8.34942041366575e-11,6.34122812836395e-07,3.3344902635763224e-08,4.296952188998136e-09,2.461589073195105e-09,1.0872111950167293e-06,3.916783755789557e-06,0.0008667228505422597,1.186652995178326e-09,1.7766688684533177e-07,3.648792376490657e-23,5.105660006798946e-15
4.879448747256077e-05,0.05595639656,0.054,0.0,0.0,0.0005117712558348186,0.8620914427024788,0.006598056032832183,0.001763148811283719,1.971615772811425e-08,0.06160053731191836,0.0,0.02834816473270203,1.6577306951943213e-07,8.345697377594402e-11,6.339382983956601e-07,3.3334251159280095e-08,4.2962603867159446e-09,2.461789234972015e-09,1.0872169081297475e-06,3.91679134701913e-06,0.0008669505639452137,1.186446165567392e-09,1.776793224641489e-07,3.661443499649574e-23,5.105626124648954e-15
4.886415064512319e-05,0.05595639656,0.054,0.0,0.0,0.0005116383435718098,0.8620901620891642,0.006600484118886467,0.0017638445579401863,1.9750255392041176e-08,0.06159891879317692,0.0,0.028348070657884784,1.65746301489301e-07,8.341988268837467e-11,6.337544922856938e-07,3.332364169681303e-08,4.295572867011509e-09,2.4619913501286383e-09,1.087222962022657e-06,3.916800164073311e-06,0.0008671777369083431,1.1862412001629347e-09,1.7769186761555618e-07,3.6741188523515016e-23,5.1055922381485906e-15
4.893381381768561e-05,0.05595639656,0.054,0.0,0.0,0.0005115059776104819,0.8620888821415594,0.006602911422325895,0.0017645403124373345,1.978435930937342e-08,0.061597300795393814,0.0,0.028347976572302133,1.6571963400189534e-07,8.338296282163217e-11,6.335713886607379e-07,3.331307318423409e-08,4.294886503842759e-09,2.462195404926475e-09,1.087229353668283e-06,3.9168101962590655e-06,0.0008674043706075127,1.186038087299914e-09,1.7770452148676172e-07,3.6868184378627334e-23,5.105558347882933e-15
4.900347699024803e-05,0.05595639656,0.054,0.0,0.0,0.0005113741551960101,0.8620876028567631,0.006605337946180873,0.0017652360752063879,1.9818469456471395e-08,0.06159568331655136,0.0,0.02834788247756272,1.6569306733798243e-07,8.334620394990156e-11,6.333889843796772e-07,3.3302545968710224e-08,4.294202067417186e-09,2.462401388904597e-09,1.0872360800574383e-06,3.916821432945623e-06,0.0008676304662157695,1.1858368153386849e-09,1.7771728326968417e-07,3.699542259410212e-23,5.105524454431441e-15
4.9066173845554205e-05,0.05595639656,0.054,0.0,0.0,0.000511255977495208,0.8620864520647632,0.006607521153598461,0.0017658622691243402,1.9849173895813075e-08,0.06159422802762891,0.0,0.028347797785783106,1.6566924003494474e-07,8.331324185123882e-11,6.332254168946822e-07,3.3293106861176584e-08,4.293589330292555e-09,2.46258842012616e-09,1.0872424175526892e-06,3.9168325671184825e-06,0.0008678334931648624,1.1856572349913508e-09,1.7772886047385015e-07,3.71101442324928e-23,5.1054939480748474e-15
4.912887070086038e-05,0.05595639656,0.054,0.0,0.0,0.0005111382358697927,0.8620853018052085,0.006609703734184069,0.0017664884703977241,1.9879883344998947e-08,0.06159277315596764,0.0,0.028347713089027934,1.6564549108236973e-07,8.328040256393361e-11,6.330624111407863e-07,3.328370074726807e-08,4.292978847982005e-09,2.4627770027634937e-09,1.087249021617859e-06,3.9168446607838825e-06,0.0008680360860624521,1.1854791280599097e-09,1.7774052385248317e-07,3.722506223157044e-23,5.105463440017182e-15
4.919156755616655e-05,0.05595639656,0.054,0.0,0.0,0.0005110209283449323,0.8620841520760172,0.006611885690115587,0.0017671146793329965,1.991059778690359e-08,0.061591318700118275,0.0,0.02834762838844434,1.6562182364634031e-07,8.324770167027663e-11,6.328999630721766e-07,3.327432723503912e-08,4.292368942612975e-09,2.4629671254027457e-09,1.08725589009592e-06,3.916857706321218e-06,0.0008682382457571623,1.1853024862351434e-09,1.7775227282726613e-07,3.734017661405047e-23,5.10543293067168e-15
4.9254264411472724e-05,0.05595639656,0.054,0.0,0.0,0.0005109040529573115,0.8620830028751171,0.006614067023559902,0.0017677408962341464,1.994131720443547e-08,0.061589864658638076,0.0,0.028347543685165403,1.6559823431068348e-07,8.321511323186285e-11,6.327380720972583e-07,3.326498693151585e-08,4.2917620800980385e-09,2.4631587857588868e-09,1.087263020851968e-06,3.9168716961871015e-06,0.0008684399730980191,1.1851273012285648e-09,1.777641068217041e-07,3.745548740238964e-23,5.105402420446446e-15
4.93169612667789e-05,0.05595639656,0.054,0.0,0.0,0.000510787607756377,0.8620818542004465,0.0066162477366756706,0.0017683671214027117,1.9972041580536895e-08,0.06158841103009175,0.0,0.028347458980317132,1.6557472235873232e-07,8.318264531029235e-11,6.325767353259712e-07,3.325567923224256e-08,4.291157493251212e-09,2.4633519774140852e-09,1.0872704117649384e-06,3.916886622887682e-06,0.0008686412689322274,1.184953564835885e-09,1.7777602526282366e-07,3.7570994618791706e-23,5.1053719097471015e-15
4.9373388436554457e-05,0.05595639656,0.054,0.0,0.0,0.0005106831732793073,0.8620808208414731,0.006618209849874629,0.0017689307313703193,1.9999697744534175e-08,0.061587103116277235,0.0,0.028347382745537518,1.6555362902251922e-07,8.315353517481555e-11,6.324320031802269e-07,3.3247329842802814e-08,4.290614436830793e-09,2.4635271513959537e-09,1.0872772842720347e-06,3.916900851733159e-06,0.0008688220669425055,1.1847984338979814e-09,1.777868235912528e-07,3.767511907769556e-23,5.10534445004574e-15
4.9429815606330016e-05,0.05595639656,0.054,0.0,0.0,0.000510579084269735,0.8620797879055947,0.006620171463906167,0.0017694943484932058,2.0027357898795855e-08,0.061585795534743824,0.0,0.028347306511203305,1.6553259928476388e-07,8.312452297831493e-11,6.322877156359414e-07,3.3239006739209874e-08,4.290073005281811e-09,2.463703553574605e-09,1.0872843642586536e-06,3.916915827939734e-06,0.0008690025167304064,1.1846444637904102e-09,1.7779768944742713e-07,3.7779402676940723e-23,5.105316990578653e-15
4.9486242776105575e-05,0.05595639656,0.054,0.0,0.0,0.0005104753393259544,0.8620787553913294,0.0066221325803227345,0.0017700579729861535,2.0055022030956914e-08,0.061584488284458457,0.0,0.028347230278116597,1.6551163089038464e-07,8.309559842888526e-11,6.321438719179626e-07,3.323071006461335e-08,4.289534231090959e-09,2.4638811822386943e-09,1.0872916502040334e-06,3.916931546133528e-06,0.0008691826189100707,1.1844916486176584e-09,1.7780862241992858e-07,3.788384543218667e-23,5.1052895316347484e-15
4.9542669945881134e-05,0.05595639656,0.054,0.0,0.0,0.0005103719370537929,0.8620777232972013,0.006624093200671374,0.0017706216050623743,2.0082690128674362e-08,0.061583181364392746,0.0,0.028347154047075766,1.6549072411249168e-07,8.306677418411687e-11,6.320004694990465e-07,3.322243919016529e-08,4.288996884825073e-09,2.464060031586617e-09,1.0872991405946025e-06,3.916948000966522e-06,0.0008693623740940575,1.1843399825337692e-09,1.7781962209980543e-07,3.7988447358929207e-23,5.105262073501599e-15
4.9599097115656693e-05,0.05595639656,0.054,0.0,0.0,0.0005102688760631655,0.8620766916217412,0.006626053326492136,0.00177118524493351,2.011036217962719e-08,0.06158187477352217,0.0,0.028347077818876156,1.6546988196400436e-07,8.303806471884676e-11,6.318575049073649e-07,3.3214193611821666e-08,4.288459358601532e-09,2.464240091651934e-09,1.0873068339173535e-06,3.9169651870925095e-06,0.0008695417828922757,1.1841894597114588e-09,1.7783068808080854e-07,3.8093208472500656e-23,5.105234616465705e-15
4.965552428543225e-05,0.05595639656,0.054,0.0,0.0,0.0005101661549690229,0.8620756603634865,0.006628012959316793,0.0017717488928096475,2.0138038171516377e-08,0.06158056851082558,0.0,0.02834700159430349,1.6544910144190573e-07,8.30094353141108e-11,6.317149786121869e-07,3.320597446581939e-08,4.287924973248061e-09,2.4644213625228284e-09,1.0873147286700467e-06,3.9169830992018485e-06,0.0008697208459147148,1.184040074320065e-09,1.7784181995769705e-07,3.819812878806419e-23,5.1052071608100194e-15
4.971195145520781e-05,0.05595639656,0.054,0.0,0.0,0.0005100637723988508,0.8620746295209816,0.0066299721006731665,0.001772312548899157,2.0165718092067164e-08,0.06157926257528786,0.0,0.02834692537413812,1.6542838158169304e-07,8.298090173463542e-11,6.315728885606412e-07,3.319778097586895e-08,4.287392317975194e-09,2.46460384051033e-09,1.0873228233679124e-06,3.917001732047937e-06,0.0008698995637711171,1.1838918206179564e-09,1.778530173275385e-07,3.830320832063546e-23,5.10517970681564e-15
4.9762735908005814e-05,0.05595639656,0.054,0.0,0.0,0.0005099719163908342,0.8620737021169941,0.006631734908946301,0.0017728198465733827,2.0190633369437477e-08,0.06157808751218805,0.0,0.028346856780400765,1.654097866272441e-07,8.295530854141483e-11,6.314453782897985e-07,3.319042847744599e-08,4.286913793535655e-09,2.4647690965554372e-09,1.0873302783194467e-06,3.91701911349383e-06,0.0008700601152268645,1.183759355134836e-09,1.7786315062558264e-07,3.839791604274511e-23,5.105154999872791e-15
4.9813520360803816e-05,0.05595639656,0.054,0.0,0.0,0.0005098803324819765,0.8620727750475361,0.006633497321466885,0.0017733271512181186,2.0215551810175592e-08,0.0615769127125318,0.0,0.02834678819142626,1.6539124153698525e-07,8.292979119293597e-11,6.313182182079332e-07,3.318309666172598e-08,4.286436671090122e-09,2.4649353212678716e-09,1.0873378929425823e-06,3.9170370706646514e-06,0.000870220388032043,1.183627797498096e-09,1.7787333635731714e-07,3.849275275333661e-23,5.105130294705261e-15
4.986430481360182e-05,0.05595639656,0.054,0.0,0.0,0.0005097890196836603,0.8620718483115603,0.006635259339334161,0.0017738344629819299,2.0240473405380803e-08,0.06157573817558772,0.0,0.028346719607772356,1.6537274580381953e-07,8.290434878560708e-11,6.311914072239125e-07,3.317578548497949e-08,4.2859610338501616e-09,2.4651025119195263e-09,1.0873456661685524e-06,3.917055599783147e-06,0.0008703803826280161,1.1834971435713337e-09,1.7788357423370364e-07,3.8587718463047785e-23,5.105105591513929e-15
4.991508926639982e-05,0.05595639656,0.054,0.0,0.0,0.0005096979770097516,0.8620709219080211,0.006637020963645701,0.0017743417820128996,2.0265398146159285e-08,0.06157456390062581,0.0,0.028346651029995236,1.6535429921075428e-07,8.287898523373087e-11,6.310649439530286e-07,3.3168494708694515e-08,4.2854864932857026e-09,2.4652706651132692e-09,1.0873535969294287e-06,3.917074697075008e-06,0.0008705400994558699,1.1833673892297298e-09,1.7789386396586722e-07,3.868281318233291e-23,5.105080890499127e-15
4.996587371919782e-05,0.05595639656,0.054,0.0,0.0,0.0005096072034788733,0.8620699958358791,0.006638782195493382,0.0017748491084578003,2.0290326023636097e-08,0.06157338988691959,0.0,0.028346582458646814,1.6533590185445762e-07,8.285370030686202e-11,6.309388269734249e-07,3.316122423725896e-08,4.285013008919324e-09,2.465439776888252e-09,1.0873616841628045e-06,3.9170943587852514e-06,0.0008706995389554009,1.183238530369096e-09,1.7790420526697868e-07,3.8778036921541225e-23,5.105056191859622e-15
5.0016658171995824e-05,0.05595639656,0.054,0.0,0.0,0.000509516698111424,0.8620690700940966,0.006640543035966437,0.001775356442462838,2.031525702894443e-08,0.061572216133743904,0.0,0.028346513894276917,1.6531755354504642e-07,8.282848806684827e-11,6.308130551700698e-07,3.315397419648392e-08,4.2845410978335066e-09,2.465609843978235e-09,1.0873699268076052e-06,3.9171145811633355e-06,0.0008708587015659019,1.183110562889765e-09,1.7791459785065368e-07,3.887338969093674e-23,5.1050314957934345e-15
5.0067442624793826e-05,0.05595639656,0.054,0.0,0.0,0.0005094264599344521,0.8620681446816412,0.006642303486149516,0.0017758637841729288,2.034019115323611e-08,0.061571042640377334,0.0,0.028346445337430734,1.6529925394124905e-07,8.280335278714721e-11,6.306876273020162e-07,3.3146744387525e-08,4.2840703589541836e-09,2.4657808635145203e-09,1.0873783238139754e-06,3.917135360498606e-06,0.0008710175877261003,1.1829834827302e-09,1.7792504143237913e-07,3.896887150075165e-23,5.105006802496921e-15
5.011822707759183e-05,0.05595639656,0.054,0.0,0.0,0.0005093364879792768,0.8620672195974856,0.00664406354712214,0.0017763711337318198,2.0365128387679898e-08,0.061569869406101596,0.0,0.02834637678864946,1.6528100293069054e-07,8.277829305240887e-11,6.305625420547349e-07,3.313953472959584e-08,4.283600875780807e-09,2.4659528318072955e-09,1.0873868741352752e-06,3.917156693091501e-06,0.0008711761978736253,1.1828572858457001e-09,1.7793553572933086e-07,3.906448236101751e-23,5.104982112164995e-15
5.016901153038983e-05,0.05595639656,0.054,0.0,0.0,0.0005092467812810737,0.8620662948406063,0.006645823219960026,0.0017768784912823234,2.039006872345824e-08,0.061568696430200895,0.0,0.02834630824847116,1.6526280036586178e-07,8.275330858307785e-11,6.304377981946204e-07,3.313234517292726e-08,4.28313264740164e-09,2.466125745672376e-09,1.0873955767300185e-06,3.917178575260594e-06,0.0008713345324453804,1.182731968210308e-09,1.7794608045983253e-07,3.916022228169673e-23,5.1049574249914335e-15
5.021979598318783e-05,0.05595639656,0.054,0.0,0.0,0.000509157338878761,0.8620653704099834,0.006647582505735352,0.0017773858569663798,2.0415012151766306e-08,0.06156752371196182,0.0,0.02834623971743078,1.6524464606750634e-07,8.272839909597117e-11,6.303133944825768e-07,3.31251756369335e-08,4.282665667092722e-09,2.466299601760497e-09,1.0874044305610983e-06,3.917201003339858e-06,0.0008714925918776619,1.1826075258150026e-09,1.7795667534326783e-07,3.925609127264057e-23,5.104932741168895e-15
5.0321364888783835e-05,0.05595639656,0.054,0.0,0.0,0.0005089792431371368,0.8620635225234473,0.0066510999203676655,0.0017784006132981808,2.0464908250821876e-08,0.061565179045627895,0.0,0.02834610268488729,1.6520848159879618e-07,8.267880389347413e-11,6.300656025352349e-07,3.311089632781102e-08,4.281735436110831e-09,2.466650127471386e-09,1.0874225878071909e-06,3.917247482646848e-06,0.0008718078870653855,1.1823612508004091e-09,1.7797801445261045e-07,3.944821650419519e-23,5.104883384341647e-15
5.042293379437984e-05,0.05595639656,0.054,0.0,0.0,0.0005088021931440879,0.8620616759297962,0.006654615799519414,0.0017794154038439161,2.051481661468495e-08,0.06156283540144393,0.0,0.028345965695233552,1.6517250817986714e-07,8.262950514883685e-11,6.298191563525096e-07,3.309669620965372e-08,4.280810148303465e-09,2.4670043827614915e-09,1.0874413376699422e-06,3.9172961020119375e-06,0.0008721220869128908,1.1821184290944023e-09,1.7799955083666112e-07,3.964085813236145e-23,5.104834043201052e-15
5.052450269997584e-05,0.05595639656,0.054,0.0,0.0,0.0005086261813529354,0.8620598306210125,0.006658130151628312,0.0017804302297049922,2.0564737173419912e-08,0.06156049277379563,0.0,0.02834582875263131,1.6513672448304755e-07,8.258050059061556e-11,6.295740461709926e-07,3.308257470289619e-08,4.279889769344174e-09,2.467362341668187e-09,1.087460672022855e-06,3.917346832705702e-06,0.0008724351948846965,1.1818790292860553e-09,1.7802128229458985e-07,3.983401623214167e-23,5.104784719245856e-15
5.062607160557185e-05,0.05595639656,0.054,0.0,0.0,0.0005084512002801663,0.8620579865891416,0.006661642985069904,0.001781445091967651,2.0614669857316844e-08,0.0615581511571101,0.0,0.028345691861189935,1.65101129185326e-07,8.253178796520189e-11,6.293302623030684e-07,3.3068531226443633e-08,4.2789742650335956e-09,2.4677239784226495e-09,1.0874805828161737e-06,3.917399646268551e-06,0.0008727472144338194,1.1816430202587128e-09,1.7804320664532985e-07,4.002769087686882e-23,5.104735413955912e-15
5.072764051116785e-05,0.05595639656,0.054,0.0,0.0,0.000508277242504415,0.8620561438262908,0.006665154308158451,0.0017824599917032,2.0664614596889615e-08,0.061555810545855225,0.0,0.02834555502496727,1.6506572097527947e-07,8.248336504018916e-11,6.290877951415573e-07,3.305456520541173e-08,4.278063601424196e-09,2.4680892674601706e-09,1.0875010620753648e-06,3.917454514505373e-06,0.0008730581490018998,1.1814103711847542e-09,1.7806532172720804e-07,4.022188213820687e-23,5.104686128792494e-15
5.0829209416763855e-05,0.05595639656,0.054,0.0,0.0,0.0005081043006656559,0.8620543023246288,0.006668664129147642,0.001783474929968201,2.0714571322874457e-08,0.06155347093453911,0.0,0.028345418247970433,1.6503049855253243e-07,8.243522960311331e-11,6.288466351609549e-07,3.304067607039995e-08,4.277157744879642e-09,2.4684581834162304e-09,1.0875221019000612e-06,3.917511409481825e-06,0.0008733680020193075,1.1811810515213e-09,1.7808762539765112e-07,4.0416590086155224e-23,5.104636865198575e-15
5.103234722795586e-05,0.05595639656,0.054,0.0,0.0,0.000507761435662835,0.8620506230738467,0.00667567929754226,0.0017855049262397377,2.0814520458135118e-08,0.06154879468995575,0.0,0.02834514488743122,1.649606059178248e-07,8.233981244160024e-11,6.283681990352692e-07,3.301312620409384e-08,4.275360319719458e-09,2.469206795611897e-09,1.0875658320126673e-06,3.917631169210774e-06,0.000873984477067534,1.1807322796640213e-09,1.7813279002874843e-07,4.080755631360152e-23,5.104538408400376e-15
5.123548503914787e-05,0.05595639656,0.054,0.0,0.0,0.0005074225475968411,0.8620469487753476,0.006682688555090111,0.0017875350889447808,2.0914516713413725e-08,0.06154412238021891,0.0,0.028344871810632628,1.6489144108066446e-07,8.224551917246155e-11,6.278948792917226e-07,3.2985877166612015e-08,4.273581725653104e-09,2.4699696160074948e-09,1.0876117114109935e-06,3.9177587071141845e-06,0.0008745966667984827,1.1802964659312795e-09,1.7817868377397814e-07,4.120059008615543e-23,5.104440054745586e-15
5.143862285033988e-05,0.05595639656,0.054,0.0,0.0,0.0005070875797384201,0.8620432793686276,0.006689691965688881,0.0017895654260181746,2.1014559542545866e-08,0.06153945396281192,0.0,0.028344599047854677,1.6482299400098631e-07,8.215233279406901e-11,6.274266025279294e-07,3.295892457240714e-08,4.271821702933802e-09,2.470746448677044e-09,1.0876596794994711e-06,3.917893808885919e-06,0.0008752045982558268,1.1798733759438766e-09,1.7822529016413017e-07,4.159569190454668e-23,5.104341815136999e-15
5.1641760661531886e-05,0.05595639656,0.054,0.0,0.0,0.0005067564762860639,0.8620396147941134,0.006696689592312897,0.0017915959451712303,2.1114648402867588e-08,0.06153478939583235,0.0,0.028344326628613137,1.647552547965859e-07,8.20602366051651e-11,6.269632965523833e-07,3.2932264109938284e-08,4.270079995896389e-09,2.4715371007164474e-09,1.087709676810109e-06,3.918036264185463e-06,0.0008758082983089467,1.179462779609429e-09,1.7827259302024645e-07,4.19928622434954e-23,5.104243700201754e-15
5.1844898472723894e-05,0.05595639656,0.054,0.0,0.0,0.0005064291823477174,0.8620359549931419,0.006703681497028974,0.0017936266538960053,2.121478275519243e-08,0.061530128637981435,0.0,0.028344054581675892,1.6468821373989999e-07,8.196921419829715e-11,6.265048903588673e-07,3.290589153995327e-08,4.268356352876755e-09,2.4723413821840808e-09,1.0877616449809463e-06,3.918185866562412e-06,0.0008764077936550477,1.1790644510301375e-09,1.7832057644803445e-07,4.2392101551892833e-23,5.104145720297215e-15
5.2251174095107916e-05,0.05595639656,0.054,0.0,0.0,0.0005057858078871586,0.8620286494816412,0.006717648384558077,0.0017976886689573107,2.1415185796362318e-08,0.061520818387428386,0.0,0.0283435117161405,1.6455618791584712e-07,8.179032653324326e-11,6.25602499083504e-07,3.285399347377201e-08,4.2649622717994625e-09,2.4739900881252765e-09,1.0878712658662947e-06,3.918505705779954e-06,0.000877594276166197,1.1783037139939942e-09,1.7841852283375294e-07,4.319678874466464e-23,5.1039502056949095e-15
5.261198038895614e-05,0.05595639656,0.054,0.0,0.0,0.00050522669268317,0.8620221770347495,0.00673003353637049,0.0018012967786817339,2.159330758033518e-08,0.061512562496947386,0.0,0.02834303112309226,1.6444118691589228e-07,8.163490519065387e-11,6.248168590710984e-07,3.280882897491808e-08,4.2620062345837165e-09,2.4754981759236706e-09,1.0879746764809828e-06,3.918811767387993e-06,0.0008786341284502774,1.1776671218130597e-09,1.7850763921635446e-07,4.391835968470791e-23,5.1037771218349275e-15
5.297278668280437e-05,0.05595639656,0.054,0.0,0.0,0.0005046788068394743,0.8620157188019066,0.006742401533636665,0.0018049055900934874,2.177156490762185e-08,0.0615043180266897,0.0,0.028342552106638993,1.643282483699547e-07,8.148263649404221e-11,6.240456567832357e-07,3.2764511880246044e-08,4.259103562109577e-09,2.477046524479946e-09,1.0880834720619886e-06,3.919137430055764e-06,0.0008796611107571183,1.1770660039067148e-09,1.7859867517871165e-07,4.464646337717998e-23,5.103604608700265e-15
5.329751234726777e-05,0.05595639656,0.054,0.0,0.0,0.0005041950805210039,0.8620099182979108,0.006753518327260439,0.0018081541491959867,2.1932109991052708e-08,0.061496907592599494,0.0,0.02834212245339751,1.6422832613077326e-07,8.134822191815278e-11,6.233636214791615e-07,3.272533330288795e-08,4.256535724392366e-09,2.4784736600345317e-09,1.0881857513094558e-06,3.91944643255701e-06,0.0008805745099597311,1.176554392408606e-09,1.7868218272977782e-07,4.530734357062904e-23,5.103449875728398e-15
5.362223801173117e-05,0.05595639656,0.054,0.0,0.0,0.0005037200270433076,0.8620041288522317,0.006764621710106372,0.0018114033290968824,2.2092760418135923e-08,0.06148950608656312,0.0,0.028341694284116804,1.6412999920014213e-07,8.121623567625822e-11,6.22692734108635e-07,3.2686808568346956e-08,4.254009164508491e-09,2.479931933577527e-09,1.0882919506790043e-06,3.919769748258105e-06,0.0008814777048546758,1.1760697980739683e-09,1.7876712391764063e-07,4.597351766455626e-23,5.1032956795155044e-15
5.394696367619457e-05,0.05595639656,0.054,0.0,0.0,0.0005032534539571425,0.8619983502573113,0.006775711903583441,0.0018146531527252333,2.2253514116415877e-08,0.06148211336125178,0.0,0.028341267690426664,1.6403323327178092e-07,8.108662092415148e-11,6.220327460211022e-07,3.2648922880575755e-08,4.2515229948879675e-09,2.481420673132684e-09,1.0884018706265478e-06,3.920106670555396e-06,0.0008823707982299984,1.175611443486408e-09,1.788534438110542e-07,4.6644986535122245e-23,5.103142053035166e-15
5.427168934065797e-05,0.05595639656,0.054,0.0,0.0,0.0005027951736508251,0.8619925823105073,0.006786789124141758,0.0018179036418413666,2.241436903472447e-08,0.06147472927263563,0.0,0.028340842760061387,1.639379948696249e-07,8.095932235284067e-11,6.213834148634103e-07,3.2611661826018797e-08,4.249076349434349e-09,2.4829392226062794e-09,1.088515317553509e-06,3.920456513772817e-06,0.0008832538918747843,1.1751785731636167e-09,1.7894108900783394e-07,4.732175090347021e-23,5.102989027856257e-15
5.459641500512137e-05,0.05595639656,0.054,0.0,0.0,0.0005023450032069077,0.8619868248139577,0.0067978535834006424,0.0018211548170718862,2.2575323142982727e-08,0.06146735367989854,0.0,0.02834041957698843,1.638442513245423e-07,8.083428613842808e-11,6.207445043917014e-07,3.2575011361705064e-08,4.246668382924589e-09,2.4844869413395354e-09,1.088632103643563e-06,3.920818612589886e-06,0.0008841270865953587,1.1747704528537537e-09,1.7903000759258132e-07,4.8003811337690287e-23,5.102836634189389e-15
5.492114066958477e-05,0.05595639656,0.054,0.0,0.0,0.0005019027642663845,0.8619810775744506,0.006808905488270999,0.0018244066979432347,2.2736374432006307e-08,0.06145998644535677,0.0,0.028339998221530466,1.6375197075231091e-07,8.071145989544747e-11,6.201157842944988e-07,3.253895780408543e-08,4.244298270442741e-09,2.486063203675259e-09,1.0887520467015334e-06,3.921192321476504e-06,0.0008849904822305839,1.174386368874092e-09,1.791201490957529e-07,4.869116825473051e-23,5.102684900930924e-15
5.524586633404817e-05,0.05595639656,0.054,0.0,0.0,0.000501468282895591,0.8619753404032979,0.006819945041075508,0.0018276593029146458,2.2897520913313067e-08,0.061452627434378966,0.0,0.028339578770485013,1.6366112203091442e-07,8.059079263282721e-11,6.19497030017934e-07,3.250348781867354e-08,4.24196520678615e-09,2.4876673985301256e-09,1.088874969986716e-06,3.9215770141072815e-06,0.0008858441776669265,1.1740256274697985e-09,1.7921146445156562e-07,4.93838219224536e-23,5.102533855706256e-15
5.557059199851157e-05,0.05595639656,0.054,0.0,0.0,0.0005010413894590463,0.8619696131162122,0.006830972439664225,0.0018309126494099254,2.3058760618933438e-08,0.061445276515309316,0.0,0.02833916129723874,1.6357167477960104e-07,8.047223470916386e-11,6.188880225974608e-07,3.246858840948313e-08,4.2396684059230404e-09,2.489298929009296e-09,1.0890007020737337e-06,3.921972082874449e-06,0.0008866882708526691,1.1736875541939694e-09,1.7930390596118583e-07,5.008177246164078e-23,5.102383524911114e-15
5.589531766297497e-05,0.05595639656,0.054,0.0,0.0,0.0005006219184950837,0.8619638955331889,0.006841987877527849,0.0018341667538485972,2.3220091601222895e-08,0.0614379335593922,0.0,0.028338745871879224,1.634835993396567e-07,8.035573778876487e-11,6.182885484969671e-07,3.243424690824998e-08,4.237407100508632e-09,2.490957212010713e-09,1.0891290767113945e-06,3.92237693839323e-06,0.0008875228588118684,1.173371493298478e-09,1.7939742725660542e-07,5.078501984773364e-23,5.102233933751735e-15
5.622004332743837e-05,0.05595639656,0.054,0.0,0.0,0.0005002097085971854,0.8619581874783909,0.006852991543906726,0.0018374216316759534,2.3381511932677335e-08,0.06143059844069973,0.0,0.02833833256130175,1.6339686675364294e-07,8.024125480504716e-11,6.176983994547716e-07,3.2400450965753175e-08,4.235180541338469e-09,2.492641677821608e-09,1.089259932655198e-06,3.922791008911481e-06,0.0008883480376577656,1.1730768071809318e-09,1.7949198326071848e-07,5.1493563912847216e-23,5.102085106283513e-15
5.654476899190177e-05,0.05595639656,0.054,0.0,0.0,0.0004998046022981547,0.8619524887800375,0.006863983623897359,0.0018406772973924143,2.354301970575081e-08,0.06142327103606087,0.0,0.02833792142931354,1.6331144874459893e-07,8.012873992147144e-11,6.171173723274122e-07,3.236718854291432e-08,4.232987996792662e-09,2.4943517697763626e-09,1.0893931135363398e-06,3.923213739850691e-06,0.000889163902605746,1.1728028758300646e-09,1.7958753015183025e-07,5.2207404347999723e-23,5.101937065448882e-15
5.686949465636517e-05,0.05595639656,0.054,0.0,0.0,0.000499406445959007,0.8619467992702973,0.006874964298555095,0.0018439337645819072,2.37046130326758e-08,0.061415951224993166,0.0,0.02833751253673351,1.6322731770088993e-07,8.001814848724412e-11,6.165452689453063e-07,3.2334447899681865e-08,4.230828752477582e-09,2.4960869439346804e-09,1.0895284677695611e-06,3.923644593486174e-06,0.0008899705479855256,1.1725490962550382e-09,1.796840253364017e-07,5.2926540704635065e-23,5.101789833112998e-15
5.719422032082857e-05,0.05595639656,0.054,0.0,0.0,0.0004990150896611088,0.8619411187851831,0.006885933744994434,0.0018471910459395937,2.3866290045285548e-08,0.061408638889636005,0.0,0.02833710594148951,1.631444466586207e-07,7.990943700635294e-11,6.159818959788328e-07,3.2302217587138516e-08,4.228702110777809e-09,2.497846668667999e-09,1.0896658483748454e-06,3.924083048316379e-06,0.000890768067253464,1.1723148820016487e-09,1.7978142741138588e-07,5.365097239628836e-23,5.101643430098616e-15
5.751894598529197e-05,0.05595639656,0.054,0.0,0.0,0.0004986303871025622,0.8619354471644519,0.006896892136485996,0.0018504491532987362,2.4028048894838687e-08,0.06140133391468615,0.0,0.028336701698711702,1.630628092780413e-07,7.980256311094242e-11,6.154270647951858e-07,3.227048644233885e-08,4.226607390175129e-09,2.499630424333629e-09,1.0898051128164632e-06,3.924528598495142e-06,0.0008915565530042904,1.1720996627132461e-09,1.7987969612466539e-07,5.438069870138315e-23,5.1014978762206614e-15
5.784367164975537e-05,0.05595639656,0.054,0.0,0.0,0.000498252195496636,0.8619297842515057,0.006907839642551125,0.0018537080976568972,2.4189887751845804e-08,0.06139403618733478,0.0,0.02833629986082362,1.6298237983085355e-07,7.969748551117388e-11,6.148805913186885e-07,3.2239243576033904e-08,4.224543924965067e-09,2.501437703078267e-09,1.0899461229961367e-06,3.9249807538178015e-06,0.0008923360969818544,1.1719028835392853e-09,1.799787923571618e-07,5.5115718764805e-23,5.101353190318778e-15
5.816839731421877e-05,0.05595639656,0.054,0.0,0.0,0.0004978803754747142,0.8619241298932974,0.006918776429053426,0.0018569678892013481,2.435180480589817e-08,0.06138674559720666,0.0,0.028335900477629614,1.6290313319244987e-07,7.959416396098773e-11,6.14342295922538e-07,3.2208478362277004e-08,4.222511065157074e-09,2.503268008419852e-09,1.0900887451049975e-06,3.925439039196934e-06,0.0008931067900900565,1.171724004659294e-09,1.8007867809644003e-07,5.585603159837055e-23,5.101209390287652e-15
5.849312297868217e-05,0.05595639656,0.054,0.0,0.0,0.0004975147909927222,0.8619184839402391,0.006929702658288003,0.0018602285373338675,2.451379826549842e-08,0.061379462036300715,0.0,0.02833550359639972,1.6282504481187677e-07,7.949255925800897e-11,6.138120033039767e-07,3.2178180440413335e-08,4.22050817552809e-09,2.5051208548088e-09,1.0902328493209459e-06,3.925902993585239e-06,0.0008938687224042476,1.1715625010730625e-09,1.801793163825407e-07,5.660163608438258e-23,5.10106649310921e-15
5.8817848643145574e-05,0.05595639656,0.054,0.0,0.0,0.000497155309239238,0.861912846246112,0.006940618489067913,0.0018634900506947734,2.4675866357893095e-08,0.061372185398932626,0.0,0.028335109261951725,1.627480906918176e-07,7.939263319164721e-11,6.13289542333187e-07,3.214833970474323e-08,4.218534635045818e-09,2.5069957676497513e-09,1.0903783099036691e-06,3.926372170328772e-06,0.0008946219831804007,1.1714178620078838e-09,1.8028067129182662e-07,5.735253097863832e-23,5.100924514883285e-15
5.9142574307608974e-05,0.05595639656,0.054,0.0,0.0,0.000496801800546204,0.8619072166679803,0.0069515240768084135,0.0018667524371863361,2.483800732890715e-08,0.061364915581678676,0.0,0.028334717516731053,1.6267224740391998e-07,7.929434847414461e-11,6.127747459650846e-07,3.211894628233231e-08,4.216589837643758e-09,2.5088922830149123e-09,1.0905250052583702e-06,3.926846137398047e-06,0.0008953666608641475,1.171289590173584e-09,1.8038270794329838e-07,5.810871490822369e-23,5.1007834708527375e-15
5.9467299972072374e-05,0.05595639656,0.054,0.0,0.0,0.0004964541383060203,0.8619015950661074,0.0069624195736086485,0.0018700157039955863,2.5000219442780087e-08,0.06135765248332146,0.0,0.02833432840088702,1.625974920603058e-07,7.919766878376836e-11,6.122674511633934e-07,3.2089990543790634e-08,4.214673191293913e-09,2.5108099468086767e-09,1.09067281731363e-06,3.927324475161924e-06,0.0008961028431026206,1.1711772019543038e-09,1.8048539242706944e-07,5.887018637450731e-23,5.100643375432162e-15
5.9792025636535774e-05,0.05595639656,0.054,0.0,0.0,0.0004961121988883673,0.8618959813038746,0.006973305128331286,0.0018732798576165009,2.5162500982003906e-08,0.06135039600479699,0.0,0.02833394195234745,1.6252380225411576e-07,7.910255875307472e-11,6.117674987166218e-07,3.20614631100517e-08,4.212784115882066e-09,2.512748314973567e-09,1.0908216315249942e-06,3.927806776423066e-06,0.0008968306167532424,1.1710802271782901e-09,1.8058869175317836e-07,5.963694376134565e-23,5.1005042422405724e-15
6.0116751300999175e-05,0.05595639656,0.054,0.0,0.0,0.0004957758615562087,0.8618903752477016,0.006984180886679755,0.0018765449038714928,2.532485024716272e-08,0.06134314604914325,0.0,0.028333558206891592,1.6245115610725225e-07,7.900898380030127e-11,6.112747331298291e-07,3.2033354803021823e-08,4.210922045286075e-09,2.5147069538731956e-09,1.090971337630759e-06,3.928292649122723e-06,0.0008975500678886667,1.1709982074714237e-09,1.8069257392223296e-07,6.040898532953085e-23,5.100366084120937e-15
6.0441476965462575e-05,0.05595639656,0.054,0.0,0.0,0.0004954450083920278,0.8618847767669693,0.006995046991273467,0.0018798108479324519,2.5487265556774033e-08,0.06133590252145007,0.0,0.028333177198219324,1.6237953229608156e-07,7.891691018900914e-11,6.107890026597822e-07,3.200565664928017e-08,4.209086428515636e-09,2.5166854386632346e-09,1.0911218286651299e-06,3.928781712788504e-06,0.0008982612818094615,1.1709306966248122e-09,1.8079700787514338e-07,6.118630921291872e-23,5.1002289131601885e-15
6.0766202629925975e-05,0.05595639656,0.054,0.0,0.0,0.0004951195242269143,0.861879185733948,0.007005903581720922,0.0018830776943412424,2.564974524713148e-08,0.06132866532881064,0.0,0.028332798958017654,1.6230890989433353e-07,7.882630519543818e-11,6.103101591177126e-07,3.197835994459872e-08,4.207276723616497e-09,2.5186833530227455e-09,1.0912730000303838e-06,3.929273595265208e-06,0.0008989643430564015,1.170877262100583e-09,1.8090196332281316e-07,6.196891343818475e-23,5.100092740729648e-15
6.109092829438938e-05,0.05595639656,0.054,0.0,0.0,0.0004947992965553977,0.861873602023721,0.007016750794691144,0.0018863454470295095,2.581228767214904e-08,0.061321434380274126,0.0,0.02833242351602913,1.6223926841911555e-07,7.873713672089773e-11,6.098380576029189e-07,3.19514561573535e-08,4.205492399893418e-09,2.5207002917381514e-09,1.091424752055589e-06,3.9297679418759664e-06,0.0008996593354064932,1.1708374812302583e-09,1.8100741090666042e-07,6.275679591972713e-23,5.099957577503035e-15
6.138318139240644e-05,0.05595639656,0.054,0.0,0.0,0.0004945154950661369,0.8618685828444771,0.007026505379263905,0.0018892872020909196,2.59586281463867e-08,0.06131493179166805,0.0,0.02833208803377542,1.6217741333853223e-07,7.865808742102648e-11,6.094188138026801e-07,3.192757178204557e-08,4.203907784933307e-09,2.5225314731174263e-09,1.0915617449964574e-06,3.9302146746082355e-06,0.0009002779982556759,1.1708130120532213e-09,1.811027109752932e-07,6.347040123289498e-23,5.099836801731027e-15
6.16462091806218e-05,0.05595639656,0.054,0.0,0.0,0.0004942635731715637,0.8618640704978094,0.007035278182747099,0.0018919354133024198,2.6090375920407058e-08,0.06130908367198538,0.0,0.02833178807272868,1.621223975436266e-07,7.858789787291626e-11,6.090459823446281e-07,3.190633727702237e-08,4.202498548407924e-09,2.524192200494589e-09,1.0916853162403286e-06,3.930617997171019e-06,0.0009008293138328304,1.1707999197957908e-09,1.8118878540375113e-07,6.411629854643172e-23,5.099728815031835e-15
6.190923696883715e-05,0.05595639656,0.054,0.0,0.0,0.0004940149084333311,0.8618595627424027,0.007044045067377443,0.0018945842242109293,2.6222161984847438e-08,0.06130323949352738,0.0,0.02833148999440909,1.6206799049736891e-07,7.851859637921942e-11,6.086773278165253e-07,3.1885346048451074e-08,4.20110506304632e-09,2.5258647154590904e-09,1.0918091004432878e-06,3.931022338187216e-06,0.0009013754819293438,1.1707950714743137e-09,1.8127513325056504e-07,6.476565483291175e-23,5.099621507254796e-15
6.21722647570525e-05,0.05595639656,0.054,0.0,0.0,0.0004937694458912916,0.8618550595169787,0.00705280610043671,0.0018972336358168793,2.6353985498087703e-08,0.061297399211518375,0.0,0.028331193811156345,1.620141822434614e-07,7.845016733033247e-11,6.08312779575772e-07,3.186459391928394e-08,4.199727072033966e-09,2.527548818005594e-09,1.0919330502695184e-06,3.931427528981263e-06,0.0009019165456500125,1.1707982632659566e-09,1.8136174051274858e-07,6.541846876002558e-23,5.099514882815491e-15
6.243529254526786e-05,0.05595639656,0.054,0.0,0.0,0.0004935271316080316,0.861850560761342,0.007061561348069638,0.0018998836488939845,2.6485845625797616e-08,0.06129156278193928,0.0,0.028330899534588762,1.619609630140325e-07,7.838259550964524e-11,6.079522683697445e-07,3.1844076812427596e-08,4.198364323309961e-09,2.5292443107807185e-09,1.092057118949097e-06,3.931833402851735e-06,0.0009024525477917627,1.1708092966710571e-09,1.8144859348738875e-07,6.607473894944995e-23,5.099408945870242e-15
6.269832033348321e-05,0.05595639656,0.054,0.0,0.0,0.0004932879126370973,0.8618460664163563,0.007070310875305799,0.00190253426399539,2.6617741540884976e-08,0.06128573016151339,0.0,0.02833060717562498,1.619083229744256e-07,7.831586594736642e-11,6.075957259007325e-07,3.1823790762444975e-08,4.197016559465413e-09,2.530951003252558e-09,1.0921812625952038e-06,3.932239803434616e-06,0.0009029835308354315,1.1708279770586083e-09,1.815356787208074e-07,6.673446400348553e-23,5.099303700347053e-15
6.296134812169856e-05,0.05595639656,0.054,0.0,0.0,0.0004930517370137908,0.8618415764239254,0.007079054746079989,0.001905185481459226,2.6749672423444598e-08,0.061279901307691995,0.0,0.028330316744500112,1.618562527607071e-07,7.82499639030384e-11,6.072430854648785e-07,3.180373180023782e-08,4.195683540302096e-09,2.532668704847947e-09,1.09230543740901e-06,3.93264657448273e-06,0.0009035095369607703,1.1708541130717512e-09,1.8162298320678346e-07,6.739764244340344e-23,5.099199149895773e-15
6.319807313109238e-05,0.05595639656,0.054,0.0,0.0,0.0004928417388408169,0.861837539104978,0.007086919445477676,0.0019075720923073334,2.686843944303692e-08,0.06127465852510937,0.0,0.028330057012712823,1.6180986917221262e-07,7.819134773833088e-11,6.069289912398182e-07,3.178586970723083e-08,4.194496234343465e-09,2.534223893677235e-09,1.092417185475898e-06,3.933012857057485e-06,0.0009039787218280031,1.1708838564256746e-09,1.817017341765189e-07,6.799745443048528e-23,5.099105651603645e-15
6.34347981404862e-05,0.05595639656,0.054,0.0,0.0,0.0004926341279155389,0.8618335052244388,0.007094779659165988,0.0019099591911288882,2.6987233540248437e-08,0.061269418729571715,0.0,0.028329798856764055,1.617639328991898e-07,7.813337992604158e-11,6.066179575654709e-07,3.176818569068228e-08,4.193320502220528e-09,2.5357877157217732e-09,1.0925288942903255e-06,3.933379209644218e-06,0.0009044439396317787,1.1709193549432139e-09,1.81780643298584e-07,6.860006131341518e-23,5.099012721435279e-15
6.367152314988002e-05,0.05595639656,0.054,0.0,0.0,0.000492428868306891,0.861829474742036,0.007102635431559417,0.0019123467777464333,2.71060541320986e-08,0.0612641818915209,0.0,0.028329542282768475,1.617184374158931e-07,7.80760503481704e-11,6.063099383002993e-07,3.175067702853417e-08,4.192156175803492e-09,2.537360038919525e-09,1.0926405342195048e-06,3.933745526473152e-06,0.000904905220494527,1.17096047807038e-09,1.8185970169077325e-07,6.920546192897278e-23,5.098920361572499e-15
6.388457565833445e-05,0.05595639656,0.054,0.0,0.0,0.0004922461158140429,0.8618258501805042,0.007109701865576067,0.0019144960225186722,2.7213014839545273e-08,0.061259471241855226,0.0,0.028329312723470973,1.616778630286573e-07,7.802499119686786e-11,6.060352607596275e-07,3.173506695815849e-08,4.1911178959728005e-09,2.538782291196364e-09,1.0927409275525501e-06,3.934075096418216e-06,0.0009053170319243139,1.1710021920999914e-09,1.8193097468391325e-07,6.975271014358054e-23,5.098837726996506e-15
6.409762816678888e-05,0.05595639656,0.054,0.0,0.0,0.0004920652138940671,0.8618222283108792,0.007116764769021625,0.0019166456618525975,2.7319996120606346e-08,0.06125476294324627,0.0,0.02832908445407716,1.6163763580827164e-07,7.797443382647031e-11,6.057629555186984e-07,3.171959485415503e-08,4.1900885990828676e-09,2.540211231591512e-09,1.0928412215455753e-06,3.934404481938834e-06,0.0009057257003557592,1.1710482667106782e-09,1.8200235532601423e-07,7.030221943656366e-23,5.098755557412729e-15
6.431068067524331e-05,0.05595639656,0.054,0.0,0.0,0.0004918861375623167,0.861818609105096,0.00712382417290626,0.001918795695360672,2.742699755976897e-08,0.06125005697505643,0.0,0.02832885747822449,1.615977512065015e-07,7.792437121979868e-11,6.054929904962691e-07,3.170425882538522e-08,4.189068167956153e-09,2.5416467679932583e-09,1.0929413961035917e-06,3.934733611250592e-06,0.0009061312473447065,1.1710986118769384e-09,1.820738375292617e-07,7.085398890221852e-23,5.098673854116855e-15
6.452373318369775e-05,0.05595639656,0.054,0.0,0.0,0.0004917088622015994,0.8618149925354833,0.007130880107821617,0.0019209461225775945,2.7534018744477992e-08,0.061245353316926585,0.0,0.02832863179930359,1.6155820472031234e-07,7.787479646666353e-11,6.052253340866958e-07,3.1689057021924205e-08,4.188056485706459e-09,2.543088810093937e-09,1.0930414318344117e-06,3.935062415073905e-06,0.0009065336943200113,1.171153139194165e-09,1.82145415330083e-07,7.140801762104344e-23,5.098592618319421e-15
6.473678569215218e-05,0.05595639656,0.054,0.0,0.0,0.0004915333635569576,0.8618113785747596,0.007137932603947113,0.0019230969429620732,2.764105926511895e-08,0.061240651948772006,0.0,0.02832840742046346,1.615189918826676e-07,7.782570276051281e-11,6.04959955107762e-07,3.1673987619288805e-08,4.187053436377435e-09,2.5445372689601356e-09,1.093141309865347e-06,3.9353908259661534e-06,0.0009069330625850898,1.1712117617267825e-09,1.8221708286932164e-07,7.19643046568791e-23,5.0985118511449896e-15
6.494983820060661e-05,0.05595639656,0.054,0.0,0.0,0.0004913596177315942,0.8618077671960256,0.007144981691056036,0.0019252481558985183,2.7748118715001104e-08,0.061235952850778104,0.0,0.0283281843446165,1.6148010834320815e-07,7.777708340570058e-11,6.046968228821496e-07,3.1659048806033483e-08,4.18605890819699e-09,2.5459920560521352e-09,1.0932410113733139e-06,3.935718776626669e-06,0.0009073293733207158,1.1712743940505853e-09,1.8228883440896776e-07,7.252284904966385e-23,5.098431553627292e-15
6.516289070906104e-05,0.05595639656,0.054,0.0,0.0,0.0004911876011779923,0.8618041583727587,0.007152027398521594,0.0019273997606987215,2.7855196690340607e-08,0.06123125600339651,0.0,0.028327962574444403,1.6144154980091502e-07,7.772893180883921e-11,6.044359072022883e-07,3.1644238814257284e-08,4.1850727895563575e-09,2.5474530846470812e-09,1.093340518242824e-06,3.9360462022804685e-06,0.0009077226475826521,1.17134095231243e-09,1.8236066433466753e-07,7.308364982663526e-23,5.098351726721205e-15
6.537594321751548e-05,0.05595639656,0.054,0.0,0.0,0.0004910172906926958,0.8618005520788068,0.0071590697553228855,0.0019295517566035427,2.796229279024374e-08,0.06122656138734118,0.0,0.028327742112403152,1.6140331196474596e-07,7.768124147324213e-11,6.041771782419488e-07,3.162955590446345e-08,4.184094968736912e-09,2.5489202696066414e-09,1.0934398129827282e-06,3.9363730403686e-06,0.000908112906302718,1.1714113540680482e-09,1.8243256713133253e-07,7.364670600101465e-23,5.09827237130321e-15
6.558899572596991e-05,0.05595639656,0.054,0.0,0.0,0.0004908486634137712,0.8617969482883834,0.007166108790050705,0.001931704142784524,2.806940661669018e-08,0.06122186898358439,0.0,0.028327522960727443,1.6136539066794387e-07,7.763400600756263e-11,6.039206066516761e-07,3.161499834056532e-08,4.183125339020785e-09,2.550393525818007e-09,1.0935388779857188e-06,3.9366992278779545e-06,0.0009085001702928032,1.1714855182538558e-09,1.8250453739254508e-07,7.421201656032531e-23,5.098193488162362e-15
6.580204823442434e-05,0.05595639656,0.054,0.0,0.0,0.0004906816968114858,0.8617933469760605,0.007173144530913291,0.0019338569183454733,2.817653777451646e-08,0.06121717877335293,0.0,0.02832730512143646,1.613277818054045e-07,7.758721911837424e-11,6.036661635540077e-07,3.1600564431875544e-08,4.182163793966561e-09,2.5518727699549914e-09,1.093637696335173e-06,3.937024704264538e-06,0.0009088844602417699,1.171563365315664e-09,1.8257656983364155e-07,7.477958048010977e-23,5.098115078014488e-15
6.601510074287877e-05,0.05595639656,0.054,0.0,0.0,0.0004905163686827254,0.8617897481167645,0.0071801770057420234,0.0019360100823240752,2.8283685871399398e-08,0.06121249073812446,0.0,0.02832708859633876,1.6129048125061016e-07,7.75408746032802e-11,6.034138204150608e-07,3.158625252222599e-08,4.1812102255920685e-09,2.553357920590705e-09,1.0937362518923627e-06,3.937349411753026e-06,0.0009092657967157259,1.1716448170816428e-09,1.826486592685878e-07,7.534939672529577e-23,5.098037141504982e-15
6.62281532513332e-05,0.05595639656,0.054,0.0,0.0,0.0004903526571504132,0.8617861516857694,0.00718720624199694,0.0019381636336934299,2.839085051783967e-08,0.061207804859623675,0.0,0.028326873387035992,1.6125348500722935e-07,7.749496635938615e-11,6.031635491425837e-07,3.157206094625665e-08,4.180264531965657e-09,2.554848895869287e-09,1.0938345281977806e-06,3.937673291377921e-06,0.0009096442001636637,1.171729796629859e-09,1.8272080060685927e-07,7.592146423263523e-23,5.09795967919429e-15
6.644120575978764e-05,0.05595639656,0.054,0.0,0.0,0.0004901905406537283,0.8617825576586934,0.007194232266772165,0.0019403175713635357,2.8498031327145454e-08,0.06120312111981872,0.0,0.028326659494928626,1.612167891655427e-07,7.744948837726372e-11,6.029153221270229e-07,3.1557988084218924e-08,4.1793266120039926e-09,2.5563456156043024e-09,1.0939325094225272e-06,3.937996286432854e-06,0.0009100196909136492,1.1718182284623756e-09,1.8279298887454915e-07,7.64957819269118e-23,5.097882691574305e-15
6.665425826824207e-05,0.05595639656,0.054,0.0,0.0,0.0004900299979415645,0.8617789660114906,0.0072012551068013665,0.0019424718941828244,2.8605227915416134e-08,0.06119843950091767,0.0,0.028326446921220733,1.6118038975464428e-07,7.74044347346207e-11,6.026691120703279e-07,3.154403236237057e-08,4.178396360957426e-09,2.5578480020096944e-09,1.0940301807560373e-06,3.9383183438427954e-06,0.0009103922891717102,1.1719100384712343e-09,1.8286521920026047e-07,7.707234872708614e-23,5.097806179075411e-15
6.68673107766965e-05,0.05595639656,0.054,0.0,0.0,0.0004898710080744258,0.8617753767204486,0.007208274788462987,0.0019446266009396323,2.8712439901526137e-08,0.06119375998536497,0.0,0.028326235666923057,1.6114428293173867e-07,7.735979960247223e-11,6.024248920692281e-07,3.1530192182457825e-08,4.1774736812604205e-09,2.559355976357066e-09,1.094127526837237e-06,3.9386394085158715e-06,0.0009107620150296184,1.1720051536793828e-09,1.82937486795785e-07,7.765116352099671e-23,5.0977301420447985e-15
6.708036328515093e-05,0.05595639656,0.054,0.0,0.0,0.0004897135504143292,0.861771789762182,0.007215291337785399,0.0019467816903635988,2.8819666907108738e-08,0.0611890825558379,0.0,0.02832602573285851,1.6110846498373608e-07,7.731557723944794e-11,6.021826357206182e-07,3.151646598832116e-08,4.1765584775670246e-09,2.5608694613189008e-09,1.0942245328016772e-06,3.938959427147545e-06,0.0009111288884605869,1.1721035024117495e-09,1.8300978697901634e-07,7.823222518332502e-23,5.097654580764394e-15
6.729341579360536e-05,0.05595639656,0.054,0.0,0.0,0.0004895576046164559,0.8617682051136283,0.007222304780452105,0.0019489371611271134,2.892690855654008e-08,0.061184407195243345,0.0,0.02832581711966725,1.6107293208956285e-07,7.727176199024659e-11,6.01942316912015e-07,3.150285228855707e-08,4.1756506478396085e-09,2.562388382701853e-09,1.094321185152132e-06,3.939278351313154e-06,0.0009114929293159381,1.1722050144210508e-09,1.830821151785723e-07,7.881553258946831e-23,5.0975794954648674e-15
6.75064683020598e-05,0.05595639656,0.054,0.0,0.0,0.0004894031506341216,0.8617646227520414,0.007229315141806748,0.0019510930118467361,2.9034164476923175e-08,0.061179733886714376,0.0,0.028325609827808806,1.6103768053833832e-07,7.722834828709282e-11,6.017039098644078e-07,3.148934954982507e-08,4.174750098225222e-09,2.5639126648211212e-09,1.0944174695980135e-06,3.939596129695554e-06,0.0009118541573355989,1.172309620499866e-09,1.831544668974951e-07,7.940108458046767e-23,5.097504886294908e-15
6.769821555966879e-05,0.05595639656,0.054,0.0,0.0,0.0004892654012155838,0.8617614005634224,0.007235621853180578,0.001953033601169511,2.9130706700917173e-08,0.06117552964979335,0.0,0.028325424395114335,1.6100619178920694e-07,7.718961473692367e-11,6.014909572038086e-07,3.147729071994125e-08,4.173945754187314e-09,2.5652890404924237e-09,1.0945037995021745e-06,3.9398811091800014e-06,0.0009121768738001916,1.1724063551220365e-09,1.8321959990908745e-07,7.992999952272912e-23,5.097438145205222e-15
6.788996281727778e-05,0.05595639656,0.054,0.0,0.0,0.0004891288299475954,0.8617581801929319,0.0072419261069553995,0.0019549744960075405,2.9227259916498246e-08,0.061171327049579526,0.0,0.02832524003302132,1.6097492541881697e-07,7.715119805079973e-11,6.012795143970471e-07,3.1465319520062285e-08,4.173147163056127e-09,2.5666696460285393e-09,1.0945898110213502e-06,3.94016508739378e-06,0.0009124973419863975,1.1725054921813837e-09,1.8328474526870785e-07,8.046073077610438e-23,5.0973717898837565e-15
6.808171007488678e-05,0.05595639656,0.054,0.0,0.0,0.0004889934228046978,0.861754961624628,0.0072482279209201035,0.0019569156952416174,2.9323823857426834e-08,0.06116712607423394,0.0,0.028325056741508446,1.6094387871935683e-07,7.711309434707206e-11,6.010695633379298e-07,3.1453434887230375e-08,4.172354255266571e-09,2.568054428908075e-09,1.0946754947602817e-06,3.940448030534662e-06,0.0009128155760431541,1.1726069837930102e-09,1.8334989989885936e-07,8.099327746935344e-23,5.097305820315033e-15
6.827345733249577e-05,0.05595639656,0.054,0.0,0.0,0.0004888591659453806,0.8617517448427666,0.007254527312652499,0.0019588571977192247,2.9420398259213052e-08,0.06116292671205772,0.0,0.028324874520446155,1.6091304931522077e-07,7.707529977956665e-11,6.008610863669235e-07,3.144163574565167e-08,4.171566973023537e-09,2.5694433355814673e-09,1.0947608406857476e-06,3.9407299025677396e-06,0.0009131315900480042,1.1727107825723753e-09,1.834150607565837e-07,8.152763870859686e-23,5.097240236433073e-15
6.846520459010476e-05,0.05595639656,0.054,0.0,0.0,0.0004887260456976924,0.8617485298317963,0.007260824299522211,0.001960799002255267,2.9516982859107508e-08,0.06115872895149059,0.0,0.028324693369601413,1.6088243468710832e-07,7.703781056305286e-11,6.006540660551548e-07,3.142992113398333e-08,4.17078524562131e-09,2.570836317110612e-09,1.0948458408496945e-06,3.941010674921768e-06,0.000913445397995099,1.172816842184702e-09,1.8348022488544175e-07,8.206381362094597e-23,5.097175038161921e-15
6.863777712195286e-05,0.05595639656,0.054,0.0,0.0,0.0004886071981250664,0.8617456378233368,0.007266489545737833,0.001962546883592549,2.960391750262798e-08,0.061154952326911864,0.0,0.028324531248600036,1.608550629810379e-07,7.700432826594421e-11,6.004689787943621e-07,3.1419449396526026e-08,4.1700863860258544e-09,2.5720934419798187e-09,1.0949220378512254e-06,3.941262402716364e-06,0.000913725950479618,1.1729141910939276e-09,1.835388729977522e-07,8.254792098436134e-23,5.097116689304804e-15
6.879309240061615e-05,0.05595639656,0.054,0.0,0.0,0.0004885010050959233,0.8617430362223651,0.007271586623961844,0.0019641201843936585,2.968216540740382e-08,0.061151554459265345,0.0,0.028324386080384994,1.6083057395732506e-07,7.697440086201559e-11,6.00303386705242e-07,3.1410082026829287e-08,4.1694611795693335e-09,2.5732276097351224e-09,1.0949903637942668e-06,3.941488153304023e-06,0.0009139769379060738,1.1730033119742982e-09,1.835916548194158e-07,8.298487248965473e-23,5.097064442191262e-15
6.894840767927943e-05,0.05595639656,0.054,0.0,0.0,0.0004883955340689157,0.8617404357562479,0.007276682154570181,0.001965693681165193,2.9760419541642876e-08,0.061148157622325366,0.0,0.028324241613589048,1.6080622152666047e-07,7.694466722880772e-11,6.00138719940761e-07,3.140076833192982e-08,4.16883950625176e-09,2.5743643617358614e-09,1.0950584474933802e-06,3.94171312701293e-06,0.0009142265025855409,1.173093835916054e-09,1.8364443368809599e-07,8.34230123310248e-23,5.097012447792303e-15
6.910372295794272e-05,0.05595639656,0.054,0.0,0.0,0.0004882907781117799,0.8617378364170809,0.007281776146405699,0.001967267373218013,2.9838679769012716e-08,0.06114476181020697,0.0,0.028324097847894948,1.6078200416425833e-07,7.691512547885696e-11,5.999749694526349e-07,3.139150779678652e-08,4.168221326371705e-09,2.5755036721050287e-09,1.0951262847349586e-06,3.94193730857925e-06,0.0009144746518149193,1.173185739786215e-09,1.8369720815372636e-07,8.38623400192381e-23,5.096960705991252e-15
6.9259038236606e-05,0.05595639656,0.054,0.0,0.0,0.00048818673036819354,0.8617352381970393,0.007286868608226701,0.001968841259850394,2.991694595391237e-08,0.06114136701708123,0.0,0.02832395478294351,1.6075792058018884e-07,7.68857737178433e-11,5.998121263620471e-07,3.138229985623123e-08,4.167606611281251e-09,2.5766455132599935e-09,1.095193870425477e-06,3.942160679642804e-06,0.0009147213928638363,1.1732790005015558e-09,1.8374997676417156e-07,8.430285504612732e-23,5.096909216642993e-15
6.941435351526929e-05,0.05595639656,0.054,0.0,0.0,0.00048808338404421683,0.8617326410883759,0.007291959548707518,0.001970415340348293,2.999521796146918e-08,0.061137973237174056,0.0,0.028323812418337497,1.6073397015117832e-07,7.685660999440885e-11,5.996501824496826e-07,3.1373144048105375e-08,4.166995339560379e-09,2.57778986152292e-09,1.0952612010242462e-06,3.942383227658862e-06,0.0009149667329629508,1.1733735950535854e-09,1.838027380587907e-07,8.474455692696045e-23,5.096857979613277e-15
6.955413726606625e-05,0.05595639656,0.054,0.0,0.0,0.0004879909665130109,0.8617303046344654,0.0072965401014975515,0.0019718321779514268,3.0065667635754385e-08,0.06113491969683271,0.0,0.028323684888625383,1.6071252703266164e-07,7.683052196636254e-11,5.99505194287898e-07,3.136494799116688e-08,4.166448098928155e-09,2.5788218972323142e-09,1.0953215770491702e-06,3.942582804653448e-06,0.0009151863471945981,1.1734598523132347e-09,1.8385021583708506e-07,8.514310296192451e-23,5.096812081882849e-15
6.967994264178351e-05,0.05595639656,0.054,0.0,0.0,0.0004879082678417636,0.8617282025857382,0.007300661556486864,0.0019731074651087644,3.012907620175787e-08,0.06113217220485474,0.0,0.028323570596318893,1.6069331847576966e-07,7.680717060839301e-11,5.993753162533402e-07,3.1357606959666765e-08,4.165957919046976e-09,2.579752432199141e-09,1.0953757332574606e-06,3.942761833814476e-06,0.0009153830390882115,1.1735383789230395e-09,1.8389293899607912e-07,8.550261569061514e-23,5.096770948446287e-15
6.980574801750078e-05,0.05595639656,0.054,0.0,0.0,0.0004878260175304007,0.8617261012526607,0.0073047820284790135,0.0019743828781522495,3.019248835057148e-08,0.061129425367563946,0.0,0.028323456762670972,1.606741949163195e-07,7.678393938112584e-11,5.99246012874092e-07,3.1350299239496057e-08,4.165469938178617e-09,2.5806845670063644e-09,1.0954297147551057e-06,3.942940296408296e-06,0.0009155788245799069,1.1736177413070072e-09,1.839356549058787e-07,8.586290621199186e-23,5.096729980244684e-15
6.993155339321804e-05,0.05595639656,0.054,0.0,0.0,0.00048774421210382314,0.8617240006312612,0.007308901521927342,0.0019756584166796703,3.0255904011903776e-08,0.061126679181996685,0.0,0.028323343387395145,1.606551554565743e-07,7.676082737639791e-11,5.991172796023399e-07,3.134302459704707e-08,4.164984132459629e-09,2.5816182885970922e-09,1.0954835195680704e-06,3.943118185195741e-06,0.0009157737074541705,1.1736979280349089e-09,1.8397836285685278e-07,8.622397425414021e-23,5.096689177173162e-15
7.00573587689353e-05,0.05595639656,0.054,0.0,0.0,0.00048766284811675703,0.861721900717599,0.007313020041250792,0.0019769340802839436,3.03193231157708e-08,0.061123933645211945,0.0,0.028323230470188775,1.6063619956040554e-07,7.673783359306295e-11,5.989891119451884e-07,3.133578271558597e-08,4.164500490550587e-09,2.5825535835860043e-09,1.0955371454587227e-06,3.943295492181739e-06,0.0009159676914832225,1.1737789277064637e-09,1.8402106215376588e-07,8.658581954102718e-23,5.096648539118914e-15
7.018316414465257e-05,0.05595639656,0.054,0.0,0.0,0.0004875819221507557,0.8617198015077661,0.007317137590834134,0.0019782098685532166,3.038274559249495e-08,0.06112118875429111,0.0,0.028323118010734047,1.6061732683775916e-07,7.67149570713278e-11,5.988615057164402e-07,3.1328573359423325e-08,4.164019000534994e-09,2.583490439432373e-09,1.0955905905172766e-06,3.94347221053323e-06,0.000916160780424473,1.17386072893509e-09,1.8406375208831155e-07,8.69484417997506e-23,5.0966080659678875e-15
7.030896952036984e-05,0.05595639656,0.054,0.0,0.0,0.0004875014308168442,0.8617177029978843,0.007321254175028615,0.001979485781070919,3.044617137270393e-08,0.06111844450633843,0.0,0.02832300600869711,1.6059853633015534e-07,7.66921969615256e-11,5.987344565175739e-07,3.132139633391718e-08,4.163539635886744e-09,2.5844288434537555e-09,1.0956438529228136e-06,3.943648333500398e-06,0.0009163529780223667,1.1739433206395468e-09,1.841064319717595e-07,8.731184075381494e-23,5.096567757598306e-15
7.04347748960871e-05,0.05595639656,0.054,0.0,0.0,0.0004874213707558731,0.8617156051841077,0.007325369798151982,0.0019807618174158283,3.050960038732967e-08,0.061115700898480445,0.0,0.028322894463728404,1.605798274312797e-07,7.666955228195138e-11,5.986079598691484e-07,3.1314251306563454e-08,4.163062385037869e-09,2.585368782341803e-09,1.0956969304596558e-06,3.943823853153734e-06,0.0009165442880098221,1.1740266917868328e-09,1.8414910113906342e-07,8.767601612106007e-23,5.09652761387923e-15
7.056058027180436e-05,0.05595639656,0.054,0.0,0.0,0.0004873417386339911,0.86171350806262,0.007329484464488572,0.001982037977162186,3.057303256760725e-08,0.06111295792786525,0.0,0.02832278337546414,1.605611998938551e-07,7.664702206732321e-11,5.984820117081285e-07,3.1307138028147204e-08,4.162587239892878e-09,2.5863102438699068e-09,1.0957498212949897e-06,3.9439987629872705e-06,0.000916734714104605,1.1741108313394176e-09,1.8419175891417064e-07,8.804096762422909e-23,5.096487634680426e-15
7.068638564752163e-05,0.05595639656,0.054,0.0,0.0,0.0004872625311455975,0.8617114116296359,0.007333598178290056,0.0019833142598797513,3.0636467845073823e-08,0.0611102155916633,0.0,0.02832267274352528,1.605426527458706e-07,7.662460553001629e-11,5.983566078403707e-07,3.130005635712404e-08,4.162114171469878e-09,2.5872532158644415e-09,1.095802523809168e-06,3.944173056917189e-06,0.000916924260011166,1.174195728560256e-09,1.8423440462900324e-07,8.840669498325357e-23,5.096447819864817e-15
7.081219102323889e-05,0.05595639656,0.054,0.0,0.0,0.00048718374501535125,0.8617093158814002,0.007337710943775528,0.0019845906651338604,3.069990615156761e-08,0.061107473887066936,0.0,0.028322562567517376,1.6052418527920104e-07,7.660230171188327e-11,5.982317438007065e-07,3.1293005948789926e-08,4.161643167443952e-09,2.5881976850907204e-09,1.0958550358101593e-06,3.944346727078837e-06,0.0009171129294234483,1.1742813727519624e-09,1.8427703764371815e-07,8.877319790994005e-23,5.096408169284053e-15
7.093799639895616e-05,0.05595639656,0.054,0.0,0.0,0.0004871053769918344,0.8617072208141872,0.007341822765131422,0.001985867192485523,3.0763347419226765e-08,0.061104732811289336,0.0,0.028322452847032605,1.6050579741327174e-07,7.65801096217927e-11,5.981074156013784e-07,3.1285986518250765e-08,4.1611742249401565e-09,2.589143639575019e-09,1.095907355512158e-06,3.944519767211479e-06,0.0009173007260200126,1.1743677532063124e-09,1.8431965731484058e-07,8.914047612264793e-23,5.096368682792312e-15
7.106380177467342e-05,0.05595639656,0.054,0.0,0.0,0.000487027423850254,0.861705126424301,0.007345933646512279,0.001987143841491504,3.082679158048835e-08,0.061101992361565445,0.0,0.02832234358164886,1.6048748819169861e-07,7.655802854311138e-11,5.979836192906676e-07,3.1278997992240316e-08,4.160707312038475e-09,2.5900910677382985e-09,1.095959481531997e-06,3.944692172014252e-06,0.0009174876534654402,1.1744548595481296e-09,1.8436226299737946e-07,8.950852933836574e-23,5.0963293602384386e-15
7.118960715039069e-05,0.05595639656,0.054,0.0,0.0,0.0004869498823969169,0.8617030327080758,0.007350043592041027,0.0019884206117043593,3.08902385680873e-08,0.061099252535151784,0.0,0.028322234770928684,1.6046925673880266e-07,7.653605755745792e-11,5.978603504285642e-07,3.127204002711774e-08,4.1602424141415964e-09,2.591039956383145e-09,1.0960114116937077e-06,3.944863933634932e-06,0.0009176737154150919,1.1745426814016188e-09,1.8440485407299994e-07,8.987735726257638e-23,5.096290201456987e-15
7.131541252610795e-05,0.05595639656,0.054,0.0,0.0,0.00048687274946088355,0.8617009396618736,0.007354152605808641,0.0019896975026725315,3.0953688315055295e-08,0.06109651332932511,0.0,0.028322126414422104,1.6045110315634165e-07,7.651419562079373e-11,5.977376050347924e-07,3.126511227118388e-08,4.1597795354455046e-09,2.5919902936812305e-09,1.0960631442086434e-06,3.945035045911868e-06,0.0009178589155088619,1.1746312083494435e-09,1.844474299289094e-07,9.024695960897474e-23,5.096251206286907e-15
7.144121790182521e-05,0.05595639656,0.054,0.0,0.0,0.0004867960218955845,0.8616988472820862,0.007358260691874934,0.0019909745139404344,3.101714075471982e-08,0.061093774741383125,0.0,0.02832201851166597,1.6043302656304067e-07,7.649244209175872e-11,5.976153794351765e-07,3.1258214731567073e-08,4.159318640996873e-09,2.5929420687632147e-09,1.0961146779762704e-06,3.9452055044902995e-06,0.0009180432573715115,1.1747204303955314e-09,1.8448998994608802e-07,9.061733609250653e-23,5.096212374564408e-15
7.156702327754248e-05,0.05595639656,0.054,0.0,0.0,0.00048671969658678927,0.8616967555651339,0.007362367854269054,0.001992251645048497,3.108059582070305e-08,0.061091036768644975,0.0,0.02832191106218174,1.604150258399598e-07,7.647079611930911e-11,5.974936692562594e-07,3.1251347092320114e-08,4.158859711682684e-09,2.5938952684652567e-09,1.0961660108423789e-06,3.945375301513879e-06,0.0009182267446201479,1.1748103374900954e-09,1.8453253352573882e-07,9.098848641211602e-23,5.096173706107326e-15
7.169282865325974e-05,0.05595639656,0.054,0.0,0.0,0.0004866437704422995,0.8616946645074648,0.007366474096988933,0.0019935288955332284,3.114405344692076e-08,0.061088299408449405,0.0,0.028321804065478996,1.6039710127054026e-07,7.644925657220247e-11,5.973724704393636e-07,3.1244508894576385e-08,4.158402761149171e-09,2.5948498809488774e-09,1.0962171409442108e-06,3.94554443070518e-06,0.0009184093808566403,1.1749009194521179e-09,1.8457506008209044e-07,9.136041027628529e-23,5.0961352007394436e-15
7.181863402897701e-05,0.05595639656,0.054,0.0,0.0,0.00048656824039169076,0.8616925741055558,0.00737057942400205,0.00199480626492733,3.120751356758132e-08,0.06108556265815542,0.0,0.0283216975210554,1.6037925191489807e-07,7.642782293397542e-11,5.972517795807823e-07,3.1237700261702954e-08,4.157947746091571e-09,2.595805896018005e-09,1.0962680674878625e-06,3.945712888655475e-06,0.0009185911696662567,1.1749921667164634e-09,1.846175690236571e-07,9.173310739741322e-23,5.096096858284402e-15
7.194443940469427e-05,0.05595639656,0.054,0.0,0.0,0.0004864931033971343,0.861690484355911,0.007374683839245923,0.0019960837527597214,3.127097611718471e-08,0.06108282651514292,0.0,0.0283215914283935,1.6036147711813558e-07,7.640649422233041e-11,5.971315924110776e-07,3.123092077048901e-08,4.157494663984578e-09,2.5967633008050625e-09,1.0963187882918373e-06,3.945880667675844e-06,0.0009187721146277669,1.1750840693876406e-09,1.8466005977483198e-07,9.21065774715444e-23,5.096058678547519e-15
7.207024478041154e-05,0.05595639656,0.054,0.0,0.0,0.00048641835644177634,0.8616883952550628,0.007378787346627821,0.001997361358555607,3.133444103052152e-08,0.06108009097681124,0.0,0.028321485786964588,1.603437764365872e-07,7.638526960373759e-11,5.970119050820943e-07,3.122417019869861e-08,4.157043500892346e-09,2.597722084044012e-09,1.096369301919765e-06,3.946047762543314e-06,0.0009189522193037719,1.1751766178307316e-09,1.8470253176719075e-07,9.248082020266563e-23,5.0960206613383e-15
7.21960501561288e-05,0.05595639656,0.054,0.0,0.0,0.0004863439965336936,0.8616863067995706,0.0073828899500252764,0.001998639081836566,3.139790824267185e-08,0.061077356040579546,0.0,0.0283213805962275,1.6032614928332232e-07,7.636414830694676e-11,5.968927138730799e-07,3.121744837706862e-08,4.156594238675532e-09,2.598682234531018e-09,1.096419606958873e-06,3.946214168055379e-06,0.00091913148724425,1.1752698025515388e-09,1.8474498444090722e-07,9.28558352925609e-23,5.095982806461037e-15
7.232185553184606e-05,0.05595639656,0.054,0.0,0.0,0.00048627002070655487,0.861684218986021,0.007386991653286374,0.0019999169221206078,3.1461377689004205e-08,0.06107462170388676,0.0,0.028321275855628564,1.6030859510413158e-07,7.634312949355702e-11,5.967740149378981e-07,3.121075505490744e-08,4.156146865427846e-09,2.599643740789059e-09,1.0964697018487991e-06,3.946379878571967e-06,0.0009193099219873016,1.1753636140775307e-09,1.8478741724153412e-07,9.323162243978578e-23,5.09594511371394e-15
7.244766090756333e-05,0.05595639656,0.054,0.0,0.0,0.00048619642601787104,0.8616821318110275,0.0073910924602299125,0.0020011948789222397,3.152484930517454e-08,0.06107188796419123,0.0,0.028321171564602253,1.6029111336954332e-07,7.632221236075735e-11,5.966558045110299e-07,3.120409001534627e-08,4.155701366669119e-09,2.6006065916238495e-09,1.0965195851566829e-06,3.946544888867921e-06,0.0009194875270579213,1.1754580430713402e-09,1.8482982962330596e-07,9.360818134269468e-23,5.095907582891994e-15
7.25734662832806e-05,0.05595639656,0.054,0.0,0.0,0.0004861232095494195,0.8616800452712302,0.007395192374645672,0.002002472951752528,3.158832302712519e-08,0.06106915481897061,0.0,0.0283210677225712,1.6027370353150757e-07,7.630139611648122e-11,5.965380788741116e-07,3.119745304725607e-08,4.155257727949248e-09,2.6015707758945243e-09,1.0965692554580318e-06,3.946709193747243e-06,0.0009196643059685848,1.175553080296078e-09,1.8487222104884587e-07,9.398551169796041e-23,5.0958702137856524e-15
7.269927165899786e-05,0.05595639656,0.054,0.0,0.0,0.0004860503684070273,0.8616779593632959,0.007399291400294659,0.002003751140119164,3.165179879108394e-08,0.06106642226572171,0.0,0.028320964328946336,1.602563650522906e-07,7.628067996494622e-11,5.964208343171164e-07,3.1190843930243106e-08,4.1548159357729375e-09,2.6025362825129792e-09,1.0966187113411315e-06,3.946872788069097e-06,0.0009198402622192586,1.1756487166006174e-09,1.849145909874053e-07,9.436361320077083e-23,5.095833006181069e-15
7.295088241043239e-05,0.05595639656,0.054,0.0,0.0,0.0004859058006414788,0.8616737894298132,0.007407486800194353,0.00200630786147587,3.1778756191355415e-08,0.06106095892522074,0.0,0.028320758884502327,1.6022190004988505e-07,7.623954481167418e-11,5.961877737869804e-07,3.1177708397949925e-08,4.15393783562118e-09,2.604471218958716e-09,1.0967169743897944e-06,3.947197825105408e-06,0.0009201897206776623,1.175841750344077e-09,1.849992643183985e-07,9.512212842358808e-23,5.095759074601961e-15
7.320249316186692e-05,0.05595639656,0.054,0.0,0.0,0.00048576270003833767,0.861669621984433,0.00741567868945047,0.0020088650389887574,3.19057210014798e-08,0.06105549792303984,0.0,0.028320555226332002,1.601877141520335e-07,7.619880070503554e-11,5.959565939082668e-07,3.116468172803632e-08,4.1530669571533255e-09,2.606411314085875e-09,1.0968143636210521e-06,3.94751996097857e-06,0.0009205359301822727,1.176037073036546e-09,1.8508384551962534e-07,9.588372454669049e-23,5.095685786363597e-15
7.345410391330144e-05,0.05595639656,0.054,0.0,0.0,0.0004856210442847855,0.8616654570014183,0.007423867097138672,0.0020114226686040837,3.203269272145069e-08,0.06105003923982718,0.0,0.02832035334932212,1.6015380321612246e-07,7.615844155317215e-11,5.957272661462093e-07,3.1151762257446926e-08,4.152203193188184e-09,2.6083564823335893e-09,1.096910868770363e-06,3.947839158167982e-06,0.0009208789182831264,1.1762346149113055e-09,1.8516833061061932e-07,9.664839908454348e-23,5.095613139612083e-15
7.370571466473597e-05,0.05595639656,0.054,0.0,0.0,0.00048548081143117214,0.8616612944554339,0.007432052051896462,0.002013980746219988,3.215967085573056e-08,0.06104458285652251,0.0,0.028320153248190264,1.6012016316546682e-07,7.611846136720204e-11,5.954997624309908e-07,3.113894835010032e-08,4.151346438214639e-09,2.6103066394328984e-09,1.0970064799822276e-06,3.948155380601124e-06,0.0009212187123322702,1.1764343076648083e-09,1.852527157237979e-07,9.741614953087225e-23,5.09554113243282e-15
7.39573254161705e-05,0.05595639656,0.054,0.0,0.0,0.00048534197988440314,0.8616571343215392,0.007440233581930558,0.002016539267688416,3.228665491321794e-08,0.06103912875435227,0.0,0.028319954917490467,1.6008678998802883e-07,7.607885425942563e-11,5.952740551529161e-07,3.1126238397178024e-08,4.150496588410507e-09,2.612261702386479e-09,1.0971011878009703e-06,3.948468593621197e-06,0.0009215553394848526,1.176636084429335e-09,1.8533699710246958e-07,9.81869733589958e-23,5.095469762852532e-15
7.420893616760503e-05,0.05595639656,0.054,0.0,0.0,0.0004852045284016734,0.8616529765751826,0.007448411715023858,0.0020190982288169515,3.24136444072157e-08,0.06103367691482495,0.0,0.02831975835161849,1.6005367973549728e-07,7.603961444140904e-11,5.950501171534151e-07,3.111363081638111e-08,4.149653541598445e-09,2.614221589447148e-09,1.0971949831620668e-06,3.948778763956541e-06,0.0009218888267001759,1.176839879745566e-09,1.8542117109869815e-07,9.896086802215509e-23,5.095399028841161e-15
7.446054691903956e-05,0.05595639656,0.054,0.0,0.0,0.0004850684360848931,0.8616488211921942,0.007456586478541693,0.0020216576253704347,3.254063885540232e-08,0.061028227319726874,0.0,0.028319563544816538,1.6002082852222174e-07,7.600073622228231e-11,5.94827921717642e-07,3.1101124051498744e-08,4.1488171972224955e-09,2.6161862201002137e-09,1.0972878573848216e-06,3.949085859694875e-06,0.000922219200742641,1.177045629538216e-09,1.8550523417135952e-07,9.973783095385603e-23,5.0953289283135725e-15
7.471215767047409e-05,0.05595639656,0.054,0.0,0.0,0.00048493368237362196,0.8616446681487794,0.007464757899439726,0.002024217453073016,3.266763777979524e-08,0.061022779951117045,0.0,0.028319370491179205,1.5998823252396808e-07,7.59622140066675e-11,5.946074425654352e-07,3.1088716571880234e-08,4.147987456316547e-09,2.6181555150389453e-09,1.097379802161979e-06,3.949389850246667e-06,0.0009225464881829654,1.1772532710838812e-09,1.8558918288352626e-07,1.0051785956817913e-22,5.095259459131681e-15
7.496376842190862e-05,0.05595639656,0.054,0.0,0.0,0.0004848002470392745,0.8616405174215113,0.007472926004270451,0.0020267777076098436,3.2794640706720134e-08,0.06101733479132275,0.0,0.02831917918465833,1.599558879769241e-07,7.592404229297267e-11,5.943886538438685e-07,3.1076406871986297e-08,4.147164221476812e-09,2.620129396144206e-09,1.0974708095515705e-06,3.949690706316398e-06,0.0009228707153991979,1.1774627429850245e-09,1.8567301390037256e-07,1.0130095126007802e-22,5.0951906191062125e-15
7.521537917334315e-05,0.05595639656,0.054,0.0,0.0,0.00048466811017960486,0.861636368987327,0.007481090819189409,0.0020293383846286513,3.2921647166781236e-08,0.06101189182293547,0.0,0.028318989619067567,1.5992379117667904e-07,7.588621567172374e-11,5.941715301199673e-07,3.1064193470955955e-08,4.146347396837049e-09,2.622107786467229e-09,1.0975608719695943e-06,3.949988399876812e-06,0.0009231919085777022,1.1776739851461103e-09,1.8575672398727854e-07,1.020871034057214e-22,5.0951224059983494e-15
7.571860067621219e-05,0.05595639656,0.054,0.0,0.0,0.0004844076538738608,0.8616280789077346,0.0074974106819667265,0.002034460988525651,3.3175668829939384e-08,0.061001012392043696,0.0,0.02831861568526789,1.5986032629019745e-07,7.581157651941094e-11,5.937421779904321e-07,3.104004976291007e-08,4.144732602229897e-09,2.6260777927151934e-09,1.0977381332995287e-06,3.950574193542587e-06,0.0009238252966145558,1.178101546233053e-09,1.8592376892265538e-07,1.0366857847093185e-22,5.094987851342409e-15
7.622182217908123e-05,0.05595639656,0.054,0.0,0.0,0.0004841521605538345,0.8616197977325236,0.007513717689315072,0.0020395852292586477,3.342969909851086e-08,0.06099014152429822,0.0,0.028318248637702142,1.59797809380295e-07,7.573825505369564e-11,5.933191908396091e-07,3.101627407821697e-08,4.1431423353471375e-09,2.630064940896323e-09,1.0979115323467499e-06,3.951147031361062e-06,0.0009244468579891078,1.1785354986960078e-09,1.860902937434609e-07,1.052622634094422e-22,5.094855776325804e-15
7.672504368195028e-05,0.05595639656,0.054,0.0,0.0,0.00048390148218417016,0.8616115252896417,0.007530012036826531,0.0020447110708257388,3.368373436822007e-08,0.060979279089516086,0.0,0.028317888422375505,1.5973621285062553e-07,7.566621114769218e-11,5.929023795916526e-07,3.099285541497427e-08,4.141575882014971e-09,2.6340686556609943e-09,1.098081020540079e-06,3.9517067320022794e-06,0.0009250567953950992,1.1789754061567324e-09,1.8625627598154987e-07,1.0686813658615903e-22,5.09472616142356e-15
7.722826518481932e-05,0.05595639656,0.054,0.0,0.0,0.0004836554754278272,0.8616032614122809,0.007546293914333649,0.002049838476776792,3.3937771100293544e-08,0.0609684249613473,0.0,0.02831753498351507,1.596755099626844e-07,7.559540599391089e-11,5.924915612134362e-07,3.096978312590298e-08,4.140032550255842e-09,2.6380883786256557e-09,1.0982465543056684e-06,3.952253131855825e-06,0.0009256553085568793,1.1794208507601332e-09,1.864216945862945e-07,1.0848617609484466e-22,5.094598986473687e-15
7.773148668768836e-05,0.05595639656,0.054,0.0,0.0,0.00048341400148551965,0.8615950059387057,0.007562563506092428,0.002054967410259075,3.419180582049807e-08,0.06095757901715304,0.0,0.028317188263700582,1.5961567480723108e-07,7.552580205701683e-11,5.920865585067119e-07,3.094704690600421e-08,4.138511669548982e-09,2.6421235678320654e-09,1.098408094843323e-06,3.952786084242731e-06,0.0009262425942612927,1.1798714324675527e-09,1.8658652986732014e-07,1.1011635976757557e-22,5.094474230724217e-15
7.823470819055741e-05,0.05595639656,0.054,0.0,0.0,0.0004831769259416147,0.8615867587120871,0.007578820990958597,0.002060097834060792,3.4445835118191404e-08,0.06094674113788833,0.0,0.028316848203989067,1.5955668227681533e-07,7.545736302856978e-11,5.916871999085898e-07,3.0924636780712554e-08,4.137012590119965e-09,2.6461736972287147e-09,1.0985656079120692e-06,3.953305458659916e-06,0.0009268188463892128,1.1803267683794157e-09,1.867507634394931e-07,1.1175866518402666e-22,5.0943518728780416e-15
7.873792969342645e-05,0.05595639656,0.054,0.0,0.0,0.0004829441186150378,0.8615785195803413,0.007595066542558698,0.00206522971065295,3.4699855645379254e-08,0.060935911207988296,0.0,0.028316514744034457,1.5949850803916644e-07,7.53900537833775e-11,5.912933192986163e-07,3.090254309445149e-08,4.135534682252074e-09,2.650238256165707e-09,1.098719063621892e-06,3.95381114004629e-06,0.0009273842559469369,1.1807864920790176e-09,1.8691437816936122e-07,1.134130696805422e-22,5.094231891135916e-15
7.92411511962955e-05,0.05595639656,0.054,0.0,0.0,0.00048271545341528165,0.8615702883959747,0.007611300329455871,0.0020703630022295087,3.49538641157795e-08,0.06092508911525775,0.0,0.028316187822202236,1.5944112851145932e-07,7.532384033744439e-11,5.909047558125016e-07,3.08807564995911e-08,4.13407733562062e-09,2.6543167489059194e-09,1.098868436232385e-06,3.954303028073191e-06,0.000927939011097446,1.181250252998832e-09,1.8707735812327183e-07,1.1507955035901028e-22,5.094114263237717e-15
7.974437269916454e-05,0.05595639656,0.054,0.0,0.0,0.00048249080820402966,0.8615620650159346,0.007627522515309719,0.0020754976707456426,3.5207857303897095e-08,0.06091427475076485,0.0,0.02831586737567863,1.5938452083555644e-07,7.525868980764464e-11,5.905213536631401e-07,3.08592679458436e-08,4.132639958652437e-09,2.658408694154612e-09,1.0990137039594954e-06,3.954781036463297e-06,0.0009284832971914398,1.1817177158125273e-09,1.8723968851749103e-07,1.16758084095562e-22,5.093998966501681e-15
8.024759420203358e-05,0.05595639656,0.054,0.0,0.0,0.0004822700646622958,0.8615538493014643,0.007643733259030325,0.002080633677954164,3.5461832044110455e-08,0.06090346800873864,0.0,0.028315553340574375,1.59328662854213e-07,7.51945703730811e-11,5.901429619687999e-07,3.083806867008971e-08,4.131221977910264e-09,2.662513624607186e-09,1.0991548487903145e-06,3.955245092337876e-06,0.000929017296798125,1.1821885598521996e-09,1.8740135567029168e-07,1.1844864754909176e-22,5.093885977861724e-15
8.075081570490263e-05,0.05595639656,0.054,0.0,0.0,0.00048205310816253375,0.8615456411179649,0.0076599327149269765,0.00208577098544026,3.5715785229768064e-08,0.06089266878647003,0.0,0.028315245652023747,1.5927353308814611e-07,7.513145123796784e-11,5.897694345877718e-07,3.0817150186592834e-08,4.129822837499521e-09,2.6666310865131058e-09,1.0992918563049792e-06,3.955695135589061e-06,0.000929541189735806,1.182662478548051e-09,1.8756234695578955e-07,1.201512171696013e-22,5.093775273903034e-15
8.125403720777167e-05,0.05595639656,0.054,0.0,0.0,0.00048183982764530284,0.8615374403348617,0.007676121032852041,0.002090909554654673,3.596971381229409e-08,0.06088187698421612,0.0,0.028314944244279043,1.5921911071389696e-07,7.506930259591422e-11,5.89400629958948e-07,3.0796504277570005e-08,4.128441998495575e-09,2.6707606392543566e-09,1.0994247155049962e-06,3.956131118274738e-06,0.0009300551531023151,1.1831391788883987e-09,1.877226507593506e-07,1.2186576920636288e-22,5.093666830896046e-15
8.175725871064072e-05,0.05595639656,0.054,0.0,0.0,0.00048163011550037015,0.861529246825473,0.00769229835834009,0.0020960493469453652,3.6223614800303354e-08,0.060871092505107596,0.0,0.028314649050800774,1.5916537554246602e-07,7.50080955955678e-11,5.890364109481736e-07,3.0776122984109364e-08,4.127078938391001e-09,2.674901854938175e-09,1.0995534186479214e-06,3.956553004035752e-06,0.0009305593613052921,1.1836183808996078e-09,1.8788225643455333e-07,1.2359227971590611e-22,5.093560624828832e-15
8.226048021350976e-05,0.05595639656,0.054,0.0,0.0,0.00048142386745220444,0.8615210604668865,0.007708464832742308,0.002101190323587662,3.6477485258726004e-08,0.06086031525505924,0.0,0.028314360004343585,1.591123079987159e-07,7.494780230759266e-11,5.886766447003023e-07,3.075599859742966e-08,4.125733150562699e-09,2.679054318004028e-09,1.0996779610884296e-06,3.956960767535663e-06,0.0009310539860923068,1.1840998171458397e-09,1.8804115426172054e-07,1.2533072456982896e-22,5.093456631438e-15
8.27637017163788e-05,0.05595639656,0.054,0.0,0.0,0.00048122098244969525,0.8615128811398391,0.00772462059335631,0.002106332445812941,3.673132230794227e-08,0.06084954514268362,0.0,0.02831407703703795,1.590598891015141e-07,7.488839569292974e-11,5.883212024967444e-07,3.073612365046867e-08,4.124404143758173e-09,2.683217624844365e-09,1.099798341125589e-06,3.957354393922288e-06,0.0009315391965808166,1.1845832322479518e-09,1.8819933540797856e-07,1.2708107946243833e-22,5.0933548262380254e-15
8.326692321924785e-05,0.05595639656,0.054,0.0,0.0,0.00048102136255986764,0.8615047087285997,0.007740765773551645,0.002111475674835943,3.6985123122926874e-08,0.06083878207920755,0.0,0.0283138000804681,1.590081004445763e-07,7.482984957226651e-11,5.879699596182032e-07,3.071649090978229e-08,4.123091441599893e-09,2.687391383438388e-09,1.0999145598559825e-06,3.957733878309853e-06,0.0009320151592879771,1.1850683824204044e-09,1.883567918887545e-07,1.2884331991822088e-22,5.093255184549269e-15
8.377014472211689e-05,0.05595639656,0.054,0.0,0.0,0.0004808249128653951,0.8614965431208569,0.007756900502891152,0.002116619971880743,3.723888493240285e-08,0.06082802597839128,0.0,0.02831352906574612,1.5895692417797507e-07,7.477213859665592e-11,5.876227952123483e-07,3.069709336773899e-08,4.121794582106911e-09,2.691575212998163e-09,1.1000266210324204e-06,3.958099225280787e-06,0.0009324820381603147,1.1855550350253156e-09,1.885135165306516e-07,1.3061742129914527e-22,5.0931576815245665e-15
8.427336622498594e-05,0.05595639656,0.054,0.0,0.0,0.00048063154136577114,0.8614883842076109,0.007773024907248315,0.002121765298205458,3.749260501800491e-08,0.060817276756450475,0.0,0.02831326392358259,1.589063429902923e-07,7.471523821923752e-11,5.872795921662383e-07,3.067792423499826e-08,4.120513117233092e-09,2.6957687436266392e-09,1.100134530928037e-06,3.958450448406501e-06,0.0009329399946032612,1.186042968142986e-09,1.8866950293565269e-07,1.3240335881179885e-22,5.093062292174619e-15
8.477658772785498e-05,0.05595639656,0.054,0.0,0.0,0.00048044115888201916,0.8614802318830689,0.007789139108920735,0.0021269116151257004,3.774628071345234e-08,0.0608065343319807,0.0,0.028313004584353617,1.5885634009139297e-07,7.465912466802294e-11,5.869402369833399e-07,3.065897693326376e-08,4.119246612421449e-09,2.6999716159872136e-09,1.100238298205674e-06,3.9587875697867354e-06,0.0009333891875105541,1.1865319701584488e-09,1.888247454466268e-07,1.3420110751436002e-22,5.092968991392057e-15
8.527980923072402e-05,0.05595639656,0.054,0.0,0.0,0.0004802536789648013,0.861472086044543,0.007805243226739854,0.0021320588840368477,3.799990940373147e-08,0.06079579862588435,0.0,0.028312750978164773,1.5880689919579874e-07,7.460377491969921e-11,5.866046196649577e-07,3.064024508829955e-08,4.11799464617397e-09,2.7041834809844043e-09,1.1003379337923264e-06,3.959110619606741e-06,0.0009338297732935016,1.1870218393633708e-09,1.8897923911409018e-07,1.3601064232340872e-22,5.0928777539743834e-15
8.578303073359307e-05,0.05595639656,0.054,0.0,0.0,0.0004800690178057785,0.8614639465923538,0.007821337376177075,0.0021372070664351602,3.8253488524287555e-08,0.060785069561300066,0.0,0.028312503034911615,1.5875800450663421e-07,7.45491666744052e-11,5.862726335958844e-07,3.0621722523198254e-08,4.116756809636272e-09,2.70840399945519e-09,1.1004334507584787e-06,3.959419635711657e-06,0.0009342619059101138,1.187512383572683e-09,1.8913297966417635e-07,1.37831938020578e-22,5.092788554645728e-15
8.628625223646211e-05,0.05595639656,0.054,0.0,0.0,0.000479887094152088,0.8614558134297348,0.007837421669446435,0.002142356123937801,3.850701556022618e-08,0.06077434706353437,0.0,0.028312260684337405,1.587096407001243e-07,7.449527833143805e-11,5.859441754340978e-07,3.060340325189048e-08,4.115532706196513e-09,2.7126328418705575e-09,1.1005248642021246e-06,3.959714663197378e-06,0.0009346857368941065,1.188003419755308e-09,1.892859634677687e-07,1.3966496925904813e-22,5.092701368077536e-15
8.678947373933116e-05,0.05595639656,0.054,0.0,0.0,0.00047970782922382037,0.8614476864627413,0.007853496215603903,0.0021475060183017906,3.87604880455239e-08,0.0607636310599957,0.0,0.028312023856087786,1.5866179291062168e-07,7.444208896585238e-11,5.856191450043461e-07,3.058528147288584e-08,4.114321951097999e-09,2.716869688046894e-09,1.1006121911373228e-06,3.9599957540173776e-06,0.0009351014153837708,1.1884947736784747e-09,1.8943818751075888e-07,1.415097105698851e-22,5.092616168908203e-15
8.72926952422002e-05,0.05595639656,0.054,0.0,0.0,0.00047953114663438275,0.8614395656001631,0.00786956112064349,0.002152656711441946,3.901390356224846e-08,0.06075292148013029,0.0,0.028311792479762656,1.5861444671614462e-07,7.438957830591661e-11,5.852974451954804e-07,3.056735156323713e-08,4.113124171065028e-09,2.7211142268668693e-09,1.100695450387133e-06,3.960262966604939e-06,0.0009355090881507138,1.1889862795651135e-09,1.8958964936539444e-07,1.433661363682277e-22,5.092532931761695e-15
8.779591674506924e-05,0.05595639656,0.054,0.0,0.0,0.0004793569723136358,0.8614314507534384,0.007885616487590227,0.00215780816544783,3.926725973978815e-08,0.060742218255360414,0.0,0.028311566484965456,1.585675881244075e-07,7.433772671139089e-11,5.849789818613814e-07,3.0549608072718275e-08,4.111939003941438e-09,2.725366156009461e-09,1.1007746624807773e-06,3.960516365510258e-06,0.0009359088996284653,1.1894777797638339e-09,1.8974034716267886e-07,1.4523422095932215e-22,5.092451631265214e-15
8.829913824793829e-05,0.05595639656,0.054,0.0,0.0,0.0004791852344336964,0.861423341836572,0.007901662416590103,0.0021629603425997665,3.952055425409057e-08,0.06073152131902448,0.0,0.028311345801349808,1.5852120355932353e-07,7.428651515259326e-11,5.846636637253455e-07,3.0532045718208066e-08,4.110766098341398e-09,2.7296251816887623e-09,1.1008498495548767e-06,3.960756021051883e-06,0.0009363009919409534,1.1899691244310092e-09,1.8989027956578838e-07,1.471139385444095e-22,5.092372242065945e-15
8.880235975080733e-05,0.05595639656,0.054,0.0,0.0,0.0004790158633373,0.861415238766055,0.007917699004997168,0.0021681132053839296,3.977378482691063e-08,0.06072083060631909,0.0,0.0283111303586637,1.584752798479626e-07,7.42359251902204e-11,5.843514022877871e-07,3.0514659378270984e-08,4.109605113311969e-09,2.7338910184012513e-09,1.1009210352586069e-06,3.960982008981946e-06,0.0009366855049308435,1.190460171224472e-09,1.9003944574446795e-07,1.490052632264666e-22,5.092294738846885e-15
8.930558125367638e-05,0.05595639656,0.054,0.0,0.0,0.0004788487914686307,0.861407141460788,0.00793372634745781,0.002173266716506578,4.002694922506778e-08,0.060710146054242936,0.0,0.028310920086791355,1.5842980420794762e-07,7.418593895589448e-11,5.840421117371393e-07,3.049744408792775e-08,4.108455718007001e-09,2.7381633886812363e-09,1.100988244662655e-06,3.961194410164761e-06,0.0009370625761877436,1.19095078500844e-09,1.9018784535037836e-07,1.509081690158041e-22,5.092219096341874e-15
8.980880275654542e-05,0.05595639656,0.054,0.0,0.0,0.00047868395330651975,0.8613990498420074,0.007949744535992318,0.002178420838907438,4.028004525971245e-08,0.060699467601542566,0.0,0.028310714915792772,1.5838476423527305e-07,7.41365391334057e-11,5.837357088638244e-07,3.048039503360848e-08,4.107317591371953e-09,2.742442022864133e-09,1.1010515041718215e-06,3.961393310268252e-06,0.0009374323410762682,1.1914408375692053e-09,1.9033547849335826e-07,1.5282262983552186e-22,5.0921452893497536e-15
9.031202425941446e-05,0.05595639656,0.054,0.0,0.0,0.0004785212852999276,0.8613909638332125,0.007965753660073877,0.00218357553577228,4.053307078560153e-08,0.06068879518865971,0.0,0.028310514775941115,1.5834014789252992e-07,7.408770894062356e-11,5.834321129771821e-07,3.046350754828078e-08,4.106190421839235e-09,2.746726658857337e-09,1.101110841441156e-06,3.96157879946782e-06,0.0009377949327639639,1.1919302073412132e-09,1.9048234571857188e-07,1.547486195268256e-22,5.09207329274779e-15
9.081524576228351e-05,0.05595639656,0.054,0.0,0.0,0.00047836072580562095,0.8613828833600963,0.007981753806704994,0.0021887307705447286,4.078602370038314e-08,0.06067812875768054,0.0,0.02831031959775804,1.5829594349752307e-07,7.403943211205034e-11,5.83131245825243e-07,3.044677710674699e-08,4.105073907033692e-09,2.751017041918392e-09,1.1011662852954963e-06,3.961750972162157e-06,0.00093815048224909,1.1924187791431522e-09,1.9062844798451506e-07,1.5668611185420693e-22,5.092003081504304e-15
9.131846726515255e-05,0.05595639656,0.054,0.0,0.0,0.0004782022150279638,0.8613748083504777,0.00799774506049155,0.002193886506937312,4.103890194389022e-08,0.060667468252286305,0.0,0.028310129312047003,1.582521397122656e-07,7.399169288199087e-11,5.828330315172368e-07,3.0430199321103145e-08,4.103967753487844e-09,2.7553129244401995e-09,1.101217865652287e-06,3.961909926700636e-06,0.0009384991183882547,1.1929064439236568e-09,1.9077378664184618e-07,1.586350805104884e-22,5.0919346306906405e-15
9.18216887680216e-05,0.05595639656,0.054,0.0,0.0,0.00047804569496074164,0.861366738734237,0.008013727503714487,0.002199042708941814,4.129170349744343e-08,0.060656813617705675,0.0,0.02830994384992465,1.5820872553233683e-07,7.39444759683144e-11,5.825373964487349e-07,3.041376993635407e-08,4.102871676366542e-09,2.7596140657430195e-09,1.1012656134475608e-06,3.9620557651218e-06,0.0009388409679239005,1.1933930985162941e-09,1.9091836341301706e-07,1.60595499121737e-22,5.091867915492383e-15
9.232491027089064e-05,0.05595639656,0.054,0.0,0.0,0.00047789110933094635,0.8613586744432525,0.008029701216399196,0.0022041993408389187,4.154442638316278e-08,0.060646164800668506,0.0,0.02830976314285038,1.581656902765918e-07,7.389776655678646e-11,5.822442692293313e-07,3.039748482617868e-08,4.101785399200693e-09,2.7639202318730174e-09,1.1013095605649793e-06,3.962188592902632e-06,0.0009391761555116395,1.1938786454034845e-09,1.9106218037267688e-07,1.6256734125204653e-22,5.091802911219971e-15
9.282813177375968e-05,0.05595639656,0.054,0.0,0.0,0.00047773840354444776,0.8613506154113398,0.008045666276382769,0.0022093563672072173,4.179706866328825e-08,0.06063552174936116,0.0,0.02830958712265415,1.5812302357720795e-07,7.385155028594764e-11,5.81953580612765e-07,3.038133998883968e-08,4.100708653629745e-09,2.7682311954071343e-09,1.1013497397678185e-06,3.9623085187181585e-06,0.0009395048037474322,1.1943629924890467e-09,1.912052399288234e-07,1.6455058040819272e-22,5.091739593318624e-15
9.333135327662873e-05,0.05595639656,0.054,0.0,0.0,0.000477587524633482,0.8613425615741924,0.008061622759379104,0.0022145137529315643,4.20496284395094e-08,0.06062488441338311,0.0,0.0283094157215626,1.5808071537005845e-07,7.380581323251822e-11,5.816652634293929e-07,3.036533154323222e-08,4.0996411791525795e-09,2.7725467352640554e-09,1.1013861846337924e-06,3.962415654211081e-06,0.0009398270331946091,1.1948460528790239e-09,1.9134754480467435e-07,1.6654519004416371e-22,5.0916779373777154e-15
9.383457477949777e-05,0.05595639656,0.054,0.0,0.0,0.0004774384212058923,0.861334512869324,0.008077570739041973,0.0022196714632108363,4.230210385230375e-08,0.060614252743705015,0.0,0.02830924887222352,1.580387558853996e-07,7.376054189730916e-11,5.813792525209313e-07,3.0349455725066726e-08,4.098582722886574e-09,2.7768666365210637e-09,1.1014189294926175e-06,3.962510113771005e-06,0.0009401429624107305,1.1953277446705218e-09,1.9148909802123666e-07,1.6855114356556672e-22,5.09161791913953e-15
9.433779628236681e-05,0.05595639656,0.054,0.0,0.0,0.00047729104339605565,0.8613264692360157,0.008093510287026122,0.0022248294635651,4.255449308028374e-08,0.060603626692628,0.0,0.02830908650772886,1.5799713563886141e-07,7.3715723191619e-11,5.810954846773759e-07,3.033370888318011e-08,4.097533039334465e-09,2.7811906902365687e-09,1.1014480093662233e-06,3.962592014323013e-06,0.0009404527079742813,1.1958079907482491e-09,1.9162990288054964e-07,1.705684143339126e-22,5.0915595145074884e-15
9.484101778523586e-05,0.05595639656,0.054,0.0,0.0,0.00047714534281743774,0.8613184306152588,0.008109441473046448,0.0022299877198422354,4.280679433955287e-08,0.060593006213744346,0.0,0.02830892856163614,1.57955845422731e-07,7.367134442409974e-11,5.808138985760313e-07,3.03180874759719e-08,4.0964918901588176e-09,2.7855186932781365e-09,1.1014734599115065e-06,3.962661475125163e-06,0.0009407563845111971,1.1962867185885045e-09,1.917699629495794e-07,1.7259697567078456e-22,5.0915026995538e-15
9.53442392881049e-05,0.05595639656,0.054,0.0,0.0,0.00047700127251671314,0.8613103969497067,0.00812536436493536,0.002235146198224009,4.3059005883070044e-08,0.06058239126189923,0.0,0.028308774967988542,1.5791487629751786e-07,7.3627393288072e-11,5.805344347225599e-07,3.030258806795914e-08,4.09545904396378e-09,2.7898504481558058e-09,1.1014953173655456e-06,3.962718617574659e-06,0.000941054104721221,1.1967638600703144e-09,1.9190928204474194e-07,1.7463680086188773e-22,5.091447450526662e-15
9.584746079097395e-05,0.05595639656,0.054,0.0,0.0,0.0004768587869293982,0.8613023681836223,0.008141279028698314,0.0022403048652316405,4.3311126000022854e-08,0.060571781793153874,0.0,0.028308625661333586,1.5787421958379184e-07,7.358385784927435e-11,5.802570353939907e-07,3.0287207326447194e-08,4.094434276083874e-09,2.794185762860519e-09,1.1015136184931814e-06,3.9627635650223365e-06,0.0009413459794040825,1.1972393512934868e-09,1.9204786421703375e-07,1.766878631609866e-22,5.091393743856936e-15
9.635068229384299e-05,0.05595639656,0.054,0.0,0.0,0.00047671784183694123,0.86129434426283,0.00815718552856767,0.0022454636877308792,4.356315301520923e-08,0.06056117776474959,0.0,0.028308480576740548,1.5783386685428347e-07,7.35407265340294e-11,5.799816445836088e-07,3.02719420183111e-08,4.093417368379606e-09,2.7985244507075105e-09,1.1015284005368864e-06,3.962796442595218e-06,0.0009416321174855016,1.1977131324033388e-09,1.9218571373775068e-07,1.7875013579372833e-22,5.0913415561643565e-15
9.685390379671203e-05,0.05595639656,0.054,0.0,0.0,0.00047657839432521735,0.8612863251346701,0.008173083927054854,0.0022506226329366092,4.381508528842778e-08,0.06055057913507314,0.0,0.028308339649816588,1.5779380992623853e-07,7.349798811781163e-11,5.797082079476602e-07,3.025678900688418e-08,4.092408109039626e-09,2.8028663301844607e-09,1.1015397011688339e-06,3.96281737702677e-06,0.0009419126260430086,1.1981851474218404e-09,1.923228350847738e-07,1.8082359196135886e-22,5.0912908642633e-15
9.735712529958108e-05,0.05595639656,0.054,0.0,0.0,0.0004764404027443788,0.8612783107479509,0.008188974285000915,0.002255781668417001,4.406692121387646e-08,0.060539985863623066,0.0,0.028308202816721712,1.5775404085401698e-07,7.345563171420186e-11,5.794366727538107e-07,3.0241745248949755e-08,4.091406292389229e-09,2.807211224804272e-09,1.1015475584450873e-06,3.962826496494672e-06,0.0009421876103315825,1.1986553440849566e-09,1.924592329294024e-07,1.8290820484432957e-22,5.091241645168138e-15
9.786034680245012e-05,0.05595639656,0.054,0.0,0.0,0.0004763038266700129,0.8612703010529067,0.008204856661625522,0.002260940762097236,4.431865921955964e-08,0.06052939791097704,0.0,0.02830807001418258,1.5771455192192873e-07,7.3413646764214e-11,5.791669878312907e-07,3.022680779183215e-08,4.0904117187049635e-09,2.8115589629623005e-09,1.1015520107618402e-06,3.9628239304657595e-06,0.0009424571738090981,1.1991236736859765e-09,1.925949121237176e-07,1.850039476057987e-22,5.091193876098151e-15
9.836356830531917e-05,0.05595639656,0.054,0.0,0.0,0.00047616862686556197,0.8612622960011544,0.008220731114574463,0.0022660998822628176,4.4570297766703565e-08,0.060518815238760355,0.0,0.028307941179505275,1.5767533563729765e-07,7.337202302598076e-11,5.788991035226714e-07,3.021197377058376e-08,4.089424194035168e-09,2.8159093777979126e-09,1.1015530968136273e-06,3.9628098095479235e-06,0.0009427214181615866,1.1995900909246049e-09,1.9272987768845717e-07,1.8711079339503048e-22,5.091147534482093e-15
9.886678980818821e-05,0.05595639656,0.054,0.0,0.0,0.00047603476524595955,0.8612542955456518,0.008236597699965664,0.002271258997562486,4.482183534918001e-08,0.06050823780961521,0.0,0.028307816250586957,1.5763638472374578e-07,7.333075056478458e-11,5.786329716372128e-07,3.0197240405264455e-08,4.08844353002619e-09,2.8202623070601928e-09,1.101550855553429e-06,3.962784265348664e-06,0.0009429804433282975,1.2000545537616125e-09,1.9286413480138278e-07,1.8922871535069161e-22,5.091102597962338e-15
9.937001131105725e-05,0.05595639656,0.054,0.0,0.0,0.0004759022048424425,0.8612462996406581,0.008252456472433832,0.0022764180770107633,4.5073270492938205e-08,0.06049766558717097,0.0,0.028307695165926572,1.5759769211469096e-07,7.32898197434218e-11,5.78368545405725e-07,3.018260499831009e-08,4.08746954375412e-09,2.8246175929777083e-09,1.1015453261546179e-06,3.962747430340138e-06,0.0009432343475265688,1.2005170232788681e-09,1.9299768878612649e-07,1.9135768660405034e-22,5.091059044398703e-15
9.98732328139263e-05,0.05595639656,0.054,0.0,0.0,0.0004757709097684958,0.8612383082416946,0.00826830748517369,0.002281577089990127,4.532460175544491e-08,0.06048709853601554,0.0,0.028307577864634594,1.575592509470499e-07,7.324922121288768e-11,5.781057794368999e-07,3.016806493198724e-08,4.086502057561868e-09,2.8289750821321555e-09,1.1015365479746616e-06,3.9626994377303725e-06,0.0009434832272764946,1.200977463544533e-09,1.9313054510149615e-07,1.9349768028207722e-22,5.091016851871917e-15
9.999999999999998e-05,0.05595639656,0.054,0.0,0.0,0.00047573803043256464,0.8612362958233325,0.008272299317062987,0.002282876689618597,4.5387898393756987e-08,0.060484437387691416,0.0,0.028307548904546936,1.5754960603765372e-07,7.323904530181987e-11,5.78039842273921e-07,3.0164416856338774e-08,4.086259341284184e-09,2.8300731125842946e-09,1.1015338290402419e-06,3.962685604287449e-06,0.0009435451418809258,1.2010931296937956e-09,1.931639037555208e-07,1.94038503778105e-22,5.091006435139949e-15
0.00010037645431679534,0.05595639656,0.054,0.0,0.0,0.0004756408451868934,0.8612303213055086,0.008284150789981938,0.002286736006252853,4.5575827725132444e-08,0.06047653662166727,0.0,0.028307464286441857,1.5752105455513995e-07,7.320894590337039e-11,5.778446296750482e-07,3.015361766593068e-08,4.08554089890135e-09,2.8333346253357915e-09,1.101524560520524e-06,3.962640421340466e-06,0.0009437271774253907,1.2014358414832627e-09,1.9326270933122536e-07,1.9564866951045107e-22,5.090975998686758e-15
0.00010087967581966439,0.05595639656,0.054,0.0,0.0,0.0004755119772777943,0.8612223387900345,0.00829998643729789,0.0022918947959225224,4.582694702085492e-08,0.060465979810548014,0.0,0.02830735437170753,1.5748309646477332e-07,7.31689850155435e-11,5.775850533592045e-07,3.01392607347611e-08,4.084585900180661e-09,2.837696077512502e-09,1.1015094034157088e-06,3.96257051548757e-06,0.0009439662911720568,1.2018921267512184e-09,1.933941871741536e-07,1.9781062741647318e-22,5.090936463374901e-15
0.00010138289732253343,0.05595639656,0.054,0.0,0.0,0.00047538427320785995,0.8612143606543609,0.008315814476242911,0.0022970534294952196,4.6077958291352246e-08,0.06045542806995682,0.0,0.028307248061426253,1.5744537038753609e-07,7.31293300121459e-11,5.77327008983547e-07,3.012499174578005e-08,4.08363689861606e-09,2.8420592975824193e-09,1.1014911163688737e-06,3.962489854873396e-06,0.0009442006600908299,1.2023462916157444e-09,1.935249844348206e-07,1.999835271318894e-22,5.090898224697429e-15
0.00010188611882540247,0.05595639656,0.054,0.0,0.0,0.0004752577011003572,0.861206386858695,0.008331634954658641,0.0023022118778404286,4.632886021472213e-08,0.06044488136804457,0.0,0.02830714529723449,1.5740787021524746e-07,7.308997260983844e-11,5.770704562590895e-07,3.011080837673938e-08,4.08269373608856e-09,2.846424148349943e-09,1.101469739143967e-06,3.962398574478074e-06,0.0009444303741554292,1.2027983108395177e-09,1.9365510701445987e-07,2.0216734179562346e-22,5.09086126164711e-15
0.00010238934032827152,0.05595639656,0.054,0.0,0.0,0.0004751322300062126,0.8611984173643303,0.00834744791914406,0.002307370112201651,4.657965149789978e-08,0.06043433967378923,0.0,0.028307046021416128,1.5737059001459187e-07,7.305090477132877e-11,5.768153560765993e-07,3.0096708373682773e-08,4.081756259005046e-09,2.850790496395076e-09,1.1014453115318207e-06,3.962296809459158e-06,0.0009446555217625867,1.2032481615690396e-09,1.9378456090237925e-07,2.0436204455642403e-22,5.090825553450374e-15
0.00010289256183114056,0.05595639656,0.054,0.0,0.0,0.00047500782987598575,0.8611904521336142,0.008363253415091433,0.0023125281041967496,4.683033087614545e-08,0.060423802956971966,0.0,0.028306950176907333,1.5733352402191827e-07,7.301211869775307e-11,5.765616704707008e-07,3.0082689548856745e-08,4.080824318163689e-09,2.8551582119679586e-09,1.101417873323153e-06,3.962184695055577e-06,0.0009448761897554663,1.2036958232272994e-09,1.9391335216771367e-07,2.065676085754263e-22,5.090791079569011e-15
0.0001033957833340096,0.05595639656,0.054,0.0,0.0,0.00047488447153273144,0.8611824911299168,0.008379051486721167,0.0023176858258180354,4.7080897112539597e-08,0.060413271188153914,0.0,0.0283068577073008,1.5729666663820242e-07,7.297360682130717e-11,5.763093625851239e-07,3.0068749778688716e-08,4.079897768623581e-09,2.8595271688865077e-09,1.101387464282921e-06,3.962062366496352e-06,0.0009450924634468649,1.2041412774104692e-09,1.9404148695153617e-07,2.0878400702863055e-22,5.090757819701704e-15
0.00010389900483687865,0.05595639656,0.054,0.0,0.0,0.0004747621266457197,0.8611745343176012,0.008394842177115638,0.0023228432494321115,4.73313489974856e-08,0.06040274433865375,0.0,0.02830676855684924,1.572600124241649e-07,7.293536179811766e-11,5.760583966390595e-07,3.005488700182991e-08,4.078976469578399e-09,2.863897244437053e-09,1.1013541241259853e-06,3.961929958913904e-06,0.0009453044266421956,1.2045845077884958e-09,1.9416897145931804e-07,2.1101121310929954e-22,5.0907257537852234e-15
0.00010440222633974769,0.05595639656,0.054,0.0,0.0,0.0004746407677049847,0.8611665816619937,0.008410625528251961,0.0023280003477794847,4.75816853482201e-08,0.060392222380525766,0.0,0.028306682670468333,1.5722355609554061e-07,7.28973765013443e-11,5.758087378945816e-07,3.0041099217260774e-08,4.078060284234009e-09,2.868268319277882e-09,1.1013178924940132e-06,3.961787607261781e-06,0.0009455121616622502,1.2050255000094422e-09,1.9429581195372142e-07,2.1324920003027665e-22,5.0906948619954795e-15
0.00010490544784261674,0.05595639656,0.054,0.0,0.0,0.00047452036799667537,0.8611586331293559,0.008426401581033808,0.0023331570939739534,4.783190500833071e-08,0.060381705286538766,0.0,0.02830659999373904,1.5718729251849586e-07,7.285964401450631e-11,5.75560352625103e-07,3.002738448245704e-08,4.077149079689836e-09,2.8726402773456e-09,1.1012788089336024e-06,3.9616354462366165e-06,0.0009457157493657412,1.2054642416074538e-09,1.944220147477151e-07,2.1549794102622637e-22,5.0906651247483215e-15
0.00010540866934548578,0.05595639656,0.054,0.0,0.0,0.00047440090157917995,0.8611506886868575,0.008442170375322253,0.0023383134615017867,4.808200684728111e-08,0.060371193030155534,0.0,0.0283065204729094,1.5715121670518518e-07,7.28221576250241e-11,5.753132080848275e-07,3.001374091161384e-08,4.076242726823928e-09,2.877013005764211e-09,1.1012369128755525e-06,3.961473610204178e-06,0.0009459152691716195,1.2059007219142128e-09,1.9454758619800116e-07,2.1775740935579923e-22,5.0906365227001605e-15
0.00010591189084835482,0.05595639656,0.054,0.0,0.0,0.00047428234325999933,0.8611427483025491,0.008457931949965717,0.0023434694242207145,4.833198975994349e-08,0.06036068558551288,0.0,0.028306444054895748,1.5711532380944668e-07,7.278491081796958e-11,5.750672724791663e-07,3.000016667392647e-08,4.075341100181524e-09,2.8813863947568547e-09,1.1011922436152604e-06,3.961302233129353e-06,0.0009461107990811671,1.2063349319737809e-09,1.946725326987427e-07,2.200275783037228e-22,5.090609036748377e-15
0.00010641511235122387,0.05595639656,0.054,0.0,0.0,0.0004741646685733441,0.8611348119453365,0.008473686342828976,0.00234862495635871,4.85818526661382e-08,0.06035018292740231,0.0,0.028306370687283432,1.5707960912262952e-07,7.274789727001729e-11,5.748225149360873e-07,2.998665999192567e-08,4.07444407786709e-09,2.8857603375600778e-09,1.10114484029418e-06,3.961121448509902e-06,0.0009463024156998645,1.2067668644606767e-09,1.9479686067557854e-07,2.223084211828207e-22,5.090582648031562e-15
0.00010691833385409291,0.05595639656,0.054,0.0,0.0,0.0004740478537584312,0.8611268795849568,0.008489433590821346,0.0023537800325126156,4.883159451018054e-08,0.06033968503125135,0.0,0.028306300318327073,1.5704406806954931e-07,7.271111084359002e-11,5.745789054783632e-07,2.9973219139865376e-08,4.073551541439658e-09,2.890134730340616e-09,1.1010947418823214e-06,3.960931389313844e-06,0.0009464901942590299,1.2071965136011218e-09,1.9492057657991944e-07,2.245999113359609e-22,5.09055733792958e-15
0.00010742155535696196,0.05595639656,0.054,0.0,0.0,0.0004739318757384568,0.8611189511919521,0.008505173729924004,0.002358934627646586,4.908121426043462e-08,0.06032919187310529,0.0,0.028306232896950355,1.5700869620456747e-07,7.267454558119164e-11,5.743364149966911e-07,2.995984244216156e-08,4.07266337581136e-09,2.8945094721145426e-09,1.10104198716173e-06,3.960732187920329e-06,0.0009466742086372311,1.2076238750972787e-09,1.9504368688351014e-07,2.2690202213793504e-22,5.09053308806347e-15
0.000107924776859831,0.05595639656,0.054,0.0,0.0,0.0004738167121002235,0.8611110267376484,0.008520906795216493,0.0023640887170903783,4.9330710908874333e-08,0.06031870342960954,0.0,0.028306168372745397,1.569734892077915e-07,7.263819569992126e-11,5.74095015223654e-07,2.994652827188014e-08,4.071779469149086e-09,2.8988844646687817e-09,1.100986614710926e-06,3.960523976063876e-06,0.0009468545313814655,1.2080489460544513e-09,1.9516619807325175e-07,2.2921472699727213e-22,5.090509880295209e-15
0.00010842799836270004,0.05595639656,0.054,0.0,0.0,0.00047370234107439957,0.8611031061941303,0.008536632820902458,0.002369242276537488,4.958008347065106e-08,0.060308219677992575,0.0,0.02830610669597164,1.5693844288139018e-07,7.260205558616224e-11,5.738546787084964e-07,2.993327504927253e-08,4.070899712779152e-09,2.9032596124848463e-09,1.1009286628902542e-06,3.9603068847818216e-06,0.0009470312337281144,1.2084717249110775e-09,1.9528811664627393e-07,2.3153799935798474e-22,5.0904876967272725e-15
0.00010893121986556909,0.05595639656,0.054,0.0,0.0,0.0004735887415163908,0.861095189534222,0.008552351840334595,0.0023743952820431537,4.9829330983668456e-08,0.06029774059604924,0.0,0.028306047817554466,1.5690355314602184e-07,7.256611979044011e-11,5.736153787926841e-07,2.9920081240357e-08,4.070024001094843e-09,2.907634822664786e-09,1.1008681698281072e-06,3.960081044364851e-06,0.0009472043856236606,1.2088922113714573e-09,1.9540944910524526e-07,2.338718127012536e-22,5.090466519702131e-15
0.00010943444136843813,0.05595639656,0.054,0.0,0.0,0.0004734758928878035,0.8610872767314623,0.008568063886038887,0.0023795477100222126,5.0078452508163836e-08,0.06028726616212466,0.0,0.028305991689083345,1.5686881603737164e-07,7.253038302244407e-11,5.733770895862295e-07,2.990694535554469e-08,4.0691522314668054e-09,2.9120100048592487e-09,1.1008051734080036e-06,3.959846584310544e-06,0.0009473740557451793,1.2093104063411074e-09,1.955302019539173e-07,2.3621614054704843e-22,5.090446331801559e-15
0.00010993766287130718,0.05595639656,0.054,0.0,0.0,0.00047336377523848026,0.8610793677600863,0.008583768989738092,0.002384699537246847,5.032744712629631e-08,0.06027679635509864,0.0,0.028305938262809704,1.5683422770279336e-07,7.249484014620583e-11,5.73139785944749e-07,2.989386594830839e-08,4.068284304156162e-09,2.9163850711975857e-09,1.1007397112564598e-06,3.959603633279716e-06,0.0009475403115205942,1.209726311864634e-09,1.9565038169288932e-07,2.385709564556884e-22,5.090427115845841e-15
0.00011044088437417622,0.05595639656,0.054,0.0,0.0,0.0004732523691890889,0.8610714625950053,0.008599467182374565,0.002389850740844203,5.0576313941741606e-08,0.06026633115437042,0.0,0.028305887491644404,1.5679978439805385e-07,7.245948617543134e-11,5.729034434472349e-07,2.988084161389302e-08,4.067420122230223e-09,2.9207599362199772e-09,1.1006718207316524e-06,3.959352319055553e-06,0.0009477032191487028,1.2101399310660745e-09,1.9576999481558906e-07,2.409362340293444e-22,5.090408854892865e-15
0.00011094410587704526,0.05595639656,0.054,0.0,0.0,0.00047314165591424794,0.8610635612117848,0.008615158494132384,0.002395001298293904,5.0825052079293365e-08,0.06025587053984393,0.0,0.028305839329154977,1.5676548248417567e-07,7.242431626897942e-11,5.726680383745135e-07,2.9867870988066135e-08,4.0665595914808085e-09,2.9251345168114616e-09,1.1006015389128129e-06,3.959092768505325e-06,0.0009478628436189668,1.2105512680915626e-09,1.958890478044583e-07,2.433119469134831e-22,5.0903915322370865e-15
0.00011144732737991431,0.05595639656,0.054,0.0,0.0,0.00047303161712617016,0.8610556635866294,0.008630842954458828,0.002400151187425458,5.107366068447093e-08,0.06024541449191362,0.0,0.028305793729562483,1.5673131842437554e-07,7.238932572648355e-11,5.724335476883738e-07,2.985495274590746e-08,4.065702620345007e-09,2.9295087321378583e-09,1.1005289025903516e-06,3.9588251075446666e-06,0.0009480192487310729,1.2109603280543065e-09,1.9600754712733898e-07,2.4569806879825463e-22,5.090375131408393e-15
0.00011195054888278335,0.05595639656,0.054,0.0,0.0,0.0004729222350588076,0.8610477696963605,0.008646520592085255,0.002405300386415574,5.1322138923133556e-08,0.06023496299145041,0.0,0.0283057506477382,1.5669728878109511e-07,7.235450998411002e-11,5.721999490113329e-07,2.984208560063586e-08,4.064849119828317e-09,2.933882503583504e-09,1.100453948256648e-06,3.958549461104232e-06,0.000948172497114257,1.2113671169817155e-09,1.9612549923404796e-07,2.480945734198269e-22,5.090359636170906e-15
0.0001124537703856524,0.05595639656,0.054,0.0,0.0,0.000472813492452483,0.8610398795184017,0.008662191435047314,0.0024104488737853817,5.1570485981100856e-08,0.06022451601978834,0.0,0.02830571003919996,1.5666339021312145e-07,7.2319864610451e-11,5.719672206070346e-07,2.982926830247274e-08,4.063999003430144e-09,2.938255754690755e-09,1.1003767120975177e-06,3.958265953098706e-06,0.0009483226502463979,1.2117716417646872e-09,1.9624291055313772e-07,2.5050143456166483e-22,5.090345030521617e-15
0.00011295699188852144,0.05595639656,0.054,0.0,0.0,0.00047270537253898915,0.8610319930307584,0.008677855510704581,0.0024155966283975748,5.181870106377961e-08,0.06021407355871145,0.0,0.028305671860108312,1.5662961947279398e-07,7.228538530254425e-11,5.717353413612435e-07,2.981649963754066e-08,4.063152187071522e-09,2.9426284111011854e-09,1.100297229984291e-06,3.957974706398012e-06,0.0009484697684728789,1.2121739101088917e-09,1.9635978748883244e-07,2.529186260557593e-22,5.090331298689029e-15
0.00011346021339139048,0.05595639656,0.054,0.0,0.0,0.00047259785902714537,0.8610241102120042,0.008693512845759668,0.0024207436294534698,5.2066783395796605e-08,0.06020363559044109,0.0,0.028305636067262364,1.5659597340329572e-07,7.225106788201903e-11,5.715042907634278e-07,2.980377842679579e-08,4.062308589024977e-09,2.947000400498471e-09,1.100215537466509e-06,3.957675842800654e-06,0.000948613911025214,1.2125739304880564e-09,1.964761364181348e-07,2.5534612178380596e-22,5.0903184251316165e-15
0.00011396343489425953,0.05595639656,0.054,0.0,0.0,0.00047249093608879236,0.8610162310412621,0.008709163466276676,0.00242588985649,5.231473222063768e-08,0.06019320209762361,0.0,0.02830560261809555,1.5656244893602544e-07,7.221690829136116e-11,5.712740488889045e-07,2.9791103524993557e-08,4.061468129846555e-09,2.951371652552856e-09,1.1001316697651872e-06,3.957369483009114e-06,0.0009487551360394446,1.2129717120991255e-09,1.965919636880955e-07,2.5778389567833307e-22,5.0903063945363e-15
0.00011446665639712857,0.05595639656,0.054,0.0,0.0,0.00047238458834521435,0.8610083554981901,0.008724807397699218,0.002431035289376642,5.256254680029265e-08,0.06018277306331838,0.0,0.028305571470671056,1.5652904308804932e-07,7.218290259029504e-11,5.710445963815339e-07,2.9778473819685948e-08,4.060630732309859e-09,2.9557420988672107e-09,1.100045661766639e-06,3.9570557466071845e-06,0.000948893500574304,1.2133672648192605e-09,1.9670727561324059e-07,2.602319217237835e-22,5.090295191816789e-15
0.00011496987789999761,0.05595639656,0.054,0.0,0.0,0.00047227880085397316,0.8610004835629653,0.008740444664867815,0.002436179908312274,5.281022641490632e-08,0.06017234847098626,0.0,0.02830554258367717,1.5649575295962822e-07,7.214904695227796e-11,5.708159144369418e-07,2.9765888230249744e-08,4.059796321342031e-09,2.9601116729245767e-09,1.0999575480168202e-06,3.956734752039175e-06,0.0009490290606291494,1.2137605991645965e-09,1.9682207847314859e-07,2.6269017395755e-22,5.0902848021118945e-15
0.00011547309940286666,0.05595639656,0.054,0.0,0.0,0.0004721735590961418,0.8609926152162689,0.00875607529203686,0.0024413236938219908,5.305777036243522e-08,0.06016192830447818,0.0,0.02830551591642236,1.5646257573181877e-07,7.211533766110323e-11,5.705879847862537e-07,2.9753345706944424e-08,4.058964823961697e-09,2.9644803100371983e-09,1.0998673627161905e-06,3.956406616590917e-06,0.0009491618711616651,1.2141517262507016e-09,1.969363785101733e-07,2.6515862647096386e-22,5.090275210783736e-15
0.0001159763209057357,0.05595639656,0.054,0.0,0.0,0.0004720688489639251,0.8609847504392729,0.008771699302891041,0.0024464666267538585,5.330517795831012e-08,0.06015151254802435,0.0,0.028305491428830296,1.56429508664147e-07,7.208177110760867e-11,5.703607896803275e-07,2.9740845229999245e-08,4.058136169218751e-09,2.968847947296985e-09,1.0997751397150504e-06,3.956071456372467e-06,0.0009492919861053344,1.2145406577546758e-09,1.970501819273057e-07,2.6763725341024173e-22,5.090266403415948e-15
0.00011647954240860475,0.05595639656,0.054,0.0,0.0,0.0004719646567486549,0.8609768892136243,0.008787316720561308,0.002451608688275625,5.355244853510443e-08,0.06014110118622355,0.0,0.02830546908143464,1.5639654909235052e-07,7.204834378648726e-11,5.701343118744651e-07,2.9728385808728003e-08,4.057310288135898e-09,2.973214523527351e-09,1.0996809125093432e-06,3.9557293863024735e-06,0.0009494194583866849,1.2149274058788256e-09,1.9716349488616875e-07,2.701260289773883e-22,5.090258365811792e-15
0.00011698276391147379,0.05595639656,0.054,0.0,0.0,0.00047186096912914727,0.860969031521433,0.008802927567640374,0.0024567498598713905,5.379958144220799e-08,0.060130694204032845,0.0,0.02830544883537371,1.5636369442618808e-07,7.201505229319582e-11,5.699085346135879e-07,2.9715966480670947e-08,4.0564871136519954e-09,2.9775799792364075e-09,1.0995847142369044e-06,3.95538052009407e-06,0.0009495443399423012,1.2153119833158653e-09,1.972763235051412e-07,2.7262492743105825e-22,5.09025108399223e-15
0.00011748598541434283,0.05595639656,0.054,0.0,0.0,0.0004717577731604112,0.8609611773452578,0.008818531866197757,0.0024618901233382415,5.4046576045506525e-08,0.060120291586757524,0.0,0.028305430652385066,1.5633094214731425e-07,7.198189332095928e-11,5.696834416178639e-07,2.9703586310762806e-08,4.055666580567029e-09,2.9819442565714485e-09,1.0994865776741253e-06,3.955024970242292e-06,0.0009496666817356148,1.2156944032155787e-09,1.9738867385760397e-07,2.751339230873773e-22,5.090244544193957e-15
0.00011798920691721188,0.05595639656,0.054,0.0,0.0,0.0004716550562626982,0.8609533266680938,0.00883412963779439,0.0024670294607828467,5.429343172706665e-08,0.06010989332004149,0.0,0.028305414494799917,1.5629828980721782e-07,7.194886365786756e-11,5.694590170687723e-07,2.9691244390526455e-08,4.054848625488753e-09,2.9863072992747216e-09,1.099386535233029e-06,3.954662848012926e-06,0.0009497865337734655,1.216074679152906e-09,1.975005519703047e-07,2.7765299032072453e-22,5.0902387328673815e-15
0.00011849242842008092,0.05595639656,0.054,0.0,0.0,0.00047155280621088036,0.8609454794733603,0.008849720903496816,0.0024721678546180278,5.45401478848261e-08,0.060099499389857675,0.0,0.02830540032553745,1.5626573502522016e-07,7.191596018406113e-11,5.69235245595586e-07,2.9678939837290686e-08,4.054033186780895e-09,2.9906690526404144e-09,1.099284618958722e-06,3.954294263432696e-06,0.0009499039451224378,1.2164528250973756e-09,1.976119638218353e-07,2.801821035644762e-22,5.090233636674579e-15
0.00011899564992294997,0.05595639656,0.054,0.0,0.0,0.00047145101112414805,0.8609376357448885,0.008865305683890948,0.002477305287559303,5.4786723932289494e-08,0.06008910978249893,0.0,0.028305388108099072,1.5623327548653375e-07,7.188317986900345e-11,5.690121122622666e-07,2.9666671793432042e-08,4.053220204512908e-09,2.995029463472843e-09,1.0991808605272247e-06,3.953919325280782e-06,0.0009500189639249743,1.2168288553838728e-09,1.9772291534121874e-07,2.8272123731171377e-22,5.090229242487205e-15
0.00011949887142581901,0.05595639656,0.054,0.0,0.0,0.0004713496594560167,0.8609297954669094,0.008880883999095465,0.002482441742621406,5.503315929822916e-08,0.06007872448456919,0.0,0.02830537780656252,1.5620090894037846e-07,7.185051976883704e-11,5.687896025547559e-07,2.965443942563976e-08,4.052409620411196e-09,2.9993884800458003e-09,1.0990752912436406e-06,3.953538141081558e-06,0.0009501316374152645,1.2172027846846432e-09,1.9783341240659814e-07,2.85270366115894e-22,5.090225537384378e-15
0.00012000209292868805,0.05595639656,0.054,0.0,0.0,0.0004712487399846326,0.8609219586240436,0.008896455868774796,0.0024875772031147914,5.527945342639129e-08,0.060068343482974705,0.0,0.028305369385575947,1.5616863319815186e-07,7.18179770238201e-11,5.685677023686467e-07,2.9642241924202548e-08,4.05160137781179e-09,3.003746052063025e-09,1.0989679420406675e-06,3.953150817098518e-06,0.0009502420119349132,1.2175746279825384e-09,1.9794346084402716e-07,2.878294645914862e-22,5.090222508650523e-15
0.0001205053144315571,0.05595639656,0.054,0.0,0.0,0.0004711482418033704,0.8609141252012884,0.00891202131215174,0.0024927116526421173,5.552560577520711e-08,0.0600579667649157,0.0,0.028305362810351873,1.5613644613165573e-07,7.178554885584214e-11,5.6834639799723e-07,2.9630078502317556e-08,4.050795421614418e-09,3.008102130619777e-09,1.0988588434774238e-06,3.952757458329349e-06,0.0009503501329483899,1.217944400545424e-09,1.980530664263555e-07,2.9039850741457453e-22,5.0902201437732125e-15
0.00012100853593442614,0.05595639656,0.054,0.0,0.0,0.0004710481543117093,0.8609062951840094,0.008927580348019706,0.0024978450750947237,5.577161581750918e-08,0.060047594317878275,0.0,0.028305358046661126,1.5610434567137326e-07,7.175323256601506e-11,5.68125676119899e-07,2.9617948395419733e-08,4.049991698237931e-09,3.012456668165462e-09,1.0987480257385782e-06,3.9523581685020546e-06,0.0009504560450582562,1.2183121179017216e-09,1.9816223487220494e-07,2.929774693234283e-22,5.0902184304409555e-15
0.00012201497894016423,0.05595639656,0.054,0.0,0.0,0.00047084917047348317,0.8608906453091139,0.008958679270325657,0.0025081087757632915,5.626320694425354e-08,0.06002686218819471,0.0,0.028305353819717397,1.560403965749356e-07,7.168892520760236e-11,5.676859284292774e-07,2.959378517568126e-08,4.048390742963574e-09,3.0211609365793526e-09,1.0985213515982484e-06,3.951542204224063e-06,0.0009506614167571569,1.2190414502754086e-09,1.9837928295259503e-07,2.9816504966578525e-22,5.090216910157027e-15
0.0001229207776453285,0.05595639656,0.054,0.0,0.0,0.00047067138919335304,0.8608765719287738,0.008986646566877756,0.0025173424379527653,5.6705147266612244e-08,0.06000821775841036,0.0,0.02830535587873762,1.5598311896345186e-07,7.163140567408584e-11,5.672920215201996e-07,2.957214497780707e-08,4.0469570115394625e-09,3.0289890573304994e-09,1.0983117604229735e-06,3.950788566680026e-06,0.0009508391271676249,1.2196909809184715e-09,1.9857318744594567e-07,3.0286754311327556e-22,5.090217650712196e-15
0.00012382657635049278,0.05595639656,0.054,0.0,0.0,0.00047049478677102405,0.8608625093702867,0.009014593376973117,0.002526572534718135,5.7146618946622336e-08,0.05998958698436913,0.0,0.02830536329965691,1.5592609228147983e-07,7.157421003413063e-11,5.6689981122337e-07,2.9550601779688474e-08,4.045529746152669e-09,3.0368115038558963e-09,1.0980970514033193e-06,3.950017267455208e-06,0.000951010336559538,1.2203341037382806e-09,1.987657619844319e-07,3.076017844242604e-22,5.090220319753222e-15
0.00012473237505565706,0.05595639656,0.054,0.0,0.0,0.0004703193113456358,0.8608484575602758,0.009042519796180435,0.002535798982084924,5.7587619394950804e-08,0.05997096980243194,0.0,0.02830537590221845,1.5586930637219861e-07,7.151732512061034e-11,5.665092324077728e-07,2.9529151845196316e-08,4.04410868383153e-09,3.0446280432408275e-09,1.0978773870202247e-06,3.949228865420924e-06,0.0009511752758184147,1.2209709158713022e-09,1.9895703785343684e-07,3.123676285845979e-22,5.090224852449591e-15
0.00012563817376082134,0.05595639656,0.054,0.0,0.0,0.00047014491363042937,0.8608344164284673,0.009070425916423566,0.0025450216988264322,5.8028146152478195e-08,0.05995236615138599,0.0,0.028305393511525896,1.5581275157389094e-07,7.146073842970962e-11,5.661202231837687e-07,2.9507791624735332e-08,4.042693574421957e-09,3.052438454140193e-09,1.0976529258442398e-06,3.948423906130946e-06,0.0009513341679223919,1.2216015155863803e-09,1.9914704571504783e-07,3.171649312680205e-22,5.090231185899667e-15
0.00012654397246598562,0.05595639656,0.054,0.0,0.0,0.000469971546781104,0.8608203859075337,0.009098311826160055,0.002554240606397189,5.846819688572923e-08,0.059933775972325826,0.0,0.02830541595792307,1.5575641869499515e-07,7.140443808633016e-11,5.657327247360104e-07,2.9486517745592658e-08,4.041284179941703e-09,3.0602425262322635e-09,1.0974238225592773e-06,3.947602921891496e-06,0.0009514872281942828,1.2222260019824115e-09,1.9933581560127735e-07,3.219935488425167e-22,5.09023925908734e-15
0.0001274497711711499,0.05595639656,0.054,0.0,0.0,0.00046979916627118716,0.8608063659329491,0.009126177610550493,0.0025634556288668016,5.8907769382452174e-08,0.05991519920854076,0.0,0.028305443076873407,1.5570029899046429e-07,7.134841281142294e-11,5.653466811654514e-07,2.9465327002815962e-08,4.039880273968471e-09,3.0680400596927023e-09,1.097190227991531e-06,3.9467664318495825e-06,0.0009516346645466765,1.2228444747094045e-09,1.9952337690894763e-07,3.268533383750782e-22,5.090249012838609e-15
0.0001283555698763142,0.05595639656,0.054,0.0,0.0,0.0004696277297738943,0.8607923564428475,0.009154023351619316,0.002572666692854304,5.934686154733996e-08,0.05989663580540776,0.0,0.028305474708839685,1.55644384139345e-07,7.129265189106267e-11,5.649620393396578e-07,2.9444216350574107e-08,4.038481641059527e-09,3.0758308646931947e-09,1.0969522891441446e-06,3.945914942102101e-06,0.0009517766777203477,1.223457033714278e-09,1.997097583963841e-07,3.3174415763598436e-22,5.090260389778156e-15
0.00012926136858147847,0.05595639656,0.054,0.0,0.0,0.00046945719705032446,0.8607783573778914,0.009181849128407324,0.0025818737274630765,5.978547139789271e-08,0.059878085710289866,0.0,0.028305510699163993,1.55588666223542e-07,7.123714514714785e-11,5.645787487510312e-07,2.9423182893972188e-08,4.037088076202036e-09,3.0836147609339365e-09,1.0967101492375767e-06,3.945048945825261e-06,0.0009519134615159281,1.2240637790124031e-09,1.9989498818210008e-07,3.3666586510310497e-22,5.090273334286114e-15
0.00013016716728664275,0.05595639656,0.054,0.0,0.0,0.00046928752984351014,0.8607643686811475,0.009209655017116451,0.0025910766642164404,6.022359706041526e-08,0.05985954887243994,0.0,0.028305550897948378,1.5553313770767304e-07,7.118188290971618e-11,5.64196761382646e-07,2.9402223881309974e-08,4.035699384291653e-09,3.091391577191432e-09,1.096463947753102e-06,3.944168923415179e-06,0.0009520452030190705,1.2246648104767686e-09,2.000790937446408e-07,3.416183199645024e-22,5.090287792455136e-15
0.00013107296599180703,0.05595639656,0.054,0.0,0.0,0.000469118691777978,0.8607503902979657,0.009237441091247287,0.0026002754369940035,6.066123676614522e-08,0.05984102524290907,0.0,0.028305595159936272,1.5547779141996332e-07,7.112685599075437e-11,5.638160315811798e-07,2.9381336696753935e-08,4.034315379637943e-09,3.09916115088467e-09,1.0962138204804436e-06,3.943275342643514e-06,0.0009521720828192376,1.2252602276466686e-09,2.002621019237106e-07,3.466013821205518e-22,5.09030371204757e-15
0.00013197876469697132,0.05595639656,0.054,0.0,0.0,0.00046895064826449594,0.8607364221758681,0.009265207421729692,0.0026094699819688236,6.109838884750783e-08,0.05982251477445963,0.0,0.02830564334439497,1.5542262053411677e-07,7.107205565929699e-11,5.634365159362287e-07,2.9360518853373428e-08,4.032935885495091e-09,3.106923327674453e-09,1.0959598995697835e-06,3.9423686588288744e-06,0.000952294275222253,1.2258501295578718e-09,2.0044403892293242e-07,3.5161491218658796e-22,5.090321042453139e-15
0.0001328845634021356,0.05595639656,0.054,0.0,0.0,0.00046878336640977813,0.860722464264441,0.009292954077046882,0.002618660237545441,6.153505173449422e-08,0.0598040174214827,0.0,0.02830569531499919,1.5536761855210585e-07,7.101747361790164e-11,5.630581731660838e-07,2.933976798655319e-08,4.031560733616485e-09,3.114677961073882e-09,1.0957023135852476e-06,3.9414493150134e-06,0.0009524119484567247,1.2264346145857672e-09,2.0062493031337521e-07,3.566587714936995e-22,5.090339734647128e-15
0.00013379036210729988,0.05595639656,0.054,0.0,0.0,0.00046861681493088714,0.8607085165152327,0.009320681123353273,0.0026278461442988343,6.197122395115983e-08,0.05978553313991964,0.0,0.028305750939715997,1.5531277928785242e-07,7.096310198042537e-11,5.626809640096394e-07,2.9319081847765183e-08,4.030189763832242e-09,3.122424912070428e-09,1.0954411875611466e-06,3.940517742149602e-06,0.0009525252648744553,1.2270137803036034e-09,2.008048010379052e-07,3.6173282208890463e-22,5.090359741148798e-15
0.00013469616081246416,0.05595639656,0.054,0.0,0.0,0.0004684509640740759,0.8606945788816587,0.009348388624586368,0.002637027644914338,6.24069041122395e-08,0.059767061887187556,0.0,0.028305810090691084,1.552580968517511e-07,7.090893325085386e-11,5.623048511236395e-07,2.9298458298642316e-08,4.028822823648523e-09,3.130164048783257e-09,1.0951766430621472e-06,3.93957435930144e-06,0.0009526343811449508,1.2275877233601467e-09,2.009836754170059e-07,3.6683692673652757e-22,5.0903810159804235e-15
0.00013560195951762844,0.05595639656,0.054,0.0,0.0,0.00046828578553783485,0.8606806513189083,0.009376076642573112,0.0026462046841285755,6.28420909198754e-08,0.05974860362210855,0.0,0.028305872644136625,1.5520356563596655e-07,7.085496030330001e-11,5.619297989854091e-07,2.9277895305370722e-08,4.0274597678670495e-09,3.137895246129075e-09,1.0949087982435013e-06,3.938619573845511e-06,0.000952739448444188,1.228156539366625e-09,2.0116157715509842e-07,3.7197094891758616e-22,5.090403514627091e-15
0.00013650775822279272,0.05595639656,0.054,0.0,0.0,0.0004681212523999072,0.8606667337838585,0.009403745237130896,0.002655377208671416,6.327678316045448e-08,0.05973015830484248,0.0,0.028305938480220734,1.5514918030048451e-07,7.080117636315029e-11,5.615557738008916e-07,2.9257390933396397e-08,4.026100458223968e-09,3.1456183854909e-09,1.0946377679126487e-06,3.937653781677599e-06,0.0009528406126377577,1.2287203227944269e-09,2.01338529347216e-07,3.7713475282820114e-22,5.090427193996771e-15
0.000137413556927957,0.05595639656,0.054,0.0,0.0,0.0004679573390480538,0.8606528262349922,0.009431394466163551,0.0026645451672090174,6.371097970155224e-08,0.059711725896823116,0.0,0.028306007482958667,1.5509493575988697e-07,7.074757498903784e-11,5.611827434170513e-07,2.9236943342375238e-08,4.024744763047416e-09,3.1533333544251786e-09,1.0943636635946312e-06,3.936677367433134e-06,0.0009529380144585002,1.2292791668905716e-09,2.015145544870094e-07,3.823282033800349e-22,5.090452012381028e-15
0.0001383193556331213,0.05595639656,0.054,0.0,0.0,0.00046779402111439333,0.8606389286323183,0.009459024385752569,0.002673708510287947,6.414467948897941e-08,0.05969330636069728,0.0,0.028306079540105798,1.550408271707761e-07,7.069415005580214e-11,5.608106772389087e-07,2.9216550781390728e-08,4.023392556932092e-09,3.1610400463766773e-09,1.0940865935964258e-06,3.93569070470368e-06,0.0009530317896787783,1.2298331635995307e-09,2.0168967447510503e-07,3.875511661986514e-22,5.090477929416789e-15
0.00013922515433828557,0.05595639656,0.054,0.0,0.0,0.0004676312754131239,0.8606250409372982,0.009486635050243771,0.0026828671902804154,6.457788154392875e-08,0.05967489966026729,0.0,0.028306154543052436,1.5498684991983801e-07,7.064089573849838e-11,5.604395461512807e-07,2.919621158445454e-08,4.022043720430262e-09,3.168738360385589e-09,1.093806663071223e-06,3.934694156253639e-06,0.000953122069277507,1.2303824034919777e-09,2.018639106273742e-07,3.928035076202502e-22,5.090504906048355e-15
0.00014013095304344985,0.05595639656,0.054,0.0,0.0,0.00046746907988142605,0.8606111631127762,0.00951422651232968,0.002692021161330629,6.501058496021848e-08,0.05965650576043607,0.0,0.028306232386720646,1.5493299961254032e-07,7.058780649703842e-11,5.600693224440683e-07,2.917592416620179e-08,4.0206981397589885e-09,3.176428200837235e-09,1.0935239740868848e-06,3.9336880742523945e-06,0.0009532089796020457,1.2309269757103375e-09,2.020372836844237e-07,3.9808509469143883e-22,5.090532904490017e-15
0.00014103675174861413,0.05595639656,0.054,0.0,0.0,0.00046730741352340625,0.8605972951229099,0.009541798823127822,0.0027011703793022907,6.54427889016299e-08,0.05963812462715503,0.0,0.028306312969462868,1.5487927206236974e-07,7.053487706164184e-11,5.596999797413967e-07,2.9155687017805416e-08,4.019355706521697e-09,3.184109477221673e-09,1.0932386256924655e-06,3.932672800499276e-06,0.0009532926425251107,1.2314669679183994e-09,2.0220981382141702e-07,4.033957951669831e-22,5.090561888189987e-15
0.00014194255045377841,0.05595639656,0.054,0.0,0.0,0.0004671462563569155,0.8605834369331089,0.00956935203225515,0.002710314801727227,6.587449259933548e-08,0.059619756227374546,0.0,0.028306396192962678,1.5482566328060392e-07,7.048210241928521e-11,5.593314929350147e-07,2.913549870315269e-08,4.018016317443428e-09,3.1917821038717075e-09,1.092950713982991e-06,3.931648666642697e-06,0.000953373175596822,1.232002466254243e-09,2.0238152065737547e-07,4.0873547750487815e-22,5.09059182179455e-15
0.0001428483491589427,0.05595639656,0.054,0.0,0.0,0.0004669855893630649,0.8605695885099733,0.00959688618789878,0.0027194543877551774,6.630569534941551e-08,0.059601400528996866,0.0,0.028306481962137493,1.547721694666486e-07,7.042947780060942e-11,5.589638381205393e-07,2.9115357855174377e-08,4.016679874120425e-09,3.1994459997482436e-09,1.0926603321692014e-06,3.9306159944177765e-06,0.0009534506921919824,1.2325335552994897e-09,2.025524232655657e-07,4.141040108656531e-22,5.090622671112717e-15
0.00014375414786410698,0.05595639656,0.054,0.0,0.0,0.0004668253944383291,0.8605557498212356,0.00962440133688326,0.002728589098104717,6.673639651045949e-08,0.059583057500831295,0.0,0.02830657018504335,1.5471878699882503e-07,7.037699866745648e-11,5.585969925368138e-07,2.909526317234546e-08,4.015346282781834e-09,3.2071010882418374e-09,1.0923675706449034e-06,3.929575095874982e-06,0.0009535253016527455,1.2330603180507543e-09,2.0272254018432173e-07,4.195012651099785e-22,5.09065440308242e-15
0.00014465994656927126,0.05595639656,0.054,0.0,0.0,0.0004666656543491064,0.8605419208357077,0.009651897524734502,0.0027377188950153467,6.71665955012508e-08,0.059564727112551716,0.0,0.028306660772781718,1.5466551242558873e-07,7.032466070140371e-11,5.582309345092423e-07,2.9075213415437687e-08,4.0140154540624845e-09,3.2147472969350918e-09,1.092072517050472e-06,3.928526273595359e-06,0.0009535971094267887,1.233582835891185e-09,2.028918894269645e-07,4.249271107920157e-22,5.090686985736961e-15
0.00014556574527443554,0.05595639656,0.054,0.0,0.0,0.00046650635268856303,0.8605281015232279,0.009679374795740586,0.0027468437422007125,6.75962917985307e-08,0.05954640933465605,0.0,0.028306753639408436,1.5461234245726725e-07,7.027245979260971e-11,5.578656433953939e-07,2.905520740439121e-08,4.012687302788634e-09,3.22238455741668e-09,1.0917752563425047e-06,3.927469820928735e-06,0.0009536662172010718,1.2341011885783671e-09,2.030604884926055e-07,4.303814191583485e-22,5.0907203881717004e-15
0.00014647154397959982,0.05595639656,0.054,0.0,0.0,0.0004663474738356791,0.8605142918546116,0.009706833193009566,0.0027559636048029735,6.802548493484019e-08,0.05952810413842775,0.0,0.02830684870184465,1.5455927395817956e-07,7.022039202908585e-11,5.575010995329677e-07,2.903524401530703e-08,4.011361747774131e-09,3.2300128051237418e-09,1.0914758708611708e-06,3.926406022223155e-06,0.0009537327230313388,1.2346154542326557e-09,2.0322835437759213e-07,4.358640621460068e-22,5.0907545805125846e-15
0.0001473773426847641,0.05595639656,0.054,0.0,0.0,0.0004661890029164007,0.8605004918016051,0.009734272758524464,0.0027650784493482954,6.845417449643662e-08,0.059509811495899324,0.0,0.02830694587978991,1.5450630393907547e-07,7.016845368701538e-11,5.571372841915955e-07,2.9015322177690478e-08,4.010038711624938e-09,3.2376319791231636e-09,1.09117444039097e-06,3.925335153030864e-06,0.0009537967214674892,1.2351257093227572e-09,2.033955035857645e-07,4.413749123739745e-22,5.0907895338849744e-15
0.0001482831413899284,0.05595639656,0.054,0.0,0.0,0.0004660309257667229,0.8604867013368409,0.009761693533195535,0.0027741882437034814,6.888236012128263e-08,0.05949153137981741,0.0,0.02830704509563728,1.5445342955006776e-07,7.011664122127153e-11,5.567741795264795e-07,2.8995440871790202e-08,4.0087181205556665e-09,3.245242021946642e-09,1.0908710422291508e-06,3.924257480343075e-06,0.0009538583036748701,1.2356320286684036e-09,2.0356195213928556e-07,4.469138431417002e-22,5.0908252203823475e-15
0.00014918894009509267,0.05595639656,0.054,0.0,0.0,0.00046587322889764645,0.8604729204337955,0.009789095556910002,0.0027832929570336985,6.931004149710574e-08,0.05947326376360972,0.0,0.0283071462743905,1.544006480739075e-07,7.00649512561179e-11,5.56411768533582e-07,2.8975599126000805e-08,4.007399904215577e-09,3.2528428794744757e-09,1.0905657512527124e-06,3.92317326281899e-06,0.0009539175575516498,1.2361344854413798e-09,2.037277155903766e-07,4.524807284282179e-22,5.090861613037107e-15
0.00015009473880025695,0.05595639656,0.054,0.0,0.0,0.0004657158994619475,0.8604591490667487,0.00981647886857937,0.002792392559761318,6.973721835952518e-08,0.059455008621353556,0.0,0.028307249343583273,1.5434795691944754e-07,7.001338057705396e-11,5.560500350086388e-07,2.8955796014523878e-08,4.006083995519871e-09,3.260434500731507e-09,1.0902586399752214e-06,3.922082750978166e-06,0.0009539745678424114,1.2366331511612638e-09,2.0389280903174897e-07,4.58075442881667e-22,5.090898685791875e-15
0.00015100053750542123,0.05595639656,0.054,0.0,0.0,0.0004655589252225786,0.860445387210746,0.009843843506184401,0.0028014870235258415,7.016389049024479e-08,0.05943676592774584,0.0,0.028307354233200514,1.5429535361558572e-07,6.996192612279837e-11,5.556889635077463e-07,2.893603065511402e-08,4.004770330492246e-09,3.2680168377343937e-09,1.089949778612943e-06,3.920986187428107e-06,0.000954029416247985,1.237128095710182e-09,2.0405724710717165e-07,4.636978618171258e-22,5.090936413470123e-15
0.00015190633621058551,0.05595639656,0.054,0.0,0.0,0.0004654022945226586,0.8604316348415628,0.009871189506817925,0.002810576321144897,7.05900577153092e-08,0.059418535658074645,0.0,0.02830746087560164,1.542428358055609e-07,6.991058497714704e-11,5.553285393085889e-07,2.8916302206821202e-08,4.00345884811712e-09,3.2755898454188866e-09,1.0896392351516289e-06,3.919883807093411e-06,0.0009540821815316794,1.237619387342952e-09,2.0422104402316504e-07,4.693478612176747e-22,5.090974771749174e-15
0.0001528121349157498,0.05595639656,0.054,0.0,0.0,0.00046524599625703426,0.8604178919356684,0.00989851690672557,0.0028196604265762937,7.101571990342147e-08,0.05940031778819209,0.0,0.02830756920544587,1.5419040124127117e-07,6.985935436211793e-11,5.54968748375566e-07,2.8896609868004806e-08,4.002149490193437e-09,3.2831534814480276e-09,1.0893270753984203e-06,3.918775837390961e-06,0.0009541329396220724,1.2381070926894614e-09,2.0438421355954072e-07,4.750253177217933e-22,5.091013737134041e-15
0.00015371793362091408,0.05595639656,0.054,0.0,0.0,0.0004650900198452196,0.8604041584701942,0.009925825741344483,0.0028287393148811275,7.144087696431996e-08,0.059382112294488476,0.0,0.02830767915961947,1.5413804777805478e-07,6.98082316312475e-11,5.546095773264624e-07,2.8876952874439706e-08,4.000842201198801e-09,3.2907077060608526e-09,1.0890133630446155e-06,3.917662498446386e-06,0.0009541817637123376,1.2385912767799845e-09,2.0454676907954544e-07,4.807301086199841e-22,5.091053286929839e-15
0.00015462373232607836,0.05595639656,0.054,0.0,0.0,0.0004649343552056706,0.8603904344229036,0.009953116045340228,0.0028378129621879035,7.186552884721271e-08,0.059363919153867885,0.0,0.028307790677164955,1.5408577336991077e-07,6.975721426236559e-11,5.542510133986905e-07,2.8857330497337507e-08,3.9995369281652276e-09,3.29825248204661e-09,1.0886981597328237e-06,3.916544003325627e-06,0.0009542287243562664,1.2390720030614647e-09,2.0470872354113882e-07,4.864621118588092e-22,5.09109339921684e-15
0.00015552953103124264,0.05595639656,0.054,0.0,0.0,0.0004647789927314399,0.8603767197721599,0.009980387852641848,0.0028468813456576612,7.22896755392671e-08,0.05934573834372469,0.0,0.028307903699212218,1.540335760645357e-07,6.97062998518299e-11,5.538930444195558e-07,2.8837742041655006e-08,3.9982336205520464e-09,3.305787774565383e-09,1.08838152510325e-06,3.915420558190187e-06,0.0009542738895611719,1.239549333402969e-09,2.048700895076334e-07,4.922212060261249e-22,5.091134052826943e-15
0.00015643532973640692,0.05595639656,0.054,0.0,0.0,0.0004646239232669918,0.8603630144969004,0.010007641196475259,0.00285594444345011,7.27133170641532e-08,0.059327569841921377,0.0,0.028308018168911552,1.539814539987577e-07,6.965548610903764e-11,5.535356587783328e-07,2.8818186844525597e-08,3.996932230127056e-09,3.313313550984768e-09,1.088063516851809e-06,3.91429236249783e-06,0.0009543173248776145,1.2400233281311996e-09,2.050308791574287e-07,4.980072703455756e-22,5.091175227317724e-15
0.0001573411284415712,0.05595639656,0.054,0.0,0.0,0.00046446913808612735,0.8603493185766078,0.010034876109395015,0.002865002234690715,7.313645348063887e-08,0.05930941362676745,0.0,0.028308134031368504,1.5392940539462854e-07,6.960477084990384e-11,5.531788453966579e-07,2.8798664273507482e-08,3.995632710864026e-09,3.3208297809053705e-09,1.0877441907986828e-06,3.913159609240438e-06,0.0009543590934860829,1.2404940460506776e-09,2.0519110429442286e-07,5.038201846848403e-22,5.0912169029493116e-15
0.0001582469271467355,0.05595639656,0.054,0.0,0.0,0.00046431462887113454,0.8603356319912865,0.010062092623314561,0.00287405469943874,7.3559084881235e-08,0.0592912696769992,0.0,0.028308251233580568,1.5387742855508357e-07,6.955415199198019e-11,5.528225937030305e-07,2.877917372513099e-08,3.99433501883236e-09,3.3283364359977635e-09,1.0874236009286137e-06,3.912022485077821e-06,0.0009543992562808789,1.240961544448239e-09,2.0535077635873582e-07,5.096598295388888e-22,5.091259060663615e-15
0.00015915272585189977,0.05595639656,0.054,0.0,0.0,0.0004641603876929211,0.860321954721437,0.010089290769535002,0.0028831018186562395,7.398121139088873e-08,0.059273137971760606,0.0,0.02830836972437571,1.5382552185981542e-07,6.950362755013727e-11,5.524668936097901e-07,2.875971462363204e-08,3.993039112090127e-09,3.3358334898101985e-09,1.0871017994426692e-06,3.910881170516406e-06,0.0009544378719510821,1.24142587913941e-09,2.055099064362974e-07,5.155260860208941e-22,5.091301682059872e-15
0.00016005852455706405,0.05595639656,0.054,0.0,0.0,0.0004640064069920462,0.8603082867480336,0.010116470578772536,0.00289214357417794,7.440283316572374e-08,0.05925501849058508,0.0,0.028308489454352586,1.5377368376221263e-07,6.945319563056173e-11,5.52111735486945e-07,2.8740286419384217e-08,3.9917449506021826e-09,3.3433209178497952e-09,1.0867788368296904e-06,3.909735840158986e-06,0.0009544749970587082,1.2418871044913035e-09,2.056685052678524e-07,5.214188358761327e-22,5.091344749373017e-15
0.00016096432326222833,0.05595639656,0.054,0.0,0.0,0.00046385267956085816,0.8602946280525022,0.010143632081184514,0.0029011799486820273,7.48239503918256e-08,0.05923691121337811,0.0,0.02830861037582257,1.5372191278562584e-07,6.940285442654142e-11,5.517571101400368e-07,2.872088858762922e-08,3.990452496146029e-09,3.3507986974450637e-09,1.086454761900669e-06,3.9085866628172075e-06,0.0009545106861143745,1.2423452734212428e-09,2.0582658325962463e-07,5.273379614638293e-22,5.091388245455825e-15
0.00016187012196739261,0.05595639656,0.054,0.0,0.0,0.00046369919852647334,0.8602809786166995,0.010170775306394276,0.002910210925661817,7.524456328407031e-08,0.059218816120400725,0.0,0.02830873244275335,1.5367020751940506e-07,6.935260221532874e-11,5.514030087916723e-07,2.8701520627500093e-08,3.989161712210405e-09,3.3582668075034906e-09,1.0861296218318726e-06,3.907433801659732e-06,0.0009545449916503002,1.2428004374554315e-09,2.0598415049337458e-07,5.332833457423746e-22,5.091432153755861e-15
0.0001627759206725569,0.05595639656,0.054,0.0,0.0,0.0004635459573344499,0.860267338422893,0.010197900283514834,0.002919236489398271,7.566467208499536e-08,0.059200733192253704,0.0,0.02830885561071437,1.5361856661666535e-07,6.930243735250547e-11,5.510494230582243e-07,2.8682182060603394e-08,3.98787256393291e-09,3.365725228651533e-09,1.0858034622410356e-06,3.906277414480892e-06,0.0009545779642906902,1.2432526467548514e-09,2.061412167333945e-07,5.392548722904518e-22,5.091476458294904e-15
0.00016368171937772118,0.05595639656,0.054,0.0,0.0,0.00046339294973347846,0.8602537074537429,0.010225007041171347,0.002928256624933328,7.608427706371111e-08,0.05918266240986265,0.0,0.028308979836823678,1.5356698879127573e-07,6.925235826818596e-11,5.506963449301806e-07,2.866287242987357e-08,3.98658501802449e-09,3.3731739431392935e-09,1.0854763272165948e-06,3.905117653794542e-06,0.0009546096528199332,1.2437019501019948e-09,2.0629779143666242e-07,5.452524252886908e-22,5.0915211436541916e-15
0.00016458751808288546,0.05595639656,0.054,0.0,0.0,0.00046324016976081046,0.8602400856922826,0.010252095607522584,0.0029372713180440928,7.650337851485144e-08,0.05916460375446368,0.0,0.028309105079696525,1.535154728136967e-07,6.920236346512443e-11,5.50343766758011e-07,2.864359129888368e-08,3.985299042665598e-09,3.380612934522152e-09,1.0851482593490333e-06,3.9039546669398854e-06,0.000954640104248371,1.2441483949734722e-09,2.0645388376445227e-07,5.512758894962262e-22,5.09156619495279e-15
0.00016549331678804974,0.05595639656,0.054,0.0,0.0,0.0004630876117281769,0.8602264731219039,0.010279166010281345,0.0029462805552177944,7.69219767575624e-08,0.059146557207589864,0.0,0.02830923129939547,1.534640175094912e-07,6.915245151334471e-11,5.499916812313572e-07,2.862433825055553e-08,3.984014607460691e-09,3.3880421878591816e-09,1.084819299813916e-06,3.90278859637713e-06,0.0009546693638756074,1.244592027571144e-09,2.0660950258675821e-07,5.5732515028063e-22,5.091611597827427e-15
0.00016639911549321402,0.05595639656,0.054,0.0,0.0,0.0004629352702086554,0.8602128697263387,0.010306218276733914,0.002955284323627502,7.734007213452707e-08,0.059128522751058225,0.0,0.028309358457381913,1.5341262175738176e-07,6.910262104645802e-11,5.496400813609336e-07,2.8605112886070747e-08,3.982731683388785e-09,3.395461689686507e-09,1.0844894883978056e-06,3.9016195797692025e-06,0.0009546974753519227,1.2450328927899839e-09,2.0676465649090664e-07,5.634000936015929e-22,5.0916573384211076e-15
0.0001673049141983783,0.05595639656,0.054,0.0,0.0,0.00046278314002421946,0.8601992754896441,0.010333252433758565,0.0029642826111086367,7.775766501102611e-08,0.05911050036695746,0.0,0.02830948651646922,1.5336128448443706e-07,6.90528707611289e-11,5.492889604686057e-07,2.8585914824476223e-08,3.981450242687579e-09,3.402871427592481e-09,1.0841588635135498e-06,3.900447750029159e-06,0.000954724480737505,1.24547103430564e-09,2.0691935379637496e-07,5.69500605974839e-22,5.09170340336303e-15
0.00016821071290354259,0.05595639656,0.054,0.0,0.0,0.0004626312162335608,0.8601856903961889,0.010360268507843242,0.002973275406136207,7.817475577403196e-08,0.05909249003763614,0.0,0.0283096154407773,1.5331000466503702e-07,6.900319941193386e-11,5.489383121689056e-07,2.8566743701514842e-08,3.980170258817579e-09,3.410271390467369e-09,1.0838274622923223e-06,3.899273235651182e-06,0.0009547504205593202,1.245906494615185e-09,2.0707360255636025e-07,5.756265745121919e-22,5.091749779748044e-15
0.00016911651160870687,0.05595639656,0.054,0.0,0.0,0.0004624794941208067,0.8601721144306372,0.010387266525102324,0.002982262697802728,7.859134483133626e-08,0.05907449174569157,0.0,0.02830974519568841,1.532587813207097e-07,6.895360580741265e-11,5.485881303514554e-07,2.8547599168513052e-08,3.978891706453848e-09,3.4176615685849696e-09,1.0834953206095277e-06,3.898096160792286e-06,0.0009547753338663733,1.2463393149789743e-09,2.0722741056285835e-07,5.817778869109682e-22,5.091796455128837e-15
0.00017002231031387115,0.05595639656,0.054,0.0,0.0,0.0004623279691849162,0.860158547577938,0.010414246511292689,0.0029912444757968838,7.900743261070855e-08,0.05905650547395909,0.0,0.02830987574780456,1.5320761351420353e-07,6.890408881104608e-11,5.482384091751825e-07,2.8528480892296178e-08,3.977614561348757e-09,3.425041953036942e-09,1.0831624730784043e-06,3.896916645239987e-06,0.0009547992582830454,1.2467695355225564e-09,2.073807853669639e-07,5.879544314000998e-22,5.091843417497832e-15
0.00017092810901903543,0.05595639656,0.054,0.0,0.0,0.0004621766371291172,0.8601449898233098,0.010441208491828922,0.003000220730382878,7.942301955908591e-08,0.05903853120550196,0.0,0.028310007064906148,1.531565003481277e-07,6.885464733641067e-11,5.478891430522799e-07,2.8509388554153523e-08,3.976338800287822e-09,3.432412536015251e-09,1.0828289531528798e-06,3.895734804785763e-06,0.0009548222300601086,1.2471971952930263e-09,2.0753373427801188e-07,5.9415609679098605e-22,5.0918906552651755e-15
0.0001718339077241997,0.05595639656,0.054,0.0,0.0,0.0004620254938511825,0.8601314411522305,0.010468152491797902,0.0030091914523803667,7.983810614179213e-08,0.05902056892360163,0.0,0.028310139115911834,1.5310544096779703e-07,6.880528034247371e-11,5.475403266299809e-07,2.8490321848601797e-08,3.975064401148596e-09,3.4397733110580695e-09,1.0824947931589085e-06,3.8945507513269875e-06,0.0009548442841244035,1.247622332169283e-09,2.0768626436167664e-07,6.003827724783494e-22,5.091938157254725e-15
0.000172739706429364,0.05595639656,0.054,0.0,0.0,0.00046187453543445397,0.8601179015504249,0.010495078535972617,0.003018156633145123,8.025269284178496e-08,0.05900261861174853,0.0,0.02831027187083978,1.5305443455397326e-07,6.875598683625763e-11,5.471919547888295e-07,2.847128048363122e-08,3.9737913427385026e-09,3.4471242723071765e-09,1.0821600242592175e-06,3.893364592727464e-06,0.0009548654541268886,1.2480449829754224e-09,2.0783838246854823e-07,6.066343483621889e-22,5.091985912688618e-15
0.00017364550513452828,0.05595639656,0.054,0.0,0.0,0.0004617237581386465,0.8601043710038538,0.010521986648825378,0.003027116264550319,8.06667801589312e-08,0.05898468025363333,0.0,0.02831040530077017,1.5300348031944104e-07,6.870676586850563e-11,5.468440226295519e-07,2.845226417984978e-08,3.9725196047039935e-09,3.4544654147868913e-09,1.0818246765677879e-06,3.8921764332368865e-06,0.000954885772488329,1.2484651835580874e-09,2.079900952327065e-07,6.129107149087287e-22,5.092033911162515e-15
0.00017455130383969256,0.05595639656,0.054,0.0,0.0,0.00046157315839142195,0.8600908494987045,0.010548876854540415,0.003036070338968336,8.108036860930825e-08,0.058966753833138506,0.0,0.02831053937780873,1.5295257751666702e-07,6.865761652759643e-11,5.464965254528619e-07,2.843327266899253e-08,3.971249167694228e-09,3.461796734890229e-09,1.081488779195054e-06,3.890986373644577e-06,0.0009549052704439061,1.2488829686638807e-09,2.0814140905735883e-07,6.192117631712848e-22,5.092082142645404e-15
0.00017545710254485684,0.05595639656,0.054,0.0,0.0,0.00046142273278086183,0.8600773370213793,0.010575749177025843,0.0030450188492532346,8.1493458724531e-08,0.058948839334330365,0.0,0.02831067407505156,1.529017254298833e-07,6.860853794405155e-11,5.461494587615729e-07,2.8414305694518537e-08,3.969980013190043e-09,3.4691182294258373e-09,1.0811523601749573e-06,3.889794510998989e-06,0.0009549239780865408,1.2492983720597492e-09,2.0829233015462454e-07,6.255373846805436e-22,5.09213059746806e-15
0.00017636290125002112,0.05595639656,0.054,0.0,0.0,0.00046127247804743924,0.8600638335584869,0.010602603639925117,0.0030539617887238467,8.190605105110367e-08,0.05893093674145147,0.0,0.028310809366551205,1.5285092336618347e-07,6.855952928714239e-11,5.458028182513267e-07,2.839536301102886e-08,3.96871212329263e-09,3.4764298958309453e-09,1.0808154465899472e-06,3.8886009390694834e-06,0.0009549419244077495,1.2497114266312197e-09,2.0844286454795071e-07,6.31887471512581e-22,5.092179266293947e-15
0.0001772686999551854,0.05595639656,0.054,0.0,0.0,0.0004611223910766416,0.8600503390968344,0.010629440266627918,0.0030628991511472796,8.231814614979514e-08,0.05891304603891338,0.0,0.02831094522728358,1.528001706701083e-07,6.851058975664289e-11,5.45456599786933e-07,2.8376444382349115e-08,3.967445481035349e-09,3.483731732996731e-09,1.0804780646424365e-06,3.887405748598733e-06,0.00095495913733763,1.2501221642335752e-09,2.085930180371705e-07,6.38261916341962e-22,5.092228140122582e-15
0.00017817449866034969,0.05595639656,0.054,0.0,0.0,0.00046097246889275365,0.8600368536234172,0.010656259080280527,0.0030718309307230566,8.27297445950374e-08,0.058895167211289685,0.0,0.028311081633116013,1.5274946671794847e-07,6.846171858925197e-11,5.451107994078369e-07,2.835754958248342e-08,3.966180070267116e-09,3.4910237400810165e-09,1.0801402395338315e-06,3.886209026841306e-06,0.0009549756437839983,1.2505306158170888e-09,2.087427962517031e-07,6.446606122920587e-22,5.092277210283743e-15
0.00017908029736551397,0.05595639656,0.054,0.0,0.0,0.00046082270865183985,0.8600233771254109,0.01068306010379575,0.0030807571220678558,8.3140846974346e-08,0.05887730024330944,0.0,0.028311218560776688,1.5269881089742575e-07,6.841291505687587e-11,5.447654133242565e-07,2.8338678395480414e-08,3.9649158751939246e-09,3.498305916555728e-09,1.0798019955956132e-06,3.885010858051419e-06,0.0009549914696688602,1.250936811531361e-09,2.0889220466536975e-07,6.510834530033734e-22,5.0923264684021815e-15
0.00017998609607067825,0.05595639656,0.054,0.0,0.0,0.0004606731076351775,0.8600099095901649,0.010709843359862347,0.003089677720200588,8.355145388776195e-08,0.058859445119850924,0.0,0.028311355987824617,1.526482026304532e-07,6.83641784552714e-11,5.444204378884368e-07,2.8319830612860876e-08,3.963652880863146e-09,3.5055782634952276e-09,1.079463356404597e-06,3.883811323900818e-06,0.0009550066399641564,1.2513407805676917e-09,2.090412485296729e-07,6.575303327357086e-22,5.092375906403779e-15
0.00018089189477584253,0.05595639656,0.054,0.0,0.0,0.00046052366324423867,0.8599964510051936,0.010736608870954045,0.003098592720528026,8.396156594731414e-08,0.05884160182593559,0.0,0.028311493892620634,1.5259764137711481e-07,6.83155081122659e-11,5.440758696024591e-07,2.8301006034889587e-08,3.962391073261517e-09,3.512840782152027e-09,1.0791243446026326e-06,3.882610502792522e-06,0.0009550211787272216,1.2517425512998718e-09,2.0918993294025377e-07,6.640011461702706e-22,5.092425516518169e-15
0.0001817976934810068,0.05595639656,0.054,0.0,0.0,0.00046037437299457435,0.8599830013581701,0.010763356659338103,0.0031075021188310807,8.437118377650116e-08,0.05882377034672237,0.0,0.028311632254299945,1.5254712659497117e-07,6.826690338885882e-11,5.437317051221368e-07,2.8282204471193778e-08,3.961130438419347e-09,3.5200934736889604e-09,1.0787849820240137e-06,3.881408470337815e-06,0.0009550351091332964,1.2521421513504018e-09,2.0933826287898357e-07,6.7049578846582925e-22,5.092475291235285e-15
0.0001827034921861711,0.05595639656,0.054,0.0,0.0,0.00046022523450982067,0.8599695606369194,0.010790086747083542,0.0031164059112513054,8.478030800979324e-08,0.0588059506675022,0.0,0.028311771052744888,1.5249665776728595e-07,6.821836366367032e-11,5.433879412215375e-07,2.826342573724375e-08,3.9598709630083265e-09,3.5273363410782835e-09,1.078445289878539e-06,3.880205300031562e-06,0.0009550484535073385,1.2525396074515593e-09,2.0948624310117576e-07,6.770141554323585e-22,5.092525223312626e-15
0.00018360929089133538,0.05595639656,0.054,0.0,0.0,0.00046007624551778424,0.8599561288294111,0.010816799156068896,0.003125304094277879,8.518893929215148e-08,0.05878814277369286,0.0,0.02831191026855863,1.524462344324059e-07,6.816988834248591e-11,5.430445748012421e-07,2.8244669655793163e-08,3.958612634988311e-09,3.5345693874754064e-09,1.0781052885007214e-06,3.879001062297474e-06,0.0009550612333562928,1.2529349456473817e-09,2.0963387820999815e-07,6.835561432781606e-22,5.0925753057901385e-15
0.00018451508959649966,0.05595639656,0.054,0.0,0.0,0.0004599274038451768,0.8599427059237552,0.010843493907989717,0.003134196664735284,8.559707827856546e-08,0.05877034665083402,0.0,0.028312049883040508,1.523958561118808e-07,6.812147686384959e-11,5.427016029033335e-07,2.8225936058761048e-08,3.957355442043828e-09,3.5417926154202063e-09,1.0777649974557603e-06,3.8777958248864975e-06,0.0009550734693980485,1.2533281912271084e-09,2.0978117274972835e-07,6.901216486331145e-22,5.092625531936493e-15
0.00018542088830166394,0.05595639656,0.054,0.0,0.0,0.0004597787074119505,0.8599292919081941,0.010870171024365648,0.003143083619771125,8.600472563360791e-08,0.05875256228458245,0.0,0.028312189878161427,1.5234552233080882e-07,6.807312867818968e-11,5.423590226677995e-07,2.8207224782426228e-08,3.956099372014839e-09,3.549006029513623e-09,1.0774244358221148e-06,3.8765896539318725e-06,0.0009550851815895517,1.2537193686318509e-09,2.0992813103047333e-07,6.967105688225005e-22,5.092675895254604e-15
0.00018632668700682822,0.05595639656,0.054,0.0,0.0,0.0004596301542283999,0.8599158867710989,0.010896830526547207,0.0031519649568443214,8.641188203100599e-08,0.05873478966070753,0.0,0.02831233023653991,1.522952327011312e-07,6.802484325761778e-11,5.420168313379042e-07,2.8188535668647834e-08,3.954844414696584e-09,3.556209634685918e-09,1.0770836218612788e-06,3.875382612690505e-06,0.0009550963891563458,1.254108501838816e-09,2.1007475719569132e-07,7.033228015562989e-22,5.092726389513794e-15
0.0001872324857119925,0.05595639656,0.054,0.0,0.0,0.00045948174239074705,0.8599024905009625,0.010923472435722248,0.0031608406737140718,8.681854815322778e-08,0.058717028765087005,0.0,0.02831247094142008,1.5224498681177359e-07,6.797662010831745e-11,5.416750262907726e-07,2.8169868568829738e-08,3.95359055945564e-09,3.56340343456861e-09,1.0767425730729003e-06,3.874174761749608e-06,0.000955107110618382,1.2544956139914947e-09,2.1022105540257546e-07,7.09958244887178e-22,5.092777008684162e-15
0.00018813828441715678,0.05595639656,0.054,0.0,0.0,0.0004593334700755709,0.8598891030863967,0.010950096772922184,0.003169710768428884,8.722472469108511e-08,0.05869927958370281,0.0,0.028312611976649447,1.5219478420471942e-07,6.792845874338518e-11,5.413336049850962e-07,2.8151223337529752e-08,3.952337794734195e-09,3.57058743512223e-09,1.0764013066173808e-06,3.8729661606183485e-06,0.0009551173638145862,1.2548807273463544e-09,2.10367029568368e-07,7.166167976198342e-22,5.092827746935473e-15
0.00018904408312232107,0.05595639656,0.054,0.0,0.0,0.000459185335537821,0.8598757245161245,0.010976703559027776,0.0031785752393158383,8.76304123433508e-08,0.05868154210263716,0.0,0.028312753326656982,1.5214462455626676e-07,6.788035869089068e-11,5.409925649580446e-07,2.8132599832599422e-08,3.9510861119422094e-09,3.577761642989733e-09,1.0760598389027956e-06,3.871756866151447e-06,0.0009551271659300969,1.2552638641034847e-09,2.1051268340010622e-07,7.232983589472967e-22,5.0928785986931765e-15
0.00018994988182748535,0.05595639656,0.054,0.0,0.0,0.00045903733710730906,0.8598623547789781,0.011003292814774825,0.003187434084970724,8.803561181638933e-08,0.058663816308068786,0.0,0.028312894976433682,1.5209450754274552e-07,6.783231951602063e-11,5.406519038771097e-07,2.811399792245657e-08,3.9498355025072335e-09,3.5849260626399095e-09,1.075718185543546e-06,3.870546932387182e-06,0.0009551365335193594,1.2556450454639208e-09,2.1065802071308946e-07,7.300028282956468e-22,5.092929558560103e-15
0.00019085568053264963,0.05595639656,0.054,0.0,0.0,0.00045888947318301645,0.8598489938638937,0.011029864560759555,0.0031962873042482094,8.844032382380251e-08,0.058646102186269505,0.0,0.02831303691151244,1.5204443269336483e-07,6.778434078723399e-11,5.403116194804472e-07,2.8095417478097253e-08,3.9485859548040465e-09,3.5920807011047747e-09,1.075376361972672e-06,3.869336412868915e-06,0.0009551454825272102,1.256024291507062e-09,2.1080304508886947e-07,7.36730105910205e-22,5.0929806213011796e-15
0.0001917614792378139,0.05595639656,0.054,0.0,0.0,0.00045874174223188715,0.8598356417599067,0.011056418817443651,0.0032051348962520276,8.884454908608797e-08,0.0586283997236006,0.0,0.02831317911794793,1.5199439972232929e-07,6.7736422079282e-11,5.39971709556439e-07,2.8076858370437903e-08,3.947337461297991e-09,3.5992255667461603e-09,1.075034382953289e-06,3.868125358779303e-06,0.0009551540283142114,1.2564016229789937e-09,2.1094775981123346e-07,7.4348009245693855e-22,5.0930317819314395e-15
0.0001926672779429782,0.05595639656,0.054,0.0,0.0,0.00045859414278631803,0.8598222984561482,0.011082955605159154,0.003213976860326185,8.924828833030948e-08,0.058610708906509656,0.0,0.028313321582299534,1.5194440844021655e-07,6.76885630085502e-11,5.396321720231305e-07,2.8058320482530372e-08,3.946090016424295e-09,3.6063606646549816e-09,1.0746922623732389e-06,3.866913818146289e-06,0.0009551621856774852,1.2567770594027518e-09,2.110921683905045e-07,7.502526886854899e-22,5.093083035625985e-15
0.00019357307664814248,0.05595639656,0.054,0.0,0.0,0.0004584466734381629,0.8598089639418419,0.01110947494411326,0.0032228131960461972,8.965154228978063e-08,0.05859302972152757,0.0,0.028313464291613237,1.5189445833847886e-07,6.764076319333689e-11,5.392930048664192e-07,2.8039803700815068e-08,3.944843607890848e-09,3.613486002604277e-09,1.0743500141052097e-06,3.865701839121043e-06,0.0009551699688682956,1.2571506185349294e-09,2.1123627413909516e-07,7.570477962373926e-22,5.093134377679459e-15
0.00019447887535330676,0.05595639656,0.054,0.0,0.0,0.0004582993328381689,0.8597956382062993,0.01113597685439262,0.003231643903210085,9.005431170376066e-08,0.05857536215526551,0.0,0.028313607233402878,1.5184454910057177e-07,6.759302224688852e-11,5.389542060888696e-07,2.8021307906555665e-08,3.943598227810475e-09,3.620601590750977e-09,1.0740076514685845e-06,3.864489467924693e-06,0.0009551773916158387,1.2575223200166586e-09,2.1138007992080488e-07,7.6386531725187445e-22,5.093185803635496e-15
0.00019538467405847104,0.05595639656,0.054,0.0,0.0,0.00045815211969452705,0.8597823212389173,0.01116246135596752,0.0032404689818305264,9.045659731715994e-08,0.058557706194411835,0.0,0.028313750395635447,1.5179468075334723e-07,6.754533982929244e-11,5.386157738220909e-07,2.800283299470921e-08,3.942353875340179e-09,3.62770743464807e-09,1.0736651867639677e-06,3.863276747045366e-06,0.0009551844671463216,1.2578921821014522e-09,2.1152358896448026e-07,7.707051537531961e-22,5.093237309189046e-15
0.00019629047276363532,0.05595639656,0.054,0.0,0.0,0.0004580050327664504,0.859769013029174,0.01118892846869626,0.0032492884321271287,9.085839988025784e-08,0.05854006182572985,0.0,0.02831389376671491,1.5174485276059006e-07,6.749771560482673e-11,5.382777062750998e-07,2.7984378867218747e-08,3.9411105375777176e-09,3.634803542408172e-09,1.0733226324446532e-06,3.862063719720617e-06,0.0009551912081969226,1.2582602198521668e-09,2.116668043948917e-07,7.775672087252964e-22,5.0932888901047416e-15
0.0001971962714687996,0.05595639656,0.054,0.0,0.0,0.00045785807086418134,0.8597557135666261,0.011215378212328805,0.0032581022545181103,9.125972014843186e-08,0.05852242903605508,0.0,0.028314037335464216,1.5169506462237414e-07,6.745014921841607e-11,5.379400016338162e-07,2.7965945413491325e-08,3.939868203156982e-09,3.641889926128595e-09,1.0729800005844716e-06,3.860850427916996e-06,0.0009551976270383783,1.2586264521398812e-09,2.1180972865118353e-07,7.844513857933642e-22,5.093340542398191e-15
0.00019810207017396388,0.05595639656,0.054,0.0,0.0,0.00045771123284854716,0.8597424228409061,0.011241810606510236,0.0032669104496132807,9.166055888189455e-08,0.058504807812292295,0.0,0.02831418109111326,1.5164531669032964e-07,6.740264036607844e-11,5.376026582066893e-07,2.7947532536563773e-08,3.938626878336823e-09,3.6489665917464793e-09,1.072637302020058e-06,3.859636908997861e-06,0.0009552037354928514,1.258990896640611e-09,2.1195236468263887e-07,7.913575882108635e-22,5.093392262239632e-15
0.00019900786887912817,0.05595639656,0.054,0.0,0.0,0.000457564517623987,0.8597291408417188,0.011268225670784853,0.0032757130182073137,9.206091684544197e-08,0.05848719814141388,0.0,0.02831432502328445,1.5159560851841964e-07,6.735518875547973e-11,5.372656744073995e-07,2.7929140155083385e-08,3.937386551750018e-09,3.656033547206086e-09,1.0722945478962425e-06,3.8584232016536544e-06,0.0009552095449440304,1.2593535650435515e-09,2.1209471552905495e-07,7.982857202358705e-22,5.093444045809461e-15
0.00019991366758429245,0.05595639656,0.054,0.0,0.0,0.00045741792413933483,0.8597158675588397,0.01129462342459941,0.0032845099612720317,9.246079480821276e-08,0.058469600010457666,0.0,0.028314469121974772,1.5154593913232885e-07,6.730779405846315e-11,5.369290485828e-07,2.7910768165816e-08,3.936147202513572e-09,3.6630908067525825e-09,1.071951749240632e-06,3.857209344315913e-06,0.0009552150663588822,1.2597144756664414e-09,2.1223678319746128e-07,8.052356870062796e-22,5.093495889541526e-15
0.00020081946628945673,0.05595639656,0.054,0.0,0.0,0.00045727145138809496,0.859702602982111,0.011321003887305591,0.0032933012799500672,9.286019354345287e-08,0.0584520134065236,0.0,0.028314613377546722,1.514963092801377e-07,6.726045599848307e-11,5.365927791787941e-07,2.789241647384584e-08,3.9349088459143805e-09,3.6701383767551542e-09,1.0716089155381949e-06,3.855995369602717e-06,0.0009552203103049066,1.2600736468029822e-09,2.1237857032583777e-07,8.122073929673069e-22,5.093547790044574e-15
0.000201725264994621,0.05595639656,0.054,0.0,0.0,0.00045712509840054147,0.8596893471014402,0.011347367078164023,0.0033020869755491264,9.325911382829172e-08,0.058434438316772655,0.0,0.0283147577807159,1.5144671897504567e-07,6.721317432421554e-11,5.36256864798694e-07,2.787408501639398e-08,3.9336714792480354e-09,3.677176264331393e-09,1.07126605670019e-06,3.85478131188654e-06,0.0009552252869559048,1.2604310857024977e-09,2.125200799988159e-07,8.192007435619069e-22,5.0935997438661424e-15
0.00020254048382926885,0.05595639656,0.054,0.0,0.0,0.0004569934823402126,0.8596774242356747,0.011371079198354922,0.003309989295064524,9.361773365480952e-08,0.05841863057006036,0.0,0.028314887862360236,1.5140211987783697e-07,6.71706687722676e-11,5.359548441447129e-07,2.785760392436004e-08,3.932558661661737e-09,3.6835020989099966e-09,1.0709574706566452e-06,3.85368861837173e-06,0.0009552295455121687,1.2607513159170773e-09,2.1264720267549668e-07,8.255131881355241e-22,5.093646545266364e-15
0.0002033557026639167,0.05595639656,0.054,0.0,0.0,0.0004568619618834529,0.859665508398321,0.011394777357797042,0.0033178870622452084,9.397596714050844e-08,0.058402832130207506,0.0,0.028315018050007038,1.51357551773355e-07,6.712820845575932e-11,5.356531087743366e-07,2.784113907211524e-08,3.931446624877866e-09,3.6898201100732165e-09,1.0706488786401714e-06,3.852595907578222e-06,0.0009552336024020494,1.2610701722635556e-09,2.1277410345307393e-07,8.318430205623993e-22,5.0936933850778995e-15
0.00020417092149856454,0.05595639656,0.054,0.0,0.0,0.00045673053639899247,0.859653599582147,0.011418461570352286,0.003325780278361146,9.433381485914477e-08,0.05838704298797237,0.0,0.028315148337568926,1.5131301661486768e-07,6.708579323974536e-11,5.353516578243462e-07,2.782469043148177e-08,3.930335405769968e-09,3.6961302974184043e-09,1.0703402865912525e-06,3.851503199843875e-06,0.0009552374642935785,1.2613876529752626e-09,2.1290078524598453e-07,8.381901721566054e-22,5.093740260985962e-15
0.00020498614033321238,0.05595639656,0.054,0.0,0.0,0.0004565992052784189,0.8596416977799585,0.01144213184983109,0.0033336689447770996,9.469127738651324e-08,0.05837126313415092,0.0,0.028315278719154954,1.51268511549351e-07,6.704342290398988e-11,5.35050490293242e-07,2.7808257950214444e-08,3.929224943995989e-09,3.7024326783902804e-09,1.0700317018724853e-06,3.850410521209559e-06,0.0009552411376300264,1.2617037723579717e-09,2.130272486234797e-07,8.445545763688804e-22,5.093787170884698e-15
0.00020580135916786022,0.05595639656,0.054,0.0,0.0,0.00045646796794025584,0.8596298029845966,0.011465788209991546,0.003341553062947816,9.504835530033316e-08,0.05835549255957275,0.0,0.028315409189068358,1.5122403581149756e-07,6.700109724722382e-11,5.347496050767644e-07,2.779184152181915e-08,3.9281152294298405e-09,3.7087272620328336e-09,1.0697231298793594e-06,3.8493178901944026e-06,0.0009552446286484979,1.262018555246245e-09,2.1315349420744048e-07,8.50936165358221e-22,5.0938341129204114e-15
0.0002065350561190433,0.05595639656,0.054,0.0,0.0,0.0004563499340479215,0.8596191036537189,0.01148706704444823,0.0033486448818224727,9.53693970571401e-08,0.05834130696865136,0.0,0.028315526682957178,1.511840352503443e-07,6.69630422638683e-11,5.344790491494576e-07,2.7777080453347055e-08,3.92711717213537e-09,3.714385719408658e-09,1.0694454304922019e-06,3.848334578496661e-06,0.0009552476196682415,1.2623007082176745e-09,2.1326693166857093e-07,8.566942323753963e-22,5.0938763864229155e-15
0.00020719538337510805,0.05595639656,0.054,0.0,0.0,0.00045624376776770824,0.8596094790992989,0.011506208373360553,0.003355024370963707,9.565806902564159e-08,0.05832854635134571,0.0,0.028315632481597325,1.511480558378849e-07,6.692882353514829e-11,5.342357433104919e-07,2.776380658846607e-08,3.926219447805449e-09,3.719472938864831e-09,1.069195517572028e-06,3.847449657776785e-06,0.000955250193014793,1.2625537195413902e-09,2.1336887736393053e-07,8.618883072348024e-22,5.0939144521519604e-15
0.0002078557106311728,0.05595639656,0.054,0.0,0.0,0.00045613766204097923,0.8595998591294416,0.011525340594107966,0.0033614008788665157,9.594648968218025e-08,0.05831579180595347,0.0,0.02831573832866779,1.5111209538989076e-07,6.68946338327178e-11,5.339926211204901e-07,2.7750543165902862e-08,3.925322207299836e-09,3.7245550559283582e-09,1.0689456229831316e-06,3.846564802889418e-06,0.0009552526571609727,1.2628058699026354e-09,2.1347068287919252e-07,8.670935378762665e-22,5.093952535533127e-15
0.00020851603788723757,0.05595639656,0.054,0.0,0.0,0.00045603161659011894,0.8595902437404063,0.01154446371390811,0.003367774406462423,9.623465933702615e-08,0.05830304332766182,0.0,0.028315844221489275,1.5107615599827616e-07,6.686047309816014e-11,5.337496821980008e-07,2.7737290174659397e-08,3.924425490071343e-09,3.729632069781823e-09,1.0686957493866561e-06,3.845680022936813e-06,0.000955255015039482,1.263057151300571e-09,2.1357234985146618e-07,8.72309888635305e-22,5.093990635485371e-15
0.00020917636514330233,0.05595639656,0.054,0.0,0.0,0.00045592563114664654,0.8595806329284668,0.011563577739959974,0.003374144954717095,9.652257830108228e-08,0.05829030091167253,0.0,0.02831595015745266,1.510402366587526e-07,6.682634125041253e-11,5.335069261769178e-07,2.772404762519922e-08,3.923529271369951e-09,3.734703988249398e-09,1.0684459000612962e-06,3.844795329523992e-06,0.0009552572695021629,1.2633075677759183e-09,2.1367387891897433e-07,8.775373247988243e-22,5.0940287510436755e-15
0.00020977065967376062,0.05595639656,0.054,0.0,0.0,0.0004558302953431257,0.859571987108068,0.011580772594186549,0.0033798759016342383,9.678149128555469e-08,0.05827883791659551,0.0,0.02831604553460488,1.5100792517908367e-07,6.679564719932622e-11,5.332886016500592e-07,2.7712138192271037e-08,3.922723082400494e-09,3.7392643631197706e-09,1.068221058273756e-06,3.843999185761637e-06,0.0009552592123972481,1.2635322187049539e-09,2.1376513709201947e-07,8.822514661420149e-22,5.094063067759753e-15
0.00021036495420421892,0.05595639656,0.054,0.0,0.0,0.00045573500775138474,0.8595633449894102,0.011597960093513333,0.003385604436841902,9.704020169028351e-08,0.0582673798246264,0.0,0.02831614094284136,1.509756301904933e-07,6.676497642095536e-11,5.330704245578718e-07,2.770023715707845e-08,3.921917303720012e-09,3.7438206162376565e-09,1.0679962399917333e-06,3.843203125341049e-06,0.0009552610757495262,1.2637561762238582e-09,2.1385628459419113e-07,8.869745324989955e-22,5.0940973957447014e-15
0.0002109592487346772,0.05595639656,0.054,0.0,0.0,0.00045563976819220134,0.8595547065698026,0.011615140243149137,0.003391330561109163,9.729870974311024e-08,0.058255926632293294,0.0,0.028316236380401826,1.5094335117696663e-07,6.673432885898113e-11,5.328523946053522e-07,2.7688344508371513e-08,3.921111925516844e-09,3.748372751773075e-09,1.0677714470547912e-06,3.842407154650662e-06,0.0009552628614842979,1.2639794472973431e-09,2.1394732182379595e-07,8.917064984541476e-22,5.0941317343961675e-15
0.00021149411381208967,0.05595639656,0.054,0.0,0.0,0.000455554093511776,0.8595469351526269,0.011630596098130934,0.003396482012247006,9.753119416836268e-08,0.05824562294551907,0.0,0.028316322297858038,1.5091431362856732e-07,6.670676585223671e-11,5.32656293169036e-07,2.7677648266309367e-08,3.920387425884715e-09,3.7524661559252444e-09,1.0675691565756354e-06,3.841690862930888e-06,0.0009552644038360633,1.2641798065301449e-09,2.1402916135453124e-07,8.959728560011473e-22,5.0941626477925e-15
0.00021202897888950213,0.05595639656,0.054,0.0,0.0,0.00045546845747016553,0.8595391667275594,0.011646046007852795,0.0034016315117494844,9.776351503996455e-08,0.058235323222123936,0.0,0.028316408236452414,1.508852890678342e-07,6.667922156545633e-11,5.324603104446279e-07,2.7666958785374665e-08,3.919663251084052e-09,3.7565562296523456e-09,1.0673668893859556e-06,3.840974653466316e-06,0.0009552658861772779,1.2643796131637587e-09,2.1411091229944193e-07,9.002463832265063e-22,5.094193568879534e-15
0.0002125638439669146,0.05595639656,0.054,0.0,0.0,0.00045538285994544916,0.8595314012926557,0.011661489976087562,0.00340677906021675,9.799567252468564e-08,0.058225027459593105,0.0,0.028316494194988513,1.5085627717490588e-07,6.665169596123458e-11,5.322644462360181e-07,2.765627606112426e-08,3.918939395017238e-09,3.760642975939338e-09,1.0671646467263295e-06,3.840258530561843e-06,0.0009552673098166454,1.2645788720933957e-09,2.1419257496099814e-07,9.045270617452831e-22,5.0942244972481575e-15
0.00021309870904432705,0.05595639656,0.054,0.0,0.0,0.00045529730081784884,0.8595236388459755,0.011676928006600529,0.003411924658260845,9.822766678948818e-08,0.05821473565541657,0.0,0.028316580172296373,1.508272780157561e-07,6.662418899524292e-11,5.320687002917699e-07,2.764560006276109e-08,3.9182158590849214e-09,3.764726396889243e-09,1.0669624298336355e-06,3.839542498506254e-06,0.0009552686760340272,1.2647775837405866e-09,2.1427414962072455e-07,9.08814873202505e-22,5.094255432467213e-15
0.0002136335741217395,0.05595639656,0.054,0.0,0.0,0.00045521177996951266,0.8595158793855842,0.011692360103149587,0.0034170683065052345,9.84594980015176e-08,0.05820444780708908,0.0,0.028316666167231882,1.5079829188124047e-07,6.659670063428734e-11,5.318730724261713e-07,2.7634930785836246e-08,3.917492648043786e-09,3.7688064944498175e-09,1.066760239929395e-06,3.838826561537203e-06,0.0009552699860811437,1.2649757480559572e-09,2.1435563672221867e-07,9.131097992916337e-22,5.094286374105393e-15
0.00021416843919915197,0.05595639656,0.054,0.0,0.0,0.00045512629728631246,0.8595081229095513,0.011707786269485638,0.003422210005584847,9.869116632809328e-08,0.058194163912110485,0.0,0.028316752178675336,1.5076931834695053e-07,6.65692308458949e-11,5.316775624749082e-07,2.7624268236423713e-08,3.91676975371058e-09,3.772883271899263e-09,1.0665580781660424e-06,3.838110723655275e-06,0.0009552712411829516,1.2651733711190383e-09,2.144370365641624e-07,9.174118217761814e-22,5.094317321789888e-15
0.00021470330427656443,0.05595639656,0.054,0.0,0.0,0.00045504085265619357,0.8595003694159515,0.01172320650935242,0.0034273497561457655,9.89226719366997e-08,0.058183883967985225,0.0,0.02831683820553182,1.5074035737228362e-07,6.654177958418275e-11,5.314821701775365e-07,2.761361237635724e-08,3.916047175817181e-09,3.776956731491718e-09,1.066355945695057e-06,3.837394988853028e-06,0.0009552724425373987,1.2653704537423995e-09,2.1451834936272787e-07,9.217209224448721e-22,5.094348275121709e-15
0.0002152381693539769,0.05595639656,0.054,0.0,0.0,0.00045495544596832596,0.859492618902864,0.011738620826486475,0.0034324875588446573,9.91540149949779e-08,0.05817360797222218,0.0,0.02831692424673095,1.5071140941959819e-07,6.651434681668238e-11,5.312868953464945e-07,2.7602963196956793e-08,3.915324922265179e-09,3.7810268749063896e-09,1.066153843668629e-06,3.8366793611272625e-06,0.0009552735913158526,1.2655669942801375e-09,2.1459957555545178e-07,9.260370831277111e-22,5.094379233684928e-15
0.00021577303443138935,0.05595639656,0.054,0.0,0.0,0.00045487007711567806,0.8594848713683727,0.011754029224617777,0.003437623414348847,9.938519567071689e-08,0.05816333592233514,0.0,0.028317010301224965,1.5068247399995736e-07,6.648693251765904e-11,5.310917378593943e-07,2.759232071954413e-08,3.914602983368699e-09,3.7850937056738326e-09,1.0659517731571692e-06,3.835963844195276e-06,0.0009552746886648465,1.2657629998684966e-09,2.146807154605887e-07,9.30360285734102e-22,5.094410197139663e-15
0.0002163078995088018,0.05595639656,0.054,0.0,0.0,0.000454784745993391,0.8594771268105651,0.011769431707469469,0.003442757323336138,9.961621413184518e-08,0.0581530678158424,0.0,0.028317096367989267,1.5065355092966408e-07,6.645953663932647e-11,5.308966974460251e-07,2.7581684898039578e-08,3.913881356591821e-09,3.789157226227289e-09,1.0657497352305108e-06,3.835248441766286e-06,0.0009552757357057066,1.2659584719321901e-09,2.1476176923422696e-07,9.346905121951814e-22,5.0944411651186106e-15
0.00021684276458621427,0.05595639656,0.054,0.0,0.0,0.0004546994524970202,0.8594693852275344,0.011784828278757702,0.003447889286494123,9.984707054642294e-08,0.058142803650266285,0.0,0.02831718244602258,1.506246409110289e-07,6.643215914771927e-11,5.307017739019037e-07,2.757105571316638e-08,3.913160054345168e-09,3.793217437835023e-09,1.0655477309804198e-06,3.834533157626799e-06,0.0009552767335345771,1.2661534065251037e-09,2.14842737300355e-07,9.39027744473526e-22,5.094472137214767e-15
0.00021737762966362673,0.05595639656,0.054,0.0,0.0,0.0004546141965260074,0.8594616466173768,0.01180021894219241,0.0034530193045202756,1.0007776508263403e-07,0.05813254342313389,0.0,0.0283172685343446,1.5059574341411033e-07,6.640480002621041e-11,5.305069671603209e-07,2.7560433208223756e-08,3.912439065642662e-09,3.797274344298863e-09,1.065345761400388e-06,3.833817995228897e-06,0.0009552776832246043,1.2663478119299638e-09,2.1492362001341176e-07,9.433719646237182e-22,5.0945031131197955e-15
0.0002179124947410392,0.05595639656,0.054,0.0,0.0,0.0004545289779823226,0.8594539109781939,0.01181560370147709,0.0034581473781219387,1.0030829790877817e-07,0.058122287131976834,0.0,0.02831735463199648,1.5056685799822786e-07,6.637745922534995e-11,5.303122769458099e-07,2.7549817331012968e-08,3.911718383662102e-09,3.801327948387087e-09,1.0651438274782365e-06,3.833102957997279e-06,0.0009552785858255133,1.2665416910125695e-09,2.1500441746661257e-07,9.47723154720291e-22,5.0945340925023106e-15
0.00021844735981845165,0.05595639656,0.054,0.0,0.0,0.0004544437967673475,0.8594461783080906,0.011830982560308357,0.0034632735080155244,1.005386691932634e-07,0.05811203477433026,0.0,0.028317440738041755,1.5053798567028313e-07,6.635013670598027e-11,5.301177030132666e-07,2.7539208041373456e-08,3.9109980267448e-09,3.805378250800505e-09,1.0649419302536603e-06,3.8323880495366344e-06,0.0009552794423630039,1.2667350367622926e-09,2.1508513005287798e-07,9.520812968539252e-22,5.094565074957722e-15
0.0002189822248958641,0.05595639656,0.054,0.0,0.0,0.00045435865278633955,0.8594384486051757,0.011846355522376947,0.0034683976949265497,1.007688791045988e-07,0.058101786347734,0.0,0.02831752685156342,1.5050912593189897e-07,6.632283246337662e-11,5.299232453665833e-07,2.752860541218362e-08,3.9102779836094915e-09,3.80942525558076e-09,1.0647400706496087e-06,3.831673273056239e-06,0.0009552802538415007,1.2669278584212926e-09,2.1516575818215992e-07,9.564463732228624e-22,5.094596060206068e-15
0.00021951708997327657,0.05595639656,0.054,0.0,0.0,0.00045427354594781294,0.8594307218675635,0.011861722591367582,0.0034735199395898517,1.0099892781138708e-07,0.05809154184973242,0.0,0.028317612971664064,1.5048027793019206e-07,6.629554644807758e-11,5.297289037388358e-07,2.751800939078293e-08,3.909558240306855e-09,3.8134689660471514e-09,1.0645382495696947e-06,3.8309586316888654e-06,0.000955281021243851,1.2671201614359681e-09,2.1524630189010042e-07,9.608183660470367e-22,5.094627047958131e-15
0.00022005195505068903,0.05595639656,0.054,0.0,0.0,0.000454188476158486,0.8594229980933702,0.011877083770958157,0.003478640242748688,1.0122881548231774e-07,0.058081301277873004,0.0,0.02831769909746802,1.5045144303698916e-07,6.626827861018188e-11,5.295346778100017e-07,2.75074199007449e-08,3.908838822643636e-09,3.817509382146178e-09,1.064336468010126e-06,3.830244128886465e-06,0.0009552817455297972,1.2673119348554602e-09,2.153267615146478e-07,9.651972575401493e-22,5.094658037804536e-15
0.0002205868201281015,0.05595639656,0.054,0.0,0.0,0.0004541034433287191,0.8594152772807173,0.011892439064820924,0.003483758605154645,1.014585422861601e-07,0.05807106462970769,0.0,0.02831778522811768,1.504226209267848e-07,6.624102895970673e-11,5.29340567668045e-07,2.7496837052093505e-08,3.908119721200217e-09,3.8215465080657435e-09,1.0641347268314377e-06,3.829529767644077e-06,0.0009552824276393587,1.2675031883409033e-09,2.1540713753956903e-07,9.695830300417564e-22,5.094689029488332e-15
0.00022112168520551395,0.05595639656,0.054,0.0,0.0,0.0004540184473733782,0.8594075594277298,0.011907788476622693,0.0034888750275681264,1.016881083917565e-07,0.05806083190279316,0.0,0.028317871362773042,1.5039381011866168e-07,6.621379745122444e-11,5.291465730835944e-07,2.7486260803979803e-08,3.9074009107948495e-09,3.8255803479900934e-09,1.0639330268481005e-06,3.828815550785799e-06,0.0009552830684929703,1.2676939315280844e-09,2.154874299569042e-07,9.739756659209141e-22,5.094720022771943e-15
0.0002216565502829264,0.05595639656,0.054,0.0,0.0,0.0004539334882041427,0.8593998445325364,0.011923132010023374,0.0034939895107573954,1.0191751396801569e-07,0.0580506030946888,0.0,0.028317957500615384,1.5036501237767746e-07,6.618658401620965e-11,5.289526936148161e-07,2.747569102198939e-08,3.906682425946008e-09,3.829610900909601e-09,1.0637313690210249e-06,3.828101481638357e-06,0.0009552836689886306,1.2678841486432884e-09,2.1556763901856294e-07,9.783751475087831e-22,5.0947510172339366e-15
0.00022219141536033887,0.05595639656,0.054,0.0,0.0,0.0004538485657356563,0.859392132593269,0.011938469668677409,0.003499102055498265,1.0214675918390685e-07,0.05804037820295799,0.0,0.028318043640843008,1.5033622780143053e-07,6.615938868145455e-11,5.287589294400867e-07,2.7465127858557177e-08,3.9059642631602894e-09,3.833638170961669e-09,1.0635297541592524e-06,3.827387563020824e-06,0.0009552842300059188,1.2680738486719484e-09,2.1564776529624662e-07,9.827814572824188e-22,5.094782012631551e-15
0.00022272628043775133,0.05595639656,0.054,0.0,0.0,0.0004537636798888612,0.859384423608064,0.011953801456234427,0.0035042126625749173,1.0237584420845201e-07,0.05803015722516937,0.0,0.02831812978266951,1.5030745424302604e-07,6.613221139763018e-11,5.285652803190548e-07,2.7454571260150753e-08,3.905246386226656e-09,3.8376621628419575e-09,1.0633281829999618e-06,3.826673797487309e-06,0.000955284752406971,1.2682630438469377e-09,2.1572780871024901e-07,9.871945777501493e-22,5.094813008765935e-15
0.0002232611455151638,0.05595639656,0.054,0.0,0.0,0.00045367883057993643,0.8593767175750607,0.01196912737633708,0.0035093213327786706,1.0260476921072162e-07,0.05801994015889358,0.0,0.02831821592532946,1.5027869348501664e-07,6.610505212231519e-11,5.283717459688477e-07,2.7444021167362495e-08,3.904528827527145e-09,3.84168287650423e-09,1.0631266564284345e-06,3.825960188109093e-06,0.0009552852370322061,1.2684517227133616e-09,2.158077696269725e-07,9.916144914006589e-22,5.094844005264416e-15
0.00022379601059257625,0.05595639656,0.054,0.0,0.0,0.0004535940177294742,0.8593690144924023,0.011984447432623056,0.003514428066908254,1.0283353435982831e-07,0.05800972700170573,0.0,0.028318302068072614,1.5024994529061923e-07,6.607791084103802e-11,5.281783263238778e-07,2.743347761294165e-08,3.90381158150406e-09,3.845700315279417e-09,1.0629251752042294e-06,3.825246737524056e-06,0.0009552856847052249,1.2686398903896757e-09,2.1588764832031914e-07,9.960411808191197e-22,5.094875001882011e-15
0.0002243308756699887,0.05595639656,0.054,0.0,0.0,0.00045350924126015465,0.8593613143582353,0.01199976162872464,0.003519532865769665,1.0306213982492035e-07,0.057999517751184795,0.0,0.02831838821016503,1.5022120915596865e-07,6.605078752115459e-11,5.279850212055304e-07,2.74229405758706e-08,3.903094639642361e-09,3.849714482083781e-09,1.0627237400805219e-06,3.824533448345769e-06,0.0009552860962318119,1.2688275500432505e-09,2.1596744498268854e-07,1.000474628626759e-21,5.094905998366376e-15
0.00022486574074740117,0.05595639656,0.054,0.0,0.0,0.0004534245010948511,0.8593536171707097,0.0120150699682684,0.003524635730175832,1.032905857751759e-07,0.057989312404913035,0.0,0.02831847435088974,1.5019248540058302e-07,6.602368213364817e-11,5.277918304469389e-07,2.741241004349345e-08,3.902378007435571e-09,3.853725379240532e-09,1.0625223518122829e-06,3.823820323195149e-06,0.0009552864723996789,1.2690147017526028e-09,2.160471598636344e-07,1.0049148174810704e-21,5.094936994448989e-15
0.00022540060582481363,0.05595639656,0.054,0.0,0.0,0.00045333979715842285,0.8593459229279786,0.012030372454875655,0.003529736660946518,1.035188723797977e-07,0.05797911096047644,0.0,0.02831856048954527,1.5016377393543536e-07,6.599659465411051e-11,5.27598753914439e-07,2.740188601540135e-08,3.901661682870312e-09,3.857733009505905e-09,1.0623210111244692e-06,3.82310736458868e-06,0.0009552868139796616,1.2692013476932707e-09,2.161267931994698e-07,1.0093617300895073e-21,5.094967989881882e-15
0.0002259354709022261,0.05595639656,0.054,0.0,0.0,0.00045325512937716936,0.8593382316281988,0.012045669092162427,0.0035348356589081607,1.0374699980800752e-07,0.05796891341546455,0.0,0.028318646625445653,1.501350746642893e-07,6.59695250539337e-11,5.274057914475568e-07,2.7391368478384345e-08,3.900945664300241e-09,3.86173737551065e-09,1.0621197187292868e-06,3.822394574998515e-06,0.0009552871217258024,1.2693874894198024e-09,2.162063452122596e-07,1.013815349201315e-21,5.094998984418371e-15
0.00022647033597963855,0.05595639656,0.054,0.0,0.0,0.0004531704976785115,0.8593305432695303,0.012060959883739425,0.003539932724893689,1.0397496822904101e-07,0.05795871976747032,0.0,0.02831873275792029,1.5010638764266122e-07,6.594247330626287e-11,5.272129428954728e-07,2.738085742373777e-08,3.900229952527402e-09,3.8657384798518745e-09,1.061918475323559e-06,3.821681956843684e-06,0.0009552873963756315,1.2695731282487915e-09,2.1628581612826115e-07,1.0182756576090508e-21,5.095029977815892e-15
0.00022754006613446347,0.05595639656,0.054,0.0,0.0,0.0004530013422456436,0.8593151753681821,0.012091523944181313,0.0035501210642993318,1.0443042872654879e-07,0.057938344152924086,0.0,0.028318905009982884,1.5004905020287635e-07,6.588842326423272e-11,5.26827586952884e-07,2.7359854730581962e-08,3.898799446114011e-09,3.873730914166055e-09,1.0615161381833706e-06,3.8202572442231136e-06,0.0009552878492575126,1.2699429034206172e-09,2.164445155525109e-07,1.0272162737025063e-21,5.095091960256959e-15
0.0002285028232738059,0.05595639656,0.054,0.0,0.0,0.00045284922505796387,0.8593013542971744,0.012119011642369254,0.003559283970889309,1.0483980106762892e-07,0.057920019403556115,0.0,0.028319060018694085,1.499974881384437e-07,6.583983902101117e-11,5.264811547310731e-07,2.7340974394193098e-08,3.897513033452784e-09,3.880912976745611e-09,1.061154208958717e-06,3.8189756122857705e-06,0.0009552881507381467,1.2702739961469065e-09,2.1658706986856364e-07,1.035285533848095e-21,5.0951477382469684e-15
0.00022946558041314833,0.05595639656,0.054,0.0,0.0,0.00045269722370895507,0.8592875427268934,0.012146480456378176,0.003568440631110725,1.0524866085749982e-07,0.057901707243247495,0.0,0.02831921500653579,1.4994596542064746e-07,6.57913122182879e-11,5.261350893404821e-07,2.7322114931408207e-08,3.8962276065396704e-09,3.888084512766593e-09,1.060792448570739e-06,3.817694570900486e-06,0.0009552883557447197,1.2706034822370646e-09,2.16729364772615e-07,1.0433762016911617e-21,5.095203509032301e-15
0.00023042833755249076,0.05595639656,0.054,0.0,0.0,0.0004525453378204433,0.8592737406467201,0.012173930407083783,0.0035775910500360436,1.0565700908299033e-07,0.05788340765808195,0.0,0.028319369970104848,1.4989448192911958e-07,6.574284271118763e-11,5.257893899665085e-07,2.7303276296151876e-08,3.894943162405238e-09,3.895245537777685e-09,1.06043086053065e-06,3.81641413225826e-06,0.0009552884680304272,1.2709313699056555e-09,2.1687140145852962e-07,1.0514881784411167e-21,5.095259271388943e-15
0.00023139109469183319,0.05595639656,0.054,0.0,0.0,0.0004523935670258263,0.8592599480460655,0.012201361515311218,0.0035867352327939835,1.0606484673068812e-07,0.05786512063417695,0.0,0.028319524906133174,1.4984303757722246e-07,6.569443035689637e-11,5.254440558046182e-07,2.7284458441244696e-08,3.8936596987985035e-09,3.902396067333152e-09,1.0600694482053154e-06,3.815134308049593e-06,0.0009552884912029527,1.271257667033734e-09,2.1701318108859362e-07,1.0596213657539103e-21,5.095315024140339e-15
0.00023235385183117561,0.05595639656,0.054,0.0,0.0,0.00045224191096958783,0.8592461649143714,0.01222877380183601,0.0035958731845670213,1.0647217478686007e-07,0.05784684615768298,0.0,0.028319679811482635,1.4979163228448863e-07,6.564607501509791e-11,5.250990860631191e-07,2.726566131989499e-08,3.892377213582841e-09,3.909536117023875e-09,1.059708214821685e-06,3.8138551094798142e-06,0.0009552884287300615,1.2715823813342141e-09,2.1715470479490246e-07,1.0677756657298534e-21,5.095370766156723e-15
0.00023331660897051804,0.05595639656,0.054,0.0,0.0,0.00045209036930682654,0.8592323912411082,0.012256167287385015,0.0036050049105889543,1.0687899423737453e-07,0.057828584214782985,0.0,0.02831983468314003,1.497402659431892e-07,6.559777654878484e-11,5.247544799684324e-07,2.724688488802798e-08,3.8910957040817225e-09,3.916665702503009e-09,1.0593471634714556e-06,3.812576547285178e-06,0.0009552882839450949,1.2719055204875102e-09,2.172959736814779e-07,1.0759509809111852e-21,5.095426496354167e-15
0.00023524212324920287,0.05595639656,0.054,0.0,0.0,0.00045178762783229775,0.8592048722278993,0.012310897938224387,0.0036232497065581907,1.0769111126249689e-07,0.057792097874655765,0.0,0.028320144313923656,1.4963764974638476e-07,6.550134970555315e-11,5.24066355681738e-07,2.7209393916931706e-08,3.888535602916403e-09,3.9308935435301636e-09,1.0586256185961243e-06,3.810021372740462e-06,0.0009552877601293488,1.2725471030052438e-09,2.1757775127306517e-07,1.0923642692512502e-21,5.095537917169509e-15
0.00023697508610001923,0.05595639656,0.054,0.0,0.0,0.000451515548470968,0.8591801373587925,0.01236009143160685,0.003639648784338202,1.0842028703330718e-07,0.05775930289546465,0.0,0.028320422838568376,1.4954542758110242e-07,6.541475872857448e-11,5.234482799512622e-07,2.7175722356950833e-08,3.88623482800024e-09,3.9436629702209435e-09,1.0579768792066156e-06,3.8077239908404447e-06,0.0009552870380534539,1.2731192130079342e-09,2.178304901407154e-07,1.107207132012554e-21,5.095638145461729e-15
0.0002387080489508356,0.05595639656,0.054,0.0,0.0,0.00045124383481552665,0.8591554329725222,0.012409224330034387,0.0036560277741879204,1.091478302282639e-07,0.05772654831165948,0.0,0.02832070121241134,1.4945333018487062e-07,6.532834999989079e-11,5.228313709410127e-07,2.7142117169284276e-08,3.883937178375828e-09,3.956398737379695e-09,1.057328772067787e-06,3.805428818277074e-06,0.0009552860955146323,1.2736863312989674e-09,2.1808241935400113e-07,1.1221165882873486e-21,5.095738320475846e-15
0.00024044101180165195,0.05595639656,0.054,0.0,0.0,0.0004509724851781252,0.8591307590086609,0.012458296752731919,0.003672386708197824,1.0987374657344467e-07,0.057693834043761175,0.0,0.02832097942180545,1.4936135758231359e-07,6.524212277997227e-11,5.22215624435316e-07,2.710857807064847e-08,3.881642652134854e-09,3.969100936563175e-09,1.0566813109965475e-06,3.803135903050432e-06,0.000955284947736804,1.274248494799409e-09,2.1833354443078332e-07,1.1370920853318884e-21,5.095838437283999e-15
0.0002421739746524683,0.05595639656,0.054,0.0,0.0,0.0004507014979518021,0.8591061154070436,0.012507308818473232,0.0036887256188353444,1.105980417856824e-07,0.05766116001259219,0.0,0.02832125745408181,1.4926950787903435e-07,6.515607641651326e-11,5.216010367353979e-07,2.7075104960369224e-08,3.879351208354132e-09,3.981769661491165e-09,1.056034508702745e-06,3.8008452893177284e-06,0.0009552836088950296,1.2748057479940055e-09,2.1858387070308698e-07,1.1521330748516918e-21,5.095938491371466e-15
0.00024390693750328467,0.05595639656,0.054,0.0,0.0,0.0004504308715979753,0.8590815021077585,0.012556260645592298,0.0037050445389100388,1.1132072157148638e-07,0.057628526139266514,0.0,0.028321535297481642,1.4917778276959928e-07,6.507021014767341e-11,5.209876034602691e-07,2.7041697411642217e-08,3.877062879594902e-09,3.9944050022612654e-09,1.055388377013347e-06,3.798557018178861e-06,0.0009552820921905264,1.275358117575564e-09,2.1883340321585882e-07,1.1672390129242781e-21,5.096038478436298e-15
0.00024563990035410103,0.05595639656,0.054,0.0,0.0,0.00045016060464680703,0.8590569190511385,0.012605152351996704,0.003721343501540957,1.1204179162604872e-07,0.0575959323451835,0.0,0.028321812941085066,1.4908618121819194e-07,6.498452332370938e-11,5.20375320896998e-07,2.7008355251727306e-08,3.874777642586419e-09,4.007007051867588e-09,1.0547429267755223e-06,3.7962711273307032e-06,0.0009552804099266438,1.2759056415282276e-09,2.1908214687264559e-07,1.1824093599892655e-21,5.096138394564511e-15
0.00024719956691983576,0.05595639656,0.054,0.0,0.0,0.00044991767051539926,0.8590348201085354,0.012649103581663912,0.003735995531895501,1.126893830522653e-07,0.05756663213352235,0.0,0.028322062641110157,1.4900384360062578e-07,6.490755812734195e-11,5.198252477179014e-07,2.6978403194594177e-08,3.872723532702896e-09,4.0183205107509595e-09,1.0541626124500393e-06,3.794215889380834e-06,0.0009552787638275826,1.2763943063024782e-09,2.1930534561815178e-07,1.1961172995665385e-21,5.096228255461381e-15
0.0002487592334855705,0.05595639656,0.054,0.0,0.0,0.00044967502536896444,0.8590127455711857,0.01269300629409074,0.0037506314483029698,1.1333567933373718e-07,0.057537364265694696,0.0,0.028322312164206966,1.4892160612875874e-07,6.483073725248251e-11,5.192761007036254e-07,2.6948503685039407e-08,3.870671925770816e-09,4.029607145249633e-09,1.0535828649927144e-06,3.792162631234714e-06,0.0009552770007302812,1.276879094511667e-09,2.195279125042829e-07,1.2098765895603908e-21,5.0963180534383776e-15
0.0002503189000513052,0.05595639656,0.054,0.0,0.0,0.0004494326682557653,0.858990695396073,0.012736860574380764,0.0037652512754495233,1.139806845957526e-07,0.05750812868496822,0.0,0.028322561503953056,1.4883946680506614e-07,6.475406032122648e-11,5.187278777039641e-07,2.6918656783401732e-08,3.868622778670572e-09,4.04086702502552e-09,1.0530036906030548e-06,3.790111374445234e-06,0.000955275127960379,1.2773600397071218e-09,2.197498507676857e-07,1.2236868455089358e-21,5.096407786250829e-15
0.00025187856661703994,0.05595639656,0.054,0.0,0.0,0.000449190598254006,0.8589686695403249,0.01278066650737915,0.0037798550381623382,1.1462440295433393e-07,0.05747892533478212,0.0,0.02832281065435068,1.487574258187872e-07,6.46775268582012e-11,5.181805759773567e-07,2.6888862271642486e-08,3.866576094414723e-09,4.052100216844908e-09,1.0524250950986338e-06,3.7880621392435815e-06,0.0009552731523906919,1.277837162198321e-09,2.1997116350454766e-07,1.2375476856824052e-21,5.096497451719081e-15
0.0002532822665262012,0.05595639656,0.054,0.0,0.0,0.000448972979994267,0.8589488670278878,0.012820050580063727,0.003792984710135691,1.1520265256873686e-07,0.05745266983011507,0.0,0.028323034723177987,1.4868367362876957e-07,6.46087689991724e-11,5.176887897462276e-07,2.6862091770198485e-08,3.864736196248129e-09,4.0621873257935234e-09,1.0519048585729412e-06,3.78621957160733e-06,0.0009552712918239767,1.278263317422393e-09,2.2016981261331742e-07,1.2500653780441094e-21,5.096578091354359e-15
0.00025468596643536245,0.05595639656,0.054,0.0,0.0,0.00044875559294132333,0.8589290841484651,0.0128593956214599,0.0038061014084026052,1.1577986610428941e-07,0.05742644034551141,0.0,0.028323258630264966,1.4861000051149787e-07,6.454012668430786e-11,5.171977459114047e-07,2.6835363508426304e-08,3.862898278898063e-09,4.072252921486865e-09,1.0513850989316818e-06,3.7843786692399608e-06,0.0009552693576472931,1.2786864119880928e-09,2.2036795961829404e-07,1.2626234621846842e-21,5.0966586734362155e-15
0.0002560896663445237,0.05595639656,0.054,0.0,0.0,0.00044853843648070044,0.8589093208710897,0.01289870169290104,0.003819205151306786,1.1635604654093816e-07,0.057400236840083926,0.0,0.028323482372019333,1.4853640722485635e-07,6.447159954446789e-11,5.167074423197328e-07,2.6808677229731163e-08,3.861062357611951e-09,4.082297051415487e-09,1.0508658196054818e-06,3.7825394440786844e-06,0.000955267354039628,1.2791064545975534e-09,2.2056560657592207e-07,1.275221665436553e-21,5.096739196621658e-15
0.00025749336625368496,0.05595639656,0.054,0.0,0.0,0.00044832151001649595,0.8588895771648805,0.012937968855562008,0.0038322959572559593,1.1693119685174892e-07,0.05737405927305176,0.0,0.028323705945066002,1.484628915681184e-07,6.440318739610166e-11,5.162178779515532e-07,2.678203317203874e-08,3.859228384852447e-09,4.092319768144546e-09,1.050347023647579e-06,3.78070190674678e-06,0.0009552652849485199,1.2795234765295322e-09,2.207627555505273e-07,1.2878597169052394e-21,5.096819659804707e-15
0.0002588970661628462,0.05595639656,0.054,0.0,0.0,0.00044810481296297076,0.8588698529990427,0.012977197170459892,0.003845373844715711,1.1750532000272031e-07,0.05734790760373791,0.0,0.028323929346238712,1.483894573358713e-07,6.433488967085904e-11,5.15729049434359e-07,2.675543051453409e-08,3.8573964412096534e-09,4.102321113328394e-09,1.0498287141899404e-06,3.778866068149198e-06,0.0009552631540994322,1.2799374601873575e-09,2.2095940843887303e-07,1.3005373473718037e-21,5.096900061617175e-15
0.0002601603960810913,0.05595639656,0.054,0.0,0.0,0.0004479099812941346,0.8588521179314217,0.013012469489337828,0.0038571329134245943,1.1802115506251597e-07,0.05732439321036879,0.0,0.02832413025787721,1.4832343150294138e-07,6.427351961533844e-11,5.152897333884186e-07,2.6731524297768352e-08,3.855749326081386e-09,4.11130410047977e-09,1.0493626536457104e-06,3.7772152728230737e-06,0.0009552611864493653,1.2803074989520893e-09,2.2113597356012784e-07,1.3119808337898153e-21,5.0969723701589744e-15
0.0002612973930075119,0.05595639656,0.054,0.0,0.0,0.0004477347909423215,0.8588361698635192,0.013044187751047811,0.003867707152570208,1.1848469908459507e-07,0.05730324813931196,0.0,0.02832431095556881,1.4826406346253462e-07,6.421836547606014e-11,5.148948566589261e-07,2.6710037394253716e-08,3.8542683022326304e-09,4.119374053014403e-09,1.0489435394500893e-06,3.7757307452154676e-06,0.0009552593772474364,1.2806384561366974e-09,2.212945410997275e-07,1.3223070365668139e-21,5.097037404043331e-15
0.0002624343899339325,0.05595639656,0.054,0.0,0.0,0.0004475597501163365,0.8588202345615726,0.013075880632727856,0.003878272948889016,1.1894757443685329e-07,0.057282119987759866,0.0,0.028324491535477395,1.4820474744544513e-07,6.41632859713292e-11,5.145004601964613e-07,2.668857773031101e-08,3.8527885777410895e-09,4.1274300731136085e-09,1.0485247489181985e-06,3.7742473477153114e-06,0.0009552575334978597,1.2809674571550548e-09,2.2145278653228472e-07,1.3326587341454112e-21,5.097102395933e-15
0.00026345768716771106,0.05595639656,0.054,0.0,0.0,0.0004474023409837376,0.8588059036913166,0.013104382552875124,0.0038877749551423707,1.193635918323173e-07,0.05726311909983373,0.0,0.028324653955584183,1.4815140597785743e-07,6.411377815755972e-11,5.141459136076787e-07,2.6669287426542526e-08,3.851457904371904e-09,4.134668602002392e-09,1.0481481151082181e-06,3.7729132594665155e-06,0.0009552558459187917,1.2812618989131227e-09,2.2159493284815168e-07,1.3419969444869823e-21,5.097160852378737e-15
0.0002644809844014896,0.05595639656,0.054,0.0,0.0,0.00044724505253276116,0.8587915831365643,0.01313286396460968,0.0038972701379549625,1.197790700070294e-07,0.057244131883767084,0.0,0.02832481627827723,1.480981063278636e-07,6.406433055089527e-11,5.137917546131337e-07,2.6650019080736305e-08,3.8501282772095314e-09,4.141895885368696e-09,1.0477717452376769e-06,3.771580092777795e-06,0.0009552541327861204,1.2815547672587091e-09,2.2173681974068976e-07,1.3513555909867906e-21,5.097219274081038e-15
0.0002655042816352682,0.05595639656,0.054,0.0,0.0,0.00044708788456140664,0.8587772728855468,0.013161324891271387,0.003906758504564616,1.2019401009528113e-07,0.05722515832400015,0.0,0.02832497850267355,1.4804484921347407e-07,6.401494304061869e-11,5.134379825579526e-07,2.6630772666207022e-08,3.848799709644089e-09,4.149111941992238e-09,1.0473956400693322e-06,3.7702478503090807e-06,0.0009552523951780119,1.2818460672182941e-09,2.2187844786886742e-07,1.3607345727157788e-21,5.097277660719718e-15
0.00026652757886904674,0.05595639656,0.054,0.0,0.0,0.000446930836874101,0.8587629729265165,0.013189765356159636,0.003916240062217387,1.2060841322915956e-07,0.05720619840500179,0.0,0.028325140627929207,1.4799163221093435e-07,6.39656155946863e-11,5.130845972684487e-07,2.6611548346251626e-08,3.847472150644339e-09,4.156316792873413e-09,1.0470198002690648e-06,3.7689165343780906e-06,0.000955250634130403,1.2821358135049312e-09,2.2201981794698434e-07,1.3701337892247799e-21,5.097336012055733e-15
0.0002675508761028253,0.05595639656,0.054,0.0,0.0,0.00044677390927487195,0.8587486832477478,0.013218185382531951,0.003925714818166895,1.2102228053852885e-07,0.05718725211126752,0.0,0.02832530265324214,1.479384562383379e-07,6.3916348021967e-11,5.127315976343461e-07,2.6592345862047763e-08,3.846145621672722e-09,4.16351045477276e-09,1.0466442265697177e-06,3.7675861475418503e-06,0.0009552488506352431,1.2824240023565632e-09,2.2216093062641653e-07,1.3795531405088478e-21,5.09739432773708e-15
0.00026857417333660385,0.05595639656,0.054,0.0,0.0,0.00044661710156793994,0.8587344038375365,0.013246584993604527,0.003935182779673452,1.2143561315101166e-07,0.057168319427318995,0.0,0.02832546457784977,1.4788532391746952e-07,6.386714017624162e-11,5.123789827891422e-07,2.6573165099772106e-08,3.844820174971586e-09,4.170692945354789e-09,1.0462689196278397e-06,3.766256692094596e-06,0.0009552470456433303,1.2827106342465839e-09,2.223017865036853e-07,1.3889925270317623e-21,5.097452607456634e-15
0.0002695974705703824,0.05595639656,0.054,0.0,0.0,0.0004464604135673933,0.8587201346842003,0.013274964212554977,0.003944643954003309,1.2184841219196989e-07,0.057149400337706824,0.0,0.028325626401021268,1.4783223121204182e-07,6.381799210166238e-11,5.120267529937636e-07,2.6554006416449207e-08,3.8434957237817066e-09,4.177864287381035e-09,1.0458938799404524e-06,3.764928169764368e-06,0.0009552452200701901,1.2829957314855922e-09,2.224423862835894e-07,1.3984518497442739e-21,5.0975108510703234e-15
0.00027062076780416097,0.05595639656,0.054,0.0,0.0,0.00044630384508538654,0.8587058757760777,0.013303323062519606,0.003954098348428052,1.22260678784488e-07,0.0571304948270077,0.0,0.02832578812206379,1.4777917903853868e-07,6.37689035575272e-11,5.116749068582226e-07,2.653486940755836e-08,3.842172293106204e-09,4.1850244963651114e-09,1.0455191081571768e-06,3.763600582820812e-06,0.0009552433747915567,1.2832792849414192e-09,2.225827305967907e-07,1.4079310100186562e-21,5.097569058229061e-15
0.00027154173531456166,0.05595639656,0.054,0.0,0.0,0.0004461630354847007,0.8586930515088043,0.013328828631094362,0.00396260151260505,1.2263126440071992e-07,0.057113491464622225,0.0,0.028325933583137272,1.477314680767607e-07,6.372477470905319e-11,5.113585730167137e-07,2.651766470522176e-08,3.840982101606857e-09,4.19145918180291e-09,1.045182043017531e-06,3.762406555750768e-06,0.0009552416978874715,1.2835331702532069e-09,2.2270882253857216e-07,1.4164791342505018e-21,5.097621413327807e-15
0.00027246270282496235,0.05595639656,0.054,0.0,0.0,0.00044602232240937016,0.8586802355222537,0.013354317736308787,0.0039710991962594675,1.2300142045704666e-07,0.05709649907747782,0.0,0.02832607896049358,1.4768379043696574e-07,6.36806939669772e-11,5.110425492681171e-07,2.6500477655226924e-08,3.8397927423620194e-09,4.197884879423632e-09,1.044845195624354e-06,3.761213288942879e-06,0.0009552400062924348,1.2837858179616884e-09,2.2283470848950097e-07,1.425043176162639e-21,5.0976737385763695e-15
0.00027338367033536305,0.05595639656,0.054,0.0,0.0,0.00044588170572857207,0.8586674278079682,0.013379790394947121,0.003979591404700532,1.2337114776740815e-07,0.057079517654386173,0.0,0.028326224253693726,1.4763614536488992e-07,6.36366612163093e-11,5.10726834950115e-07,2.6483308117150846e-08,3.838604203283561e-09,4.204301602008407e-09,1.0445085663408095e-06,3.7600207836659666e-06,0.0009552383005744557,1.2840372278027669e-09,2.2296038891075752e-07,1.4336230648066722e-21,5.09772603378942e-15
0.00027430463784576374,0.05595639656,0.054,0.0,0.0,0.0004457411853101417,0.8586546283575041,0.013405246623767167,0.003988078143239369,1.2374044714421546e-07,0.057062547184175125,0.0,0.02832636946232008,1.4758853390227113e-07,6.359267639134006e-11,5.104114296690766e-07,2.6466156108996534e-08,3.837416503479901e-09,4.210709363378408e-09,1.0441721554688029e-06,3.7588290409766042e-06,0.0009552365812797992,1.2842874045555013e-09,2.2308586422045274e-07,1.4422187295356034e-21,5.09777829882498e-15
0.00027522560535616443,0.05595639656,0.054,0.0,0.0,0.0004456007610245174,0.85864183716243,0.01343068643950152,0.003996559417188619,1.2410931939834311e-07,0.057045587655689844,0.0,0.028326514585972937,1.4754095603438113e-07,6.354873944710432e-11,5.100963331590344e-07,2.644902169346563e-08,3.836229639663723e-09,4.217108177829439e-09,1.0438359632811328e-06,3.757638061828075e-06,0.0009552348489352939,1.2845363549485959e-09,2.2321113485146664e-07,1.4508300999987552e-21,5.0978305335611076e-15
0.0002761465728665651,0.05595639656,0.054,0.0,0.0,0.0004454604327454033,0.8586290542143291,0.013456109858857788,0.004005035231862072,1.244777653391219e-07,0.057028639057793394,0.0,0.028326659624269463,1.4749341053798616e-07,6.350485027800826e-11,5.097815448130663e-07,2.6431904748420462e-08,3.8350435904274324e-09,4.223498058269098e-09,1.0434999900776566e-06,3.7564478472690534e-06,0.000955233104049202,1.284784079233054e-09,2.23336201255017e-07,1.4594571061299209e-21,5.097882737837014e-15
0.0002770675403769658,0.05595639656,0.054,0.0,0.0,0.00044532020034514594,0.8586162795047968,0.013481516898517532,0.004013505592574387,1.248457857743329e-07,0.05701170137936483,0.0,0.02832680457684597,1.4744589803416678e-07,6.346100879509603e-11,5.094670641072261e-07,2.6414805219721464e-08,3.83385836909298e-09,4.229879017958465e-09,1.0431642361185949e-06,3.755258398211949e-06,0.0009552313471102768,1.2850305797751324e-09,2.2346106384458744e-07,1.468099678156507e-21,5.097934911513886e-15
0.0002779885078873665,0.05595639656,0.054,0.0,0.0,0.0004451800636967301,0.8586035130254424,0.013506907575137029,0.004021970504640815,1.2521338151020225e-07,0.056994774609299644,0.0,0.028326949443355922,1.4739841933244727e-07,6.341721495705799e-11,5.091528907927113e-07,2.6397723186364954e-08,3.832673987479118e-09,4.236251071184252e-09,1.0428287016147738e-06,3.754069715395004e-06,0.0009552295785893016,1.2852758636697937e-09,2.23585723028212e-07,1.4767577466016168e-21,5.097987054492004e-15
0.0002789094753977672,0.05595639656,0.054,0.0,0.0,0.0004450400226772706,0.8585907547678874,0.013532281905348229,0.004030429973376871,1.2558055335139515e-07,0.05697785873651121,0.0,0.028327094223467013,1.473509731987324e-07,6.337346868041156e-11,5.088390243881334e-07,2.6380658584695154e-08,3.831490421966519e-09,4.242614231234043e-09,1.0424933867995315e-06,3.7528817996351153e-06,0.0009552277989409383,1.2855199329490325e-09,2.2371017924144687e-07,1.4854312422707046e-21,5.098039166641827e-15
0.0002798304429081679,0.05595639656,0.054,0.0,0.0,0.0004449000771635146,0.8585780047237676,0.01355763990575766,0.004038884004098117,1.2594730210101108e-07,0.05696095374992912,0.0,0.028327238916863683,1.4730355960205407e-07,6.332976986312967e-11,5.085254642968594e-07,2.6363611315194703e-08,3.8303076754433e-09,4.2489685110354716e-09,1.0421582918922903e-06,3.7516946517035407e-06,0.0009552260086025576,1.2857627884720871e-09,2.23834432894186e-07,1.494120096254711e-21,5.098091247831976e-15
0.0002807514104185686,0.05595639656,0.054,0.0,0.0,0.00044476022703117234,0.8585652628847302,0.013582981592946497,0.004047332602119808,1.2631362856057797e-07,0.05694405963849873,0.0,0.028327383523246614,1.472561798194811e-07,6.328611845333312e-11,5.082122102077061e-07,2.634658143054408e-08,3.829125769775128e-09,4.255313924590618e-09,1.0418234170575701e-06,3.7505082721783545e-06,0.000955224207994978,1.2860044364210234e-09,2.239584843770496e-07,1.5028242399372795e-21,5.098143297973882e-15
0.00028167237792896927,0.05595639656,0.054,0.0,0.0,0.00044462047216044253,0.8585525292424363,0.013608306983472072,0.004055775772756647,1.2667953353004825e-07,0.05692717639118297,0.0,0.02832752804232865,1.4720883245309643e-07,6.324251440240359e-11,5.078992618410608e-07,2.6329568956655216e-08,3.827944672929945e-09,4.261650485784193e-09,1.0414887624626619e-06,3.749322661644433e-06,0.0009552223975250441,1.2862448815677692e-09,2.24082334118168e-07,1.5115436049851498e-21,5.0981953169737686e-15
0.00028259334543936996,0.05595639656,0.054,0.0,0.0,0.00044448081243318775,0.8585398037885597,0.013633616093867183,0.004064213521322536,1.2704501780779364e-07,0.05691030399696182,0.0,0.028327672473836194,1.471615160487994e-07,6.319895757636597e-11,5.075866184180925e-07,2.6312573688356907e-08,3.826764365418236e-09,4.267978206754655e-09,1.0411543283096232e-06,3.7481378208147908e-06,0.000955220577584918,1.28648412087238e-09,2.2420598252980585e-07,1.5202781233379632e-21,5.0982473046890666e-15
0.00028351431294977065,0.05595639656,0.054,0.0,0.0,0.00044434124772385766,0.8585270865147864,0.013658908940638004,0.004072645853130439,1.2741008219060344e-07,0.056893442444828385,0.0,0.028327816817514548,1.4711423507840395e-07,6.315544793061281e-11,5.072742796608381e-07,2.629559573668013e-08,3.825584931093902e-09,4.2742971018237136e-09,1.040820114688466e-06,3.746953750009936e-06,0.0009552187485493466,1.2867221634378445e-09,2.2432942995159026e-07,1.529027727232668e-21,5.0982992610676855e-15
0.00028443528046017135,0.05595639656,0.054,0.0,0.0,0.0004442017779183156,0.8585143774128154,0.013684185540269015,0.0040810727734920255,1.2777472747368029e-07,0.05687659172379565,0.0,0.02832796107311496,1.4706698605800487e-07,6.311198540849626e-11,5.069622452489481e-07,2.6278635075207764e-08,3.8244062980224135e-09,4.280607184371629e-09,1.0404861217494319e-06,3.7457704497552612e-06,0.000955216910783459,1.2869590109602866e-09,2.2445267682442714e-07,1.537792349178434e-21,5.098351186009187e-15
0.000285264151219532,0.05595639656,0.054,0.0,0.0,0.00044407633613875497,0.8585029462010817,0.013706920602236198,0.00408865237941983,1.2810255055413166e-07,0.05686143532638851,0.0,0.028328090827655757,1.4702448939023973e-07,6.30729093519717e-11,5.066816740370988e-07,2.6263385200773925e-08,3.823346218489291e-09,4.286278734815541e-09,1.0401857168867832e-06,3.7447061386986073e-06,0.0009552152496192371,1.287171153987334e-09,2.2456342786015334e-07,1.5456932938076701e-21,5.09839789150342e-15
0.0002860930219788926,0.05595639656,0.054,0.0,0.0,0.0004439509710490652,0.8584915215957605,0.013729642529333553,0.00409622761024747,1.284300353840856e-07,0.05684628768529717,0.0,0.02832822051050374,1.4698201996596654e-07,6.303387133540935e-11,5.064013485774709e-07,2.6248149263993934e-08,3.822286817469008e-09,4.291943167530601e-09,1.039885490940778e-06,3.7436424523707356e-06,0.0009552135819128447,1.2873823339883076e-09,2.2467401703118974e-07,1.5536062998113768e-21,5.098444571406918e-15
0.00028692189273825326,0.05595639656,0.054,0.0,0.0,0.00044382568256569544,0.8584801035908264,0.013752351333527334,0.00410379846984374,1.287571825399353e-07,0.056831148792545035,0.0,0.02832835012150404,1.4693957679184257e-07,6.299487132473468e-11,5.06121268673341e-07,2.6232927282351538e-08,3.8212280720360095e-09,4.297600492390797e-09,1.0395854439809535e-06,3.742579391016426e-06,0.0009552119079030286,1.2875925533601682e-09,2.2478444463024575e-07,1.5615313185683104e-21,5.098491225664324e-15
0.0002877507634976139,0.05595639656,0.054,0.0,0.0,0.00044370047060588125,0.8584686921802616,0.013775047026768001,0.0041113649620760735,1.2908399259702463e-07,0.056816018640166166,0.0,0.02832847966050902,1.4689715883030983e-07,6.295590925873349e-11,5.058414339617208e-07,2.6217719204329927e-08,3.8201699630947605e-09,4.303250718979291e-09,1.0392855760750788e-06,3.741516954876849e-06,0.0009552102278208092,1.2878018135635227e-09,2.248947109449604e-07,1.5694683016370526e-21,5.098537854216386e-15
0.00028857963425697454,0.05595639656,0.054,0.0,0.0,0.0004435753350837071,0.8584572873580573,0.013797729620989367,0.004118927090810515,1.2941046612964828e-07,0.0568008972202039,0.0,0.02832860912738059,1.4685476797235796e-07,6.291698506176234e-11,5.055618439971852e-07,2.6202524976513656e-08,3.819112531850255e-09,4.308893856841565e-09,1.0389858872665656e-06,3.7404551441103785e-06,0.0009552085418881201,1.288010117240056e-09,2.250048162291034e-07,1.5774172007580582e-21,5.098584457015122e-15
0.0002894085050163352,0.05595639656,0.054,0.0,0.0,0.0004434502759150593,0.8584458891182121,0.01382039912810999,0.004126484859911513,1.2973660371105023e-07,0.05678578452471226,0.0,0.028328738521986543,1.46812404833453e-07,6.287809870244814e-11,5.052824986028096e-07,2.6187344640333855e-08,3.818055786344205e-09,4.314529915877081e-09,1.0386863775917892e-06,3.739393958846484e-06,0.0009552068503202387,1.288217467606795e-09,2.2511476075405043e-07,1.5853779678524104e-21,5.0986310340191126e-15
0.0002902373757756958,0.05595639656,0.054,0.0,0.0,0.00044332529302148235,0.8584344974547338,0.013843055560031963,0.004134038273241625,1.3006240591328292e-07,0.05677068054575895,0.0,0.028328867844198854,1.4677006611404747e-07,6.28392501455406e-11,5.050033975625376e-07,2.6172178182526933e-08,3.816999658685797e-09,4.320158905807057e-09,1.0383870471051007e-06,3.7383333992777688e-06,0.0009552051533264639,1.2884238656702125e-09,2.252245448231781e-07,1.5933505550129394e-21,5.098677585173789e-15
0.00029106624653505646,0.05595639656,0.054,0.0,0.0,0.0004432003863183023,0.858423112361638,0.013865698928642003,0.004141587334661836,1.3038787330747424e-07,0.056755585275418616,0.0,0.028328997093899518,1.467277538311068e-07,6.280043931204744e-11,5.047245404142401e-07,2.6157025541503298e-08,3.815944193065048e-09,4.325780836124399e-09,1.0380878958276493e-06,3.7372734654851326e-06,0.0009552034511075047,1.2886293141313115e-09,2.2533416868561433e-07,1.6013349145108056e-21,5.098724110438951e-15
0.0002918951172944171,0.05595639656,0.054,0.0,0.0,0.0004430755557225568,0.8584117338329464,0.013888329245813008,0.0041491320480314346,1.307130064637852e-07,0.05674049870577566,0.0,0.028329126270975193,1.4668546891384801e-07,6.276166614980413e-11,5.044459268584416e-07,2.6141886708722718e-08,3.814889407748316e-09,4.331395716463805e-09,1.0377889237793844e-06,3.736214157542752e-06,0.0009552017438585703,1.288833815528099e-09,2.2544363260339158e-07,1.6093309988161717e-21,5.098770609775378e-15
0.00029272398805377773,0.05595639656,0.054,0.0,0.0,0.00044295080115483535,0.8584003618626899,0.0139109465234027,0.004156672417207695,1.310378059512914e-07,0.056725420828926204,0.0,0.028329255375316758,1.4664320977915873e-07,6.272293062286059e-11,5.04167556676599e-07,2.6126761688295703e-08,3.813835268672379e-09,4.3370035565589456e-09,1.0374901309848984e-06,3.7351554755402535e-06,0.0009552000317695277,1.289037371729739e-09,2.255529368567364e-07,1.6173387605590421e-21,5.098817083141311e-15
0.00029355285881313837,0.05595639656,0.054,0.0,0.0,0.00044282612253434314,0.8583889964449065,0.01393355077325248,0.004164208446045836,1.3136227233798961e-07,0.0567103516369764,0.0,0.028329384406822363,1.4660097633893922e-07,6.26842326741416e-11,5.038894295301431e-07,2.6111650448468165e-08,3.812781774883326e-09,4.342604366003894e-09,1.037191517455637e-06,3.7340974195230734e-06,0.0009551983150231089,1.2892399849469616e-09,2.2566208171010396e-07,1.625358152539309e-21,5.098863530499641e-15
0.000294381729572499,0.05595639656,0.054,0.0,0.0,0.00044270151977945785,0.858377637573643,0.013956142007187852,0.004171740138398935,1.316864061908046e-07,0.05669529112204229,0.0,0.02832951336539663,1.4655876948877818e-07,6.26455722456614e-11,5.036115450850321e-07,2.609655296481471e-08,3.811728945041735e-09,4.348198154345781e-09,1.036893083193079e-06,3.7330399895016017e-06,0.0009551965937954598,1.2894416575697448e-09,2.2577106742073892e-07,1.6333891277434056e-21,5.0989099518167844e-15
0.00029521060033185965,0.05595639656,0.054,0.0,0.0,0.0004425769928104153,0.8583662852429529,0.013978720237021893,0.004179267498118221,1.3201020807577894e-07,0.05668023927624901,0.0,0.02832964225094771,1.4651658888556027e-07,6.260694929265469e-11,5.033339030764077e-07,2.608146923209039e-08,3.810676771073509e-09,4.353784931209611e-09,1.03659482819922e-06,3.7319831854874936e-06,0.0009551948682585081,1.2896423917159074e-09,2.2587989425356693e-07,1.6414316393437265e-21,5.098956347058917e-15
0.0002960394710912203,0.05595639656,0.054,0.0,0.0,0.00044245254154817016,0.8583549394468983,0.014001285474548928,0.0041867905290521356,1.3233367855765798e-07,0.05666519609173427,0.0,0.028329771063390106,1.4647443402700876e-07,6.256836376588988e-11,5.030565032098447e-07,2.6066399232427007e-08,3.8096252426144785e-09,4.359364706195662e-09,1.0362967524692707e-06,3.730927007469337e-06,0.0009551931385773738,1.2898421894906242e-09,2.2598856247150054e-07,1.6494856406588302e-21,5.099002716194457e-15
0.00029686834185058093,0.05595639656,0.054,0.0,0.0,0.0004423281659127477,0.8583436001795499,0.014023837731548179,0.004194309235046831,1.3265681820016323e-07,0.05665016156064527,0.0,0.028329899802644123,1.4643230546973252e-07,6.25298156056139e-11,5.027793451378489e-07,2.6051342932722942e-08,3.808574372089266e-09,4.3649374888104926e-09,1.0359988559892666e-06,3.729871455404092e-06,0.0009551914049113738,1.2900410531888145e-09,2.2609707232924106e-07,1.6575510851775653e-21,5.099049059195036e-15
0.00029769721260994157,0.05595639656,0.054,0.0,0.0,0.00044220386582487795,0.8583322674349861,0.014046377019782843,0.004201823619945863,1.3297962756589476e-07,0.056635135675139975,0.0,0.028330028468634964,1.4639020345589153e-07,6.249130476379788e-11,5.02502428581586e-07,2.6036300324603654e-08,3.807524163596027e-09,4.370503288597729e-09,1.0357011387415752e-06,3.728816529235173e-06,0.0009551896674144664,1.2902389849774825e-09,2.2620542408342926e-07,1.6656279266022854e-21,5.099095376033446e-15
0.0002985260833693022,0.05595639656,0.054,0.0,0.0,0.0004420796412071903,0.8583209412072929,0.014068903351002544,0.004209333687590433,1.33302107216479e-07,0.056620118427386214,0.0,0.028330157061291144,1.4634812696561464e-07,6.245283120123598e-11,5.022257533007593e-07,2.6021271408501943e-08,3.806474594764933e-09,4.376062115174768e-09,1.0354036007083722e-06,3.7277622289054883e-06,0.0009551879262366529,1.2904359868268325e-09,2.2631361799592557e-07,1.6737161187897182e-21,5.099141666682615e-15
0.00029935495412866284,0.05595639656,0.054,0.0,0.0,0.00044195549198148903,0.8583096214905636,0.014091416736941318,0.004216839441819129,1.3362425771247497e-07,0.056605109809561654,0.0,0.028330285580546594,1.4630607599634807e-07,6.241439485837885e-11,5.019493189426493e-07,2.6006256145599134e-08,3.805425667119131e-09,4.381613978032408e-09,1.035106241862418e-06,3.7267085543262044e-06,0.0009551861815225322,1.290632060952062e-09,2.2642165431955372e-07,1.6818156157260166e-21,5.099187931118772e-15
0.0003001838248880235,0.05595639656,0.054,0.0,0.0,0.0004418314180681517,0.8582983082788987,0.014113917189318249,0.004224340886467974,1.3394607961342258e-07,0.05659010981385305,0.0,0.02833041402634058,1.462640519080246e-07,6.237599567277187e-11,5.016731251547049e-07,2.5991254502668178e-08,3.804377409588645e-09,4.387158886567638e-09,1.0348090621679398e-06,3.7256555053780126e-06,0.0009551844334114575,1.2908272096805895e-09,2.2652953330052954e-07,1.6899263716104409e-21,5.099234169320784e-15
0.0003010126956473841,0.05595639656,0.054,0.0,0.0,0.00044170741939023587,0.8582870015664076,0.014136404719837707,0.004231838025370211,1.342675734777838e-07,0.05657511843245804,0.0,0.028330542398615155,1.4622205409561918e-07,6.233763361177367e-11,5.013971717404455e-07,2.597626649897653e-08,3.803329806666803e-09,4.392696850355454e-09,1.0345120615923e-06,3.7246030819516457e-06,0.0009551826820391129,1.2910214349389241e-09,2.2663725519550605e-07,1.698048340846691e-21,5.099280381266443e-15
0.00030184156640674476,0.05595639656,0.054,0.0,0.0,0.0004415834958725269,0.8582757013472071,0.014158879340187464,0.004239330862355964,1.34588739862831e-07,0.05656013565758615,0.0,0.028330670697316224,1.4618008100370847e-07,6.229930862814403e-11,5.011214584013123e-07,2.5961292109904616e-08,3.8022828271620726e-09,4.398227878967897e-09,1.034215240099554e-06,3.7235512839283034e-06,0.0009551809275367145,1.2912147387380528e-09,2.2674482026023353e-07,1.7061814779173505e-21,5.0993265669353265e-15
0.0003026704371661054,0.05595639656,0.054,0.0,0.0,0.0004414596474361969,0.8582644076154217,0.014181341062041072,0.004246819401252812,1.3490957932490322e-07,0.05654516148145438,0.0,0.028330798922395716,1.4613813408733803e-07,6.226102065813083e-11,5.008459847794227e-07,2.594633129889761e-08,3.801236502086429e-09,4.403751981742849e-09,1.0339185976403734e-06,3.722500111141394e-06,0.0009551791700301949,1.2914071233659598e-09,2.2685222873727093e-07,1.7143257375290475e-21,5.099372726310786e-15
0.00030349930792546604,0.05595639656,0.054,0.0,0.0,0.0004413358740040564,0.858253120365182,0.014203789897058837,0.0042543036458856836,1.3523009241937077e-07,0.05653019589628921,0.0,0.028330927073808108,1.4609621374580673e-07,6.222276965355756e-11,5.005707505967513e-07,2.5931384056696493e-08,3.800190838816392e-09,4.409269168109667e-09,1.033622134166071e-06,3.721449563426396e-06,0.0009551774096422753,1.291598590907693e-09,2.269594808735348e-07,1.7224810745741627e-21,5.099418859376065e-15
0.0003043281786848267,0.05595639656,0.054,0.0,0.0,0.00044121217550106937,0.8582418395906272,0.014226225856886142,0.004261783600076467,1.355502797005174e-07,0.05651523889432802,0.0,0.028331055151510565,1.460543189141554e-07,6.218455557223021e-11,5.002957555907034e-07,2.591645037473097e-08,3.799145814911412e-09,4.41477944759029e-09,1.0333258496280813e-06,3.7203996406199667e-06,0.0009551756464922846,1.291789143353695e-09,2.270665769197485e-07,1.7306474440774243e-21,5.099464966114883e-15
0.0003051570494441873,0.05595639656,0.054,0.0,0.0,0.0004410885518511035,0.858230565285904,0.014248648953152825,0.004269259267643993,1.3587014172154885e-07,0.05650029046781788,0.0,0.028331183155464935,1.4601244962101e-07,6.214637836087837e-11,5.00020999447683e-07,2.5901530227534704e-08,3.798101431483995e-09,4.420282829591294e-09,1.0330297439702105e-06,3.7193503425319867e-06,0.0009551738806949925,1.291978782812412e-09,2.271735171210336e-07,1.738824801233668e-21,5.09951104651331e-15
0.00030598592020354796,0.05595639656,0.054,0.0,0.0,0.0004409650029776283,0.8582192974451662,0.014271059197473528,0.0042767306524039966,1.3618967903460027e-07,0.05648535060901563,0.0,0.028331311085637027,1.459706064323019e-07,6.210823796702517e-11,4.997464818663141e-07,2.5886623596181252e-08,3.7970577000057094e-09,4.4257793234733304e-09,1.0327338171311866e-06,3.7183016689542925e-06,0.0009551721123610949,1.2921675113776428e-09,2.272803017198095e-07,1.7470131014200846e-21,5.099557100558854e-15
0.0003068147909629086,0.05595639656,0.054,0.0,0.0,0.00044084152880542857,0.8582080360625748,0.014293456601450831,0.004284197758169616,1.3650889219092647e-07,0.05647041931018667,0.0,0.028331438941994747,1.4592878905638694e-07,6.207013434504588e-11,4.994722025734369e-07,2.5871730470259456e-08,3.796014613881553e-09,4.431268938659316e-09,1.0324380690495472e-06,3.7172536196783857e-06,0.000955170341598698,1.2923553310736932e-09,2.2738693096042136e-07,1.7552123001821234e-21,5.099603128239433e-15
0.00030764366172226923,0.05595639656,0.054,0.0,0.0,0.0004407181292596742,0.858196781132299,0.014315841176669206,0.004291660588750123,1.3682778174048945e-07,0.05645549656360852,0.0,0.028331566724510017,1.4588699716904504e-07,6.203206744628515e-11,4.991981612777422e-07,2.5856850831469597e-08,3.794972166540751e-09,4.436751684549375e-09,1.0321424996593124e-06,3.716206194480191e-06,0.0009551685685116076,1.2925422439425763e-09,2.2749340508579589e-07,1.7634223532059813e-21,5.099649129544538e-15
0.00030847253248162987,0.05595639656,0.054,0.0,0.0,0.00044059480426485127,0.8581855326485163,0.014338212934698641,0.004299119147951706,1.3714634823223118e-07,0.05644058236156792,0.0,0.028331694433158437,1.4584523119217702e-07,6.199403721653476e-11,4.98924357665968e-07,2.584198465460074e-08,3.793930367076208e-09,4.442227570463184e-09,1.0318471088892592e-06,3.7151593931170756e-06,0.0009551667931999504,1.2927282520630035e-09,2.2759972433554795e-07,1.771643216342107e-21,5.099695104465231e-15
0.0003093014032409905,0.05595639656,0.054,0.0,0.0,0.0004404715537460767,0.8581742906054113,0.014360571887093674,0.004306573439577089,1.3746459221397852e-07,0.05642567669636199,0.0,0.02833182206791855,1.4580349123733276e-07,6.195604360879649e-11,4.98650791462243e-07,2.582713192880634e-08,3.792889217065132e-09,4.447696605748577e-09,1.031551896666072e-06,3.7141132153391265e-06,0.0009551650157605635,1.2929133574468703e-09,2.2770588894928963e-07,1.779874845638954e-21,5.0997410529933486e-15
0.00031013027400035115,0.05595639656,0.054,0.0,0.0,0.0004403483776297954,0.8581630549971759,0.014382918045395635,0.00431402346742596,1.3778251423259042e-07,0.056410779560297324,0.0,0.02833194962877086,1.4576177654647372e-07,6.191808658063498e-11,4.983774624048244e-07,2.5812292646227432e-08,3.791848700287148e-09,4.453158799811842e-09,1.0312568629159287e-06,3.713067660895122e-06,0.0009551632362878476,1.2930975620742572e-09,2.2781189916810164e-07,1.788117197288825e-21,5.099786975121277e-15
0.0003109591447597118,0.05595639656,0.054,0.0,0.0,0.000440225275841688,0.8581518258180093,0.014405251421130845,0.004321469235294638,1.3810011483386642e-07,0.05639589094568997,0.0,0.028332077115699454,1.4572008718688478e-07,6.188016607744371e-11,4.98104370173439e-07,2.5797466776780765e-08,3.7908088191547444e-09,4.458614161950216e-09,1.0309620075592756e-06,3.71202272951368e-06,0.0009551614548727096,1.2932808680071935e-09,2.2791775522950382e-07,1.7963702276141043e-21,5.099832870843139e-15
0.0003117880155190724,0.05595639656,0.054,0.0,0.0,0.0004401022483064868,0.8581406030621177,0.014427572025811313,0.0043289107469761876,1.3841739456259448e-07,0.0563810108448649,0.0,0.028332204528691743,1.456784241389168e-07,6.184228204370448e-11,4.978315144554022e-07,2.5782654296120424e-08,3.789769593961504e-09,4.464062701381678e-09,1.0306673305117009e-06,3.710978420905945e-06,0.0009551596716027448,1.2934632772870541e-09,2.2802345736770843e-07,1.8046338931382785e-21,5.099878740154257e-15
0.0003128173089451346,0.05595639656,0.054,0.0,0.0,0.0004399495757044099,0.8581266755526956,0.014455272039729171,0.004338145712952583,1.3881094737029216e-07,0.05636254454395794,0.0,0.02833236264747793,1.4562672218804296e-07,6.179528828062682e-11,4.974930105264148e-07,2.57642787710181e-08,3.788479965283233e-09,4.470819226281136e-09,1.030301648015327e-06,3.7096824627548516e-06,0.0009551574546811514,1.2936885483172076e-09,2.2815450460883703e-07,1.8149104685198016e-21,5.0999356639905166e-15
0.0003138466023711968,0.05595639656,0.054,0.0,0.0,0.0004397970173528676,0.8581127579284423,0.014482952399471654,0.004347374128673432,1.3920400724663297e-07,0.056344091345444464,0.0,0.02833252065221662,1.4557505936349054e-07,6.174835059899238e-11,4.971548703686807e-07,2.5745923847630075e-08,3.7871913170320906e-09,4.477565262295757e-09,1.0299362401904884e-06,3.708387463962099e-06,0.0009551552351883819,1.2939124434849372e-09,2.2828531530663198e-07,1.8252032947310397e-21,5.099992547086268e-15
0.000314875895797259,0.05595639656,0.054,0.0,0.0,0.00043964457311054626,0.8580988501783106,0.014510613126990122,0.004356596001379931,1.3959657522807812e-07,0.056325651234690265,0.0,0.028332678542899326,1.4552343649353899e-07,6.170146890162555e-11,4.968170934221698e-07,2.5727589491038613e-08,3.7859036666661606e-09,4.484300827086278e-09,1.0295711068613148e-06,3.707093423925554e-06,0.0009551530132748973,1.2941349665981316e-09,2.284158899064742e-07,1.8355122895328e-21,5.100049389437856e-15
0.0003159051892233212,0.05595639656,0.054,0.0,0.0,0.0004394922428387418,0.8580849522912709,0.014538254244202166,0.004365811338304878,1.3998865234860573e-07,0.05630722419708468,0.0,0.028332836319521774,1.45471852734395e-07,6.165464310550804e-11,4.964796791810905e-07,2.57092756840659e-08,3.784616994729222e-09,4.491025938437493e-09,1.0292062478512007e-06,3.7058003420412936e-06,0.0009551507890859631,1.294356121397958e-09,2.2854622885581561e-07,1.8458373710760767e-21,5.100106191042851e-15
0.0003169344826493834,0.05595639656,0.054,0.0,0.0,0.0004393400263983324,0.8580710642563112,0.014565875772990853,0.004375020146672603,1.4038023963971481e-07,0.05628881021803968,0.0,0.02833299398208582,1.4542030791785408e-07,6.160787311430298e-11,4.96142627075543e-07,2.569098238338798e-08,3.783331298690728e-09,4.497740614005488e-09,1.0288416629755329e-06,3.704508217677286e-06,0.000955148562760619,1.294575911674464e-09,2.2867633259846352e-07,1.8561784578631107e-21,5.100162951901339e-15
0.0003179637760754456,0.05595639656,0.054,0.0,0.0,0.0004391879236496279,0.8580571860624367,0.014593477735204932,0.00438422243369887,1.407713381304303e-07,0.05627040928298953,0.0,0.02833315153059904,1.4536880270194119e-07,6.15611588334973e-11,4.958059365583622e-07,2.567270955748814e-08,3.782046592344173e-09,4.504444871365508e-09,1.0284773520422032e-06,3.7032170501749434e-06,0.0009551463344319257,1.2947943411714413e-09,2.2880620157393285e-07,1.8665354687829725e-21,5.100219672015389e-15
0.0003193070724466602,0.05595639656,0.054,0.0,0.0,0.00043898959022640387,0.8580390888806085,0.014629470736907187,0.004396222233219622,1.412810141498932e-07,0.05624641443484934,0.0,0.028333356970358343,1.453016439138732e-07,6.150027724027003e-11,4.953670760449187e-07,2.564889305700582e-08,3.780371438957922e-09,4.5131787319160736e-09,1.0280023137703154e-06,3.7015334288624817e-06,0.0009551434235134193,1.2950773655646558e-09,2.2897533683158778e-07,1.8800758750633642e-21,5.100293634257092e-15
0.00032065036881787486,0.05595639656,0.054,0.0,0.0,0.00043879144990295306,0.8580210084170501,0.014665430498402956,0.004408210953872581,1.4178986166888678e-07,0.05622244174618879,0.0,0.028333562215924157,1.452345509115673e-07,6.14394901837678e-11,4.949288292958952e-07,2.562511131375796e-08,3.778697933830079e-09,4.521894917321109e-09,1.0275277413030413e-06,3.6998514346246103e-06,0.0009551405096730301,1.295358086876553e-09,2.2914407395754947e-07,1.893643087313036e-21,5.100367527120901e-15
0.0003219936651890895,0.05595639656,0.054,0.0,0.0,0.00043859350237257527,0.8580029446474539,0.014701357067996733,0.004420188611629645,1.4229788295574967e-07,0.05619849118480528,0.0,0.028333767267349118,1.451675249988442e-07,6.137879744859355e-11,4.944911950639829e-07,2.5601364239807328e-08,3.777026106748972e-09,4.530593466366836e-09,1.027053634177372e-06,3.698171065872253e-06,0.0009551375931674583,1.295636513340116e-09,2.2931241391482036e-07,1.9072369280736654e-21,5.100441350624407e-15
0.0003233369615603041,0.05595639656,0.054,0.0,0.0,0.00043839574733021264,0.857984897547562,0.014737250493895323,0.004432155222436811,1.428050802716925e-07,0.0561745627185615,0.0,0.028333972124697765,1.4510056709697973e-07,6.131819883081709e-11,4.940541721576381e-07,2.557765176915253e-08,3.775355975930723e-09,4.539274417808262e-09,1.0265799919190068e-06,3.696492320977157e-06,0.0009551346742402526,1.295912653101102e-09,2.2948035766164222e-07,1.9208572209666184e-21,5.100515104789307e-15
0.00032468025793151874,0.05595639656,0.054,0.0,0.0,0.0004381981844770155,0.8579668670931667,0.014773110824209292,0.004444110802214001,1.43311455870809e-07,0.0561506563153868,0.0,0.028334176788043022,1.450336742450938e-07,6.125769415483994e-11,4.936177594823074e-07,2.555397386530372e-08,3.773687473757717e-09,4.547937810667176e-09,1.0261068140534196e-06,3.69481519831224e-06,0.0009551317531242096,1.2961865142418186e-09,2.2964790616026522e-07,1.9345037906800246e-21,5.100588789640039e-15
0.00032602355430273337,0.05595639656,0.054,0.0,0.0,0.00043800081351200014,0.857948853260108,0.014808938106951138,0.0044560553668548065,1.4381701200009417e-07,0.056126771943274305,0.0,0.02833438125747102,1.4496684618549431e-07,6.119728320831637e-11,4.931819557853168e-07,2.553033042897687e-08,3.772020598936808e-09,4.556583683541221e-09,1.0256341000872008e-06,3.6931396961833922e-06,0.0009551288300386769,1.296458104903732e-09,2.298150603624492e-07,1.948176462911607e-21,5.100662405206344e-15
0.000327366850673948,0.05595639656,0.054,0.0,0.0,0.0004378036341313122,0.8579308560242758,0.014844732390035652,0.004467988932226128,1.44321750899474e-07,0.05610290957028019,0.0,0.028334585533080454,1.4490008569585702e-07,6.113696576869675e-11,4.927467598013996e-07,2.5506721363295794e-08,3.770355413005788e-09,4.565212074685746e-09,1.0251618495079313e-06,3.6914658128286797e-06,0.0009551259051903632,1.2967274331463066e-09,2.299818212075723e-07,1.9618750644209454e-21,5.10073595152246e-15
0.00032871014704516263,0.05595639656,0.054,0.0,0.0,0.0004376066460372501,0.8579128753616085,0.014880493721282228,0.004479911514168224,1.4482567480180195e-07,0.05607906916452678,0.0,0.02833478961497678,1.44833391434465e-07,6.107674167141587e-11,4.923121705177011e-07,2.5483146669015226e-08,3.768691877121237e-09,4.5738230227598985e-09,1.0246900618050669e-06,3.689793546494616e-06,0.0009551229787769382,1.2969945068468135e-09,2.3014818963847583e-07,1.975599423055281e-21,5.100809428624294e-15
0.00033005344341637726,0.05595639656,0.054,0.0,0.0,0.0004374098489343488,0.8578949112480934,0.014916222148414393,0.004491823128494349,1.453287859328942e-07,0.05605525069420091,0.0,0.028334993503273755,1.447667613827738e-07,6.101661072499432e-11,4.918781867693191e-07,2.545960627607619e-08,3.7670299491573655e-09,4.582416566259817e-09,1.0242187364614598e-06,3.6881228954052172e-06,0.0009551200509864868,1.2972593339935873e-09,2.3031416659658706e-07,1.989349367638287e-21,5.100882836551328e-15
0.0003313967397875919,0.05595639656,0.054,0.0,0.0,0.0004372132425215342,0.857876963659766,0.014951917719057828,0.004503723790990752,1.458310865115302e-07,0.056031454127551325,0.0,0.028335197198098572,1.4470019902049915e-07,6.095657266044804e-11,4.914448070536705e-07,2.543609998033122e-08,3.765369720756933e-09,4.590992742905063e-09,1.0237478729353377e-06,3.686453857696133e-06,0.0009551171219943033,1.2975219227165374e-09,2.3047975300807298e-07,2.003124727950079e-21,5.100956175348863e-15
0.0003327400361588065,0.05595639656,0.054,0.0,0.0,0.0004370168265052426,0.8578590325727105,0.014987580480744278,0.004515613517416402,1.4633257874948294e-07,0.056007679432892504,0.0,0.028335400699582243,1.446337020379509e-07,6.089662735000556e-11,4.91012030539771e-07,2.5412627857321483e-08,3.763711122841918e-09,4.5995515912693436e-09,1.0232774706928704e-06,3.6847864315330407e-06,0.0009551141919692965,1.2977822806623678e-09,2.306449498032075e-07,2.016925334955822e-21,5.1010294450615076e-15
0.00033394900289289973,0.05595639656,0.054,0.0,0.0,0.0004368402146360285,0.8578429086832196,0.015019648953811636,0.004526304933861627,1.467832324547611e-07,0.055986300882114336,0.0,0.02833558368572645,1.445739105563715e-07,6.084275569485269e-11,4.906230463562072e-07,2.539153206432679e-08,3.762219781684025e-09,4.607239770489814e-09,1.0228545026204907e-06,3.683287124304906e-06,0.0009551115541957248,1.2980147020498888e-09,2.3079329456126108e-07,2.029367328197392e-21,5.101095328775942e-15
0.00033515796962699294,0.05595639656,0.054,0.0,0.0,0.0004366637565345701,0.857826798123059,0.015051690924562957,0.004536987516281577,1.472332347925232e-07,0.05596493999902441,0.0,0.028335766515485212,1.445141721527611e-07,6.078895885182976e-11,4.902345488894612e-07,2.537046380949158e-08,3.76072976826903e-09,4.614913972207037e-09,1.0224319073404627e-06,3.68178911951456e-06,0.0009551089158251777,1.2982453286216245e-09,2.3094132514884086e-07,2.041829513200428e-21,5.101161156609112e-15
0.00033636693636108616,0.05595639656,0.054,0.0,0.0,0.0004364874519872235,0.8578107008748933,0.015083706427450883,0.004547661276107327,1.4768258736067115e-07,0.055943596760655225,0.0,0.028335949188970443,1.4445448671644299e-07,6.073523667923382e-11,4.89846537298428e-07,2.5349423044581187e-08,3.759241079491662e-09,4.6225742240315045e-09,1.0220096844446977e-06,3.6802924157581803e-06,0.0009551062769628917,1.298474166042202e-09,2.3108904223377138e-07,2.0543117687685965e-21,5.1012269286001884e-15
0.0003375759030951794,0.05595639656,0.054,0.0,0.0,0.0004363113007809231,0.857794616921419,0.015115695496865969,0.00455832622475175,1.481312917525554e-07,0.05592227114408065,0.0,0.028336131706298485,1.4439485418606102e-07,6.068158903274143e-11,4.894590107280202e-07,2.532840971497799e-08,3.757753714395334e-09,4.630220553495261e-09,1.021587833520805e-06,3.6787970116169277e-06,0.0009551036377091163,1.298701219965931e-09,2.312364464813477e-07,2.0668139743539636e-21,5.101292644790009e-15
0.0003387848698292726,0.05595639656,0.054,0.0,0.0,0.00043613530270317284,0.8577785462453635,0.015147658167136868,0.004568982373609457,1.4857934955698858e-07,0.05590096312641579,0.0,0.028336314067589803,1.443352745024367e-07,6.062801577146576e-11,4.890719683413702e-07,2.5307423773571793e-08,3.756267671205753e-09,4.6378529880797775e-09,1.0211663541524424e-06,3.6773029056581478e-06,0.0009551009981593995,1.2989264960147928e-09,2.3138353855414547e-07,2.079336010061333e-21,5.101358305220845e-15
0.00034120280329745896,0.05595639656,0.054,0.0,0.0,0.000435783765086412,0.8577464446565755,0.01521150444725268,0.004590268317451353,1.4947353173615938e-07,0.05585839979648107,0.0,0.028336678322562987,1.4421627333831564e-07,6.05210918394458e-11,4.882993327636166e-07,2.526553385796405e-08,3.753299542136074e-09,4.653076282209625e-09,1.0203245083996411e-06,3.674318582497034e-06,0.0009550957185327276,1.2993717368723543e-09,2.316767888138076e-07,2.1044390954858326e-21,5.1014894589815254e-15
0.00034362073676564534,0.05595639656,0.054,0.0,0.0,0.0004354328374487845,0.8577143959709704,0.015275245541196036,0.004611519198422465,1.5036514651837978e-07,0.05581590658859298,0.0,0.02833704195492836,1.4409748263127737e-07,6.041446375619149e-11,4.875286238721491e-07,2.5223752904013616e-08,3.750336677507702e-09,4.668244324978699e-09,1.0194841437864378e-06,3.671339434572242e-06,0.0009550904387616048,1.2998099331645426e-09,2.319687982650878e-07,2.129620078731341e-21,5.101620390247453e-15
0.0003460386702338317,0.05595639656,0.054,0.0,0.0,0.0004350825181110651,0.8576824000514857,0.01533888172138437,0.004632735107016902,1.512542064519837e-07,0.05577348332114695,0.0,0.028337404965778214,1.4397890179594482e-07,6.030813040093604e-11,4.867598350078793e-07,2.518208052065991e-08,3.74737906260402e-09,4.683357333934454e-09,1.018645256863576e-06,3.6683654500084755e-06,0.0009550851594622924,1.3002411290923326e-09,2.322595721225886e-07,2.154878023656023e-21,5.101751099403303e-15
0.0003484566037020181,0.05595639656,0.054,0.0,0.0,0.0004347328054026551,0.8576504567615493,0.015402413259260065,0.004653916133432155,1.5214072401384975e-07,0.055731129813188396,0.0,0.02833776735625304,1.438605302479204e-07,6.020209065874441e-11,4.859929595438722e-07,2.5140516318744564e-08,3.744426682763079e-09,4.698415525616869e-09,1.0178078441385455e-06,3.6653966167790997e-06,0.0009550798811945824,1.3006653685179716e-09,2.325491155645923e-07,2.180212004177697e-21,5.101881586851134e-15
0.00035087453717020446,0.05595639656,0.054,0.0,0.0,0.0004343836976612999,0.8576185659650787,0.015465840425295469,0.004675062367568118,1.5302471160980696e-07,0.055688845884409394,0.0,0.02833812912753645,1.4374236740768455e-07,6.00963434204144e-11,4.852279908846794e-07,2.5099059910981322e-08,3.7414795234393075e-09,4.7134191155619525e-09,1.0169719020810313e-06,3.6624329227250734e-06,0.000955074604467091,1.301082694973214e-09,2.3283743373433605e-07,2.205621104165469e-21,5.1020118530085734e-15
0.00035329247063839084,0.05595639656,0.054,0.0,0.0,0.00043403519323285006,0.8575867275264778,0.015529163488997709,0.004696173899026373,1.539061815750336e-07,0.05564663135514546,0.0,0.02833849028085081,1.4362441269723684e-07,5.999088758243704e-11,4.844649224661211e-07,2.5057710911980967e-08,3.738537570124678e-09,4.728368318306066e-09,1.016137427127614e-06,3.6594743555712976e-06,0.0009550693297418584,1.30149315166663e-09,2.331245317411167e-07,2.231104417332954e-21,5.102141898307245e-15
0.0003557104041065772,0.05595639656,0.054,0.0,0.0,0.00043368729047105745,0.8575549413106357,0.015592382718913,0.004717250817109724,1.5478514617442118e-07,0.05560448604637269,0.0,0.02833885081745359,1.4350666554131434e-07,5.988572204691688e-11,4.837037477548873e-07,2.501646893821519e-08,3.735600808383039e-09,4.743263347389996e-09,1.0153044156856533e-06,3.656520902940094e-06,0.0009550640574381342,1.3018967814900399e-09,2.334104146612301e-07,2.2566610471316363e-21,5.102271723191435e-15
0.0003581283375747636,0.05595639656,0.054,0.0,0.0,0.0004333399877373345,0.8575232071829219,0.015655498382632103,0.004738293210821754,1.5566161760304645e-07,0.055562409779704135,0.0,0.028339210738633082,1.4338912536740172e-07,5.97808457214992e-11,4.829444602481423e-07,2.497533360799845e-08,3.732669223846796e-09,4.7581044153632285e-09,1.0144728641379446e-06,3.653572552367408e-06,0.0009550587879368923,1.3022936270259427e-09,2.3369508753908517e-07,2.282290106646823e-21,5.102401328116577e-15
0.00036054627104294997,0.05595639656,0.054,0.0,0.0,0.00043299328340057244,0.8574915250091856,0.01571851074679486,0.004759301168866627,1.5653560798656976e-07,0.055520402377386716,0.0,0.02833957004570515,1.432717916050989e-07,5.967625751931426e-11,4.821870534732162e-07,2.4934304541472155e-08,3.7297428022004775e-09,4.772891733787979e-09,1.0136427688460481e-06,3.6506292913143723e-06,0.0009550535215842197,1.3026837305528771e-09,2.3397855538799618e-07,2.3079907184966767e-21,5.102530713548081e-15
0.00036296420451113634,0.05595639656,0.054,0.0,0.0,0.00043264717583698194,0.8574598946557532,0.015781420077094557,0.00478027477964907,1.5740712938162558e-07,0.055478463662298416,0.0,0.028339928740010463,1.4315466368667922e-07,5.957195635891121e-11,4.814315209872673e-07,2.4893381360575446e-08,3.7268215291988216e-09,4.787625513243822e-09,1.0128141261533454e-06,3.6476911071779314e-06,0.0009550482586942372,1.3030671340510777e-09,2.3426082319096999e-07,2.3337620147281544e-21,5.102659879960297e-15
0.0003653821379793227,0.05595639656,0.054,0.0,0.0,0.00043230166342994434,0.8574283159894256,0.015844226638282236,0.004801214131274465,1.5827619377621762e-07,0.055436593457945306,0.0,0.02834028682291187,1.4303774104706028e-07,5.946794116420748e-11,4.806778563770124e-07,2.4852563689036743e-08,3.7239053906621553e-09,4.802305963332371e-09,1.0119869323878532e-06,3.6447579873006315e-06,0.000955042999551812,1.3034438792077114e-09,2.3454189590143896e-07,2.3596031367147944e-21,5.102788827835627e-15
0.00037021800491569547,0.05595639656,0.054,0.0,0.0,0.00043161241765402817,0.8573653131876466,0.01596953250764238,0.0048429904079801515,1.6000699917542408e-07,0.05535305787859108,0.0,0.028341001160050328,1.428045093537265e-07,5.926076439411168e-11,4.791761052765862e-07,2.477124337780109e-08,3.7180884605082075e-09,4.831507708950156e-09,1.010336876889205e-06,3.6389068894753916e-06,0.0009550324935187082,1.304177559807021e-09,2.3510047571459544e-07,2.4114914694980503e-21,5.1030460699399794e-15
0.0003750538718520682,0.05595639656,0.054,0.0,0.0,0.00043092553327791935,0.8573025155476609,0.0160944304542113,0.004884630697848538,1.617281187314863e-07,0.055269794239820334,0.0,0.02834171306837554,1.4257209204887015e-07,5.905471870576871e-11,4.77681749446243e-07,2.4690340632722432e-08,3.7122918994220886e-09,4.860498628064239e-09,1.008692572762923e-06,3.6330758958247356e-06,0.0009550220052753516,1.3048851001629801e-09,2.3565433388802504e-07,2.4636490306470793e-21,5.103302443847913e-15
0.00037988973878844097,0.05595639656,0.054,0.0,0.0,0.0004302409976130463,0.8572399220207293,0.016218922562535855,0.004926135694975383,1.634396459203062e-07,0.05518680115198834,0.0,0.02834242255935578,1.4234048469249544e-07,5.884979567860818e-11,4.761947386161027e-07,2.4609852506346293e-08,3.706515595999279e-09,4.889280362742e-09,1.0070539903253088e-06,3.627264903983589e-06,0.0009550115362933057,1.3055668236841518e-09,2.362035090483217e-07,2.5160692769599886e-21,5.103557953623651e-15
0.0003847256057248137,0.05595639656,0.054,0.0,0.0,0.0004295587980739481,0.8571775315654896,0.01634301090251134,0.004967506088705882,1.6514167315959672e-07,0.05510407723521754,0.0,0.028343129644621032,1.4210968287968792e-07,5.864598697335383e-11,4.7471502296472304e-07,2.4529776078359494e-08,3.700759439719528e-09,4.917854539846755e-09,1.0054210998504411e-06,3.621473811424608e-06,0.0009550010877796139,1.3062230494951762e-09,2.367480394036525e-07,2.568745805211022e-21,5.103812603390294e-15
0.00038956147266118647,0.05595639656,0.054,0.0,0.0,0.00042887892217553894,0.8571153431478888,0.016466697529515913,0.0050087425636573465,1.6683429182196312e-07,0.055021621119308105,0.0,0.028343834335921345,1.4187968224050596e-07,5.84432843307379e-11,4.7324255311233564e-07,2.4450108455183133e-08,3.6950233209451442e-09,4.946222771190929e-09,1.003793871613828e-06,3.6157025156100847e-06,0.0009549906607208384,1.306854092542925e-09,2.37287962757054e-07,2.6216723491890944e-21,5.104066397314817e-15
0.0003943973395975592,0.05595639656,0.054,0.0,0.0,0.0004282013575306814,0.857053355741117,0.01658998448454329,0.005049845799744661,1.6851759224792774e-07,0.05493943144364929,0.0,0.02834453664509162,1.416504784386772e-07,5.82416795702982e-11,4.717772801144946e-07,2.4370846769588636e-08,3.689307130885469e-09,4.97438665368913e-09,1.0021722759289425e-06,3.6099509141191354e-06,0.0009549802559203886,1.3074602636938491e-09,2.3782331651822813e-07,2.6748427768136786e-21,5.104319339595399e-15
0.00039923320653393197,0.05595639656,0.054,0.0,0.0,0.0004275260918480104,0.8569915683255381,0.016712873794333973,0.005090816472208071,1.7019166375890175e-07,0.054857506857132074,0.0,0.028345236584021737,1.4142206717127082e-07,5.804116458922903e-11,4.703191554560448e-07,2.429198818033087e-08,3.6836107615901757e-09,5.002347769511408e-09,1.000556283178021e-06,3.6042189047549483e-06,0.000954969874030293,1.30804186982351e-09,2.3835413771410562e-07,2.728251087308276e-21,5.104571434450666e-15
0.0004040690734703047,0.05595639656,0.054,0.0,0.0,0.0004268531129300172,0.8569299798886265,0.0168353674715047,0.005131655251643154,1.7185659467005456e-07,0.05477584601806286,0.0,0.028345934164632165,1.4119444416820686e-07,5.784173136129749e-11,4.688681310454367e-07,2.4213529871802808e-08,3.6779341059361446e-09,5.030107686236492e-09,9.989458638370664e-07,3.598506385631896e-06,0.0009549595155773645,1.308599213898896e-09,2.3888046299819234e-07,2.781891408441883e-21,5.104822686110886e-15
0.00040890494040667747,0.05595639656,0.054,0.0,0.0,0.0004261824086713671,0.8568685894249012,0.016957467514675684,0.005172362804032629,1.7351247230304252e-07,0.054694447594078585,0.0,0.028346629398854316,1.4096760519155416e-07,5.7643371935817734e-11,4.6742415920934815e-07,2.4135469053705755e-08,3.6722770576092518e-09,5.0576679570048026e-09,9.973409884956765e-07,3.592813255244661e-06,0.0009549491809843297,1.3091325950540427e-09,2.3940232865882213e-07,2.835757993829858e-21,5.105073098810914e-15
0.0004137408073430502,0.05595639656,0.054,0.0,0.0,0.00042551396705738895,0.8568073959358632,0.017079175908596075,0.005212939790779446,1.7515938299859374e-07,0.05461331026206316,0.0,0.028347322298614547,1.4074154603522214e-07,5.7446078436668565e-11,4.659871926875538e-07,2.405780296073472e-08,3.666639511097096e-09,5.085030120670644e-09,9.95741627872934e-07,3.5871394125236728e-06,0.0009549388705871869,1.3096423086602174e-09,2.399197706265431e-07,2.889845220294874e-21,5.105322676784418e-15
0.00041857667427942297,0.05595639656,0.054,0.0,0.0,0.0004248477761626866,0.8567463984299323,0.01720049462426789,0.005253386868740737,1.767974121289582e-07,0.05453243270806479,0.0,0.0283480128758209,1.405162625245172e-07,5.7249843061345306e-11,4.6455718462796913e-07,2.3980528852274172e-08,3.6610213616772916e-09,5.1121957019534375e-09,9.941477528304836e-07,3.5814847568807763e-06,0.0009549285846498191,1.3101286463922088e-09,2.404328244808937e-07,2.9441475852861437e-21,5.105571424259089e-15
0.0004234125412157957,0.05595639656,0.054,0.0,0.0,0.0004241838241498568,0.8566855959223859,0.017321425619068534,0.0052937046902624876,1.7842664411022113e-07,0.05445181362721436,0.0,0.028348701142351926,1.4029175051566438e-07,5.70546580800425e-11,4.631340885818614e-07,2.3903644012102585e-08,3.6554225054053843e-09,5.139166211587865e-09,9.925593343832376e-07,3.575849188246636e-06,0.0009549183233762896,1.310591896291137e-09,2.4094152545665136e-07,2.9986597043555454e-21,5.105819345452623e-15
0.00042824840815216847,0.05595639656,0.054,0.0,0.0,0.0004235220992683046,0.8566249874352968,0.017441970836871785,0.005333893903214736,1.8004716241446916e-07,0.05437145172364475,0.0,0.028349387110047693,1.4006800589551568e-07,5.6860515834764306e-11,4.617178584992105e-07,2.3827145748106486e-08,3.649842839107635e-09,5.165943146472784e-09,9.909763437078756e-07,3.570232607100494e-06,0.0009549080869209978,1.3110323428240478e-09,2.4144590844958303e-07,3.0533763086891963e-21,5.106066444569481e-15
0.0004330842750885412,0.05595639656,0.054,0.0,0.0,0.0004228625898531437,0.8565645719974742,0.017562132208167273,0.00537395515102724,1.8165904958180215e-07,0.0542913457104112,0.0,0.02835007079070249,1.3984502458116794e-07,5.666740873846192e-11,4.603084487242117e-07,2.3751031392002592e-08,3.6442822603710586e-09,5.192527989818854e-09,9.893987521494585e-07,3.564634914493362e-06,0.0009548978753970031,1.3114502669405712e-09,2.419460080217669e-07,3.1082922426930604e-21,5.106312725798233e-15
0.000437920142024914,0.05595639656,0.054,0.0,0.0,0.0004222052843241646,0.8565043486444034,0.01768191165017861,0.005413889072725342,1.8326238723219033e-07,0.054211494309412536,0.0,0.028350752196058916,1.3962280251958812e-07,5.647532927419305e-11,4.589058139908918e-07,2.3675298299066433e-08,3.6387406675340824e-09,5.218922211294772e-09,9.87826531226595e-07,3.5590560120661707e-06,0.0009548876888829279,1.3118459461272135e-09,2.424418584065687e-07,3.163402461631248e-21,5.106558193309447e-15
0.0004427560089612867,0.05595639656,0.054,0.0,0.0,0.0004215501711848546,0.8564443164181871,0.01780131106698004,0.005453696302965984,1.8485725607717712e-07,0.0541318962513134,0.0,0.028351431337803042,1.394013356873433e-07,5.628426999429958e-11,4.575099094188266e-07,2.3599943847867326e-08,3.633217959679744e-09,5.245127267172014e-09,9.862596526354824e-07,3.5534958020640185e-06,0.0009548775274287464,1.3122196544597122e-09,2.4293349351334933e-07,3.2187020293156884e-21,5.106802851253934e-15
0.0004475918758976595,0.05595639656,0.054,0.0,0.0,0.0004208972390214621,0.8563844743674871,0.01792033234961197,0.005493377472073729,1.864437359314294e-07,0.05405255027546733,0.0,0.028352108227560482,1.3918062009026262e-07,5.6094223519603556e-11,4.5612069050894933e-07,2.3524965440008694e-08,3.627714036626958e-09,5.271144600468119e-09,9.846980882529955e-07,3.5479541873471036e-06,0.0009548673910606325,1.3125716626536007e-09,2.434209469319335e-07,3.274186115846022e-21,5.107046703761318e-15
0.0004524277428340322,0.05595639656,0.054,0.0,0.0,0.00042024647650210534,0.8563248215474673,0.018038977376195007,0.005532933206076796,1.8802190572413264e-07,0.05397345512984061,0.0,0.02835278287689323,1.389606517631142e-07,5.590518253861958e-11,4.547381131394449e-07,2.3450360499873384e-08,3.6222287989225197e-09,5.296975641088422e-09,9.831418101389386e-07,3.542431071398736e-06,0.0009548572797849746,1.3129022381131675e-09,2.4390425193686155e-07,3.3298499953984977e-21,5.107289754938898e-15
0.000457263609770405,0.05595639656,0.054,0.0,0.0,0.0004195978723759131,0.8562653570197359,0.018157248012042885,0.005572364126742983,1.895918435102317e-07,0.05389460957093705,0.0,0.028353455297297186,1.3874142676935338e-07,5.5717139806782047e-11,4.533621335617216e-07,2.3376126474373944e-08,3.616762147834696e-09,5.3226218059661975e-09,9.815907905375912e-07,3.5369263583309045e-06,0.0009548471935917005,1.3132116449788836e-09,2.4438344149145117e-07,3.3856890440627136e-21,5.1075320088707535e-15
0.0004620994767067777,0.05595639656,0.054,0.0,0.0,0.0004189514154721984,0.8562060798522902,0.018275146109774005,0.005611670851615495,1.9115362648151765e-07,0.053816012363723686,0.0,0.028354125500200247,1.3852294120081523e-07,5.55300881456871e-11,4.5199270839645863e-07,2.3302260832707366e-08,3.6113139853453527e-09,5.348084499201275e-09,9.800450018787122e-07,3.5314399528879504e-06,0.0009548371324570443,1.3135001441736176e-09,2.4485854825170824e-07,3.441698737725079e-21,5.1077734696170356e-15
0.0004669353436431505,0.05595639656,0.054,0.0,0.0,0.0004183070946996546,0.8561469891194602,0.018392673509421864,0.005650853994048547,1.9270733097756214e-07,0.05373766228155701,0.0,0.028354793496960705,1.3830519117742264e-07,5.534402044234693e-11,4.506297946297135e-07,2.322876106611353e-08,3.605884214142733e-09,5.373365112197047e-09,9.785044167780954e-07,3.5259717604486834e-06,0.0009548270963458654,1.3137679934476495e-09,2.4532960457009873e-07,3.4978746499978754e-21,5.108014141213417e-15
0.0004717712105795232,0.05595639656,0.054,0.0,0.0,0.0004176648990455756,0.8560880839018539,0.018509832038544238,0.005689914163242807,1.9425303249650128e-07,0.053659558106110374,0.0,0.028355459298866195,1.3808817284694896e-07,5.515892964845646e-11,4.492733496090975e-07,2.315562468763786e-08,3.600472737615406e-09,5.398465023795906e-09,9.769690080377632e-07,3.52052168702723e-06,0.0009548170852135886,1.314015447422689e-09,2.4579664249920796e-07,3.554212450192902e-21,5.108254027670659e-15
0.00048144294445226873,0.05595639656,0.054,0.0,0.0,0.0004163868394304878,0.8559708263658126,0.018743049733708907,0.005767667998160018,1.9732072445169292e-07,0.05350408264322505,0.0,0.02835678436290489,1.376563159934111e-07,5.4791650914909826e-11,4.465796969819714e-07,2.3010432254853818e-08,3.589704285599526e-09,5.4481281961686794e-09,9.73913611775504e-07,3.5096755244660818e-06,0.000954797137668964,1.3144501725760742e-09,2.467187899215694e-07,3.667356858224339e-21,5.1087314610846816e-15
0.0004901475049377396,0.05595639656,0.054,0.0,0.0,0.0004152437447853719,0.8558659199487317,0.018951702204579885,0.005837231908806631,2.0005501757173616e-07,0.05336498367310963,0.0,0.028357969525900223,1.3727010912996205e-07,5.4464371675492854e-11,4.441771121110497e-07,2.2880977341840548e-08,3.5800742914614692e-09,5.4922206325955315e-09,9.711811892445458e-07,3.4999750153152424e-06,0.0009547792697177513,1.3147741651024309e-09,2.4753529524548644e-07,3.769698926784579e-21,5.1091585056982735e-15
0.0004988520654232106,0.05595639656,0.054,0.0,0.0,0.0004141073677683172,0.8557616005838489,0.019159187398213522,0.005906406674299677,2.0276451784313323e-07,0.053226662865942416,0.0,0.02835914774981216,1.368862142861488e-07,5.414015088866366e-11,4.4179483877997294e-07,2.275266210147707e-08,3.5705021008588077e-09,5.535748480132041e-09,9.684651236116456e-07,3.4903317790377735e-06,0.0009547614817186863,1.3150358981967998e-09,2.483392661293542e-07,3.872502330062374e-21,5.109583067673588e-15
0.0005075566259086816,0.05595639656,0.054,0.0,0.0,0.0004129776468987722,0.8556578631292401,0.019365515535794763,0.0059751957018868715,2.054496365134332e-07,0.05308911340785032,0.0,0.028360319097849675,1.3650460996818746e-07,5.381894969493607e-11,4.394326408291432e-07,2.262547278825964e-08,3.5609871748020677e-09,5.578719343271415e-09,9.65765262925885e-07,3.480745290273309e-06,0.0009547437732310961,1.3152367491551106e-09,2.4913087910825634e-07,3.975745020326004e-21,5.110005169477134e-15
0.0005162611863941526,0.05595639656,0.054,0.0,0.0,0.0004118545214646158,0.8555547025047011,0.01957069671585871,0.006043602357946942,2.0811077680666845e-07,0.05295232856672314,0.0,0.028361483632460986,1.361252749544534e-07,5.3500729859031794e-11,4.370902856076694e-07,2.2499395867799974e-08,3.5515289811442104e-09,5.621140704908891e-09,9.630814571314658e-07,3.471215030136211e-06,0.0009547261437908628,1.315378065644023e-09,2.499103078309871e-07,4.079405807113349e-21,5.1104248333068645e-15
0.0005249657468796235,0.05595639656,0.054,0.0,0.0,0.00041073793150972476,0.8554521136907998,0.019774740916166107,0.006111629968610854,2.107483341029708e-07,0.05281630169096322,0.0,0.02836264141533841,1.357481882910774e-07,5.318545375770258e-11,4.347675439094606e-07,2.2374418012863777e-08,3.542126994469337e-09,5.663019928642327e-09,9.604135580450478e-07,3.4617404861397616e-06,0.0009547085929181695,1.3154611664035886e-09,2.506777231169069e-07,4.183464325585552e-21,5.110842081093762e-15
0.0005336703073650945,0.05595639656,0.054,0.0,0.0,0.0004096278178218532,0.8553500917279522,0.019977657995543345,0.006179281820372193,2.1336269611361183e-07,0.05268102620825905,0.0,0.02836379250742504,1.3537332928759895e-07,5.287308436790171e-11,4.324641899110183e-07,2.2250526099518275e-08,3.5327806959825745e-09,5.704364261010722e-09,9.577614193313757e-07,3.4523211521143304e-06,0.0009546911201231844,1.315487341923928e-09,2.514332930107483e-07,4.287901006462091e-21,5.111256934504155e-15
0.0005423748678505655,0.05595639656,0.054,0.0,0.0,0.0004085241219208028,0.8552486317155132,0.020179457695688536,0.006246561160687118,2.1595424305169488e-07,0.05254649562438104,0.0,0.02836493696892274,1.3500067751273792e-07,5.256358525517548e-11,4.301800011103884e-07,2.212770720335065e-08,3.5234895734044973e-09,5.745180833695916e-09,9.551248964773387e-07,3.442956528119958e-06,0.0009546737249100514,1.3154578551073192e-09,2.5217718283606246e-07,4.392697046700752e-21,5.11166941494254e-15
0.0005510794283360365,0.05595639656,0.054,0.0,0.0,0.00040742678604686227,0.8551477288108836,0.02038014964294348,0.006313471198563621,2.1852334779849462e-07,0.0524127035220004,0.0,0.028366074859301264,1.3463021279030623e-07,5.2256920562313576e-11,4.2791475826738715e-07,2.2005948595767815e-08,3.514253120868059e-09,5.785476665679588e-09,9.525038467659451e-07,3.43364612035862e-06,0.0009546564067795736,1.3153739419138585e-09,2.529095552475824e-07,4.4978343812031174e-21,5.112079543554685e-15
0.0005597839888215074,0.05595639656,0.054,0.0,0.0,0.00040633575314949,0.8550473782286353,0.020579743350033083,0.0063800151051402396,2.210703760656387e-07,0.05227964355952967,0.0,0.02836720623730785,1.342619151951312e-07,5.1953054998340907e-11,4.2566824534545986e-07,2.188523774040195e-08,3.505070838814585e-09,5.8252586653367605e-09,9.498981292500038e-07,3.4243894410854206e-06,0.0009546391652311682,1.3152368119824067e-09,2.536305702817746e-07,4.603295656126034e-21,5.112487341231014e-15
0.0005684885493069784,0.05595639656,0.054,0.0,0.0,0.00040525096687622796,0.8549475752396521,0.020778248217772764,0.00644619601425442,2.235956865532508e-07,0.05214730946998427,0.0,0.028368331160976996,1.3389576504905757e-07,5.165195382769226e-11,4.2344024945453184e-07,2.1765562289576084e-08,3.4959422338943957e-09,5.864533632497005e-09,9.473076047251914e-07,3.415186008517513e-06,0.0009546219997643703,1.3150476492408484e-09,2.543403854063466e-07,4.7090642027497854e-21,5.1128928286100914e-15
0.0005771931097924494,0.05595639656,0.054,0.0,0.0,0.0004041723715618296,0.8548483151702856,0.020975673536744902,0.006512017023000662,2.2609963110418e-07,0.052015695059865176,0.0,0.028369449687640425,1.335317429171367e-07,5.1353582859595464e-11,4.2123056079489334e-07,2.1646910080835454e-08,3.4868668188715047e-09,5.903308260469089e-09,9.447321357041229e-07,3.406035346746456e-06,0.0009546049098799696,1.314807612503309e-09,2.550391555691461e-07,4.815124012096933e-21,5.1132960260820186e-15
0.0005858976702779203,0.05595639656,0.054,0.0,0.0,0.00040309991221760324,0.8547495934015267,0.021172028488944637,0.006577481192278663,2.2858255485440692e-07,0.051884794208061615,0.0,0.028370561873937116,1.3316982960379583e-07,5.105790843780943e-11,4.1903897260275214e-07,2.1529269133588174e-08,3.4778441125245118e-09,5.9415891379983075e-09,9.421715863906543e-07,3.3969369856514084e-06,0.0009545878950808421,1.3145178360417228e-09,2.5572703324518894e-07,4.921459711271143e-21,5.1136969537919755e-15
0.0005946022307633913,0.05595639656,0.054,0.0,0.0,0.00040203353452097007,0.8546514053681922,0.021367322149395813,0.006642591547331621,2.3104479637972367e-07,0.05175460086477389,0.0,0.02837166777582341,1.328100061490033e-07,5.076489743052019e-11,4.1686528109667566e-07,2.141262764579866e-08,3.468873639551344e-09,5.979382751195633e-09,9.396258226533519e-07,3.387890460809224e-06,0.0009545709548724973,1.314179430150328e-09,2.564041684827312e-07,5.028056540199736e-21,5.1140956316438576e-15
0.0006033067912488623,0.05595639656,0.054,0.0,0.0,0.000400973184805217,0.8545537465581269,0.021561563487737603,0.006707351078274862,2.334866878387896e-07,0.05162510905045568,0.0,0.02837276744858311,1.324522538247216e-07,5.04745172203896e-11,4.147092854248224e-07,2.1296973990730168e-08,3.4599549304828266e-09,6.016695485441099e-09,9.370947120002908e-07,3.3788953134091226e-06,0.0009545540887634365,1.3137934816993593e-09,2.5707070894917e-07,5.1349003287690486e-21,5.114492079303719e-15
0.0006120113517343333,0.05595639656,0.054,0.0,0.0,0.00039991881004944156,0.8544566125114188,0.021754761369782518,0.006771762740614984,2.359085551126676e-07,0.051496312854775406,0.0,0.028373860946837446,1.3209655413136588e-07,5.018673569498266e-11,4.125707876139124e-07,2.1182296713803068e-08,3.4510875215887712e-09,6.053533627214294e-09,9.34578123554576e-07,3.369951090169991e-06,0.0009545372962654587,1.3133610546608799e-09,2.577267999748661e-07,5.241977475860496e-21,5.114886316203258e-15
0.0006207159122198042,0.05595639656,0.054,0.0,0.0,0.0003988703578686926,0.8543599988196294,0.021946924559046403,0.006835829455759683,2.3831071794093928e-07,0.05136820643559629,0.0,0.028374948324554887,1.3174288879404064e-07,4.990152123733744e-11,4.104495925190297e-07,2.106858452950136e-08,3.4422709547827966e-09,6.089903365898774e-09,9.320759280287168e-07,3.3610573432534228e-06,0.0009545205768938877,1.3128831906328666e-09,2.583725845960617e-07,5.349274928707929e-21,5.115278361543424e-15
0.0006294204727052752,0.05595639656,0.054,0.0,0.0,0.0003978277765042893,0.854263901125037,0.022138061718251143,0.006899554111518534,2.4069349005449193e-07,0.05124078401797463,0.0,0.028376029635060952,1.3139123975919606e-07,4.9618842716613974e-11,4.0834550777389354e-07,2.0955826318306273e-08,3.4335047775461716e-09,6.125810795575123e-09,9.295879977005445e-07,3.3522136301820396e-06,0.0009545039301676804,1.3123609093537762e-09,2.590082035982454e-07,5.456780162180959e-21,5.11566823429771e-15
0.0006381250331907462,0.05595639656,0.054,0.0,0.0,0.000396791014814317,0.8541683151198942,0.022328181410800382,0.0069629395625947915,2.430571793050656e-07,0.05111403989317601,0.0,0.028377104931047725,1.3104158919152202e-07,4.933866947915735e-11,4.062583437429928e-07,2.0844011123756114e-08,3.424788542843195e-09,6.161261916733601e-09,9.27114206390292e-07,3.3434195137621433e-06,0.0009544873556095472,1.3117952091847454e-09,2.596337955570037e-07,5.5644811602174655e-21,5.116055953215487e-15
0.0006468295936762172,0.05595639656,0.054,0.0,0.0,0.00039576002226431115,0.8540732365456983,0.022517292102229088,0.007025988631068501,2.454020877916471e-07,0.05098796841770895,0.0,0.02837817426458336,1.3069391947017345e-07,4.906097133970717e-11,4.0418791347457156e-07,2.07331281495548e-08,3.416121809018294e-09,6.196262637959704e-09,9.246544294359045e-07,3.334674561999817e-06,0.0009544708527460311,1.3111870675986896e-09,2.60249496877879e-07,5.672366397605126e-21,5.116441536825517e-15
0.0006555341541616881,0.05595639656,0.054,0.0,0.0,0.0003947347489181041,0.8539786611924752,0.02270540216162733,0.007088704106871038,2.477285119837977e-07,0.05086256401237581,0.0,0.028379237687121417,1.3034821318537835e-07,4.878571857258815e-11,4.021340326536721e-07,2.062316675667818e-08,3.407504139728307e-09,6.230818777627563e-09,9.222085436700045e-07,3.3259783480226236e-06,0.000954454421107472,1.3105374416594212e-09,2.6085544183764237e-07,5.780424821070021e-21,5.1168250034391204e-15
0.0006642387146471591,0.05595639656,0.054,0.0,0.0,0.000393715145428831,0.8538845848980744,0.0228925198630389,0.007151088748251262,2.5003674284199646e-07,0.050737821161340416,0.0,0.028380295249509992,1.3000445313608938e-07,4.8512881903355105e-11,4.0009651955718835e-07,2.0514116460619933e-08,3.3989351038816107e-09,6.26493606550377e-09,9.197764273987136e-07,3.31733045000829e-06,0.0009544380602280626,1.309847268460221e-09,2.6145176262236163e-07,5.888645832813719e-21,5.11720637115326e-15
0.0006729432751326301,0.05595639656,0.054,0.0,0.0,0.00039270116303012035,0.8537910035474781,0.023078653386835315,0.007213145282233414,2.523270659350824e-07,0.05061373441121211,0.0,0.02838134700200064,1.296626223263321e-07,4.8242432500617605e-11,3.980751950098965e-07,2.040596692869451e-08,3.390414275516929e-09,6.298620144318154e-09,9.173579603778794e-07,3.3087304511038583e-06,0.0009544217696459025,1.3091174655848172e-09,2.620385893641367e-07,5.9970192745980026e-21,5.1175856578539745e-15
0.000681647835618101,0.05595639656,0.054,0.0,0.0,0.00039169275352743274,0.8536979130721225,0.02326381082106559,0.007274876405067094,2.545997615548698e-07,0.050490298370145924,0.0,0.028382392994257384,1.293227039610004e-07,4.79743419677205e-11,3.960698823400163e-07,2.0298707977297867e-08,3.3819412337252736e-09,6.331876571367908e-09,9.149530237909492e-07,3.300177939350181e-06,0.0009544055489028826,1.3083489315547816e-09,2.6261605018083415e-07,6.105535410321117e-21,5.117962881219406e-15
0.000690352396103572,0.05595639656,0.054,0.0,0.0,0.00039068986928954416,0.8536053094492292,0.023448000162782496,0.007336284782669245,2.56855104828015e-07,0.05036750770695844,0.0,0.028383433275365313,1.28984681444611e-07,4.7708582334910436e-11,3.940804073369351e-07,2.0192329569323185e-08,3.373515562647372e-09,6.3647108200221035e-09,9.125615002296808e-07,3.2916725076172393e-06,0.0009543893975447134,1.3075425462208901e-09,2.631842712115713e-07,6.214184911358904e-21,5.1183380587226116e-15
0.000699056956589043,0.05595639656,0.054,0.0,0.0,0.00038969246324020755,0.8535131887011497,0.023631229319345522,0.007397373051058427,2.590933658252071e-07,0.05024535715025926,0.0,0.028384467893839076,1.2864853837889318e-07,4.7445126051759514e-11,3.9210659821019464e-07,2.0086821811655814e-08,3.365136851338985e-09,6.3971282811795645e-09,9.101832736711845e-07,3.283213753526056e-06,0.0009543733151209991,1.3066991712056692e-09,2.637433766499996e-07,6.322958842907303e-21,5.118711207634926e-15
0.000707761517074514,0.05595639656,0.054,0.0,0.0,0.00038870048884995966,0.8534215468947218,0.02381350610970128,0.007458143816781668,2.6131480966775337e-07,0.050123841487597375,0.0,0.028385496897631396,1.2831425855613733e-07,4.718394597930098e-11,3.9014828554733703e-07,1.9982174952570446e-08,3.356804693612005e-09,6.429134264793812e-09,9.078182294564607e-07,3.274801279374993e-06,0.0009543573011850493,1.3058196503236826e-09,2.642934887832101e-07,6.431848647758403e-21,5.119082345028881e-15
0.0007164660775599849,0.05595639656,0.054,0.0,0.0,0.0003877139001280434,0.8533303801406357,0.023994838265641617,0.007518599657333757,2.635196966316293e-07,0.0500029555646225,0.0,0.028386520334141317,1.2798182595818936e-07,4.692501538264733e-11,3.882053022740301e-07,1.9878379379296026e-08,3.3485186881384293e-09,6.460734001288812e-09,9.054662542732096e-07,3.2664346920825436e-06,0.0009543413552938946,1.3049048099154971e-09,2.648347280249595e-07,6.5408461331123304e-21,5.1194514877806966e-15
0.0007251706380454559,0.05595639656,0.054,0.0,0.0,0.00038673265161451173,0.8532396845928112,0.02417523343303999,0.007578743121569302,2.657082822490615e-07,0.04988269428426086,0.0,0.028387538250222118,1.2765122475911858e-07,4.666830792398465e-11,3.862774836159666e-07,1.9775425615707746e-08,3.3402784383971205e-09,6.491932642903262e-09,9.031272361335796e-07,3.2581136031117356e-06,0.0009543254770084276,1.303955459286769e-09,2.653672129447505e-07,6.649943459212821e-21,5.119818652573587e-15
0.0007338751985309269,0.05595639656,0.054,0.0,0.0,0.0003857566983724772,0.8531494564477878,0.02435469917306657,0.007638576730107832,2.678808174077051e-07,0.04976305260590514,0.0,0.0283885506921895,1.2732243931470732e-07,4.641379765516387e-11,3.843646670587879e-07,1.9673304319846534e-08,3.3320835522624865e-09,6.5227352651458556e-09,9.008010643530217e-07,3.249837628396818e-06,0.0009543096658931317,1.3029723911090544e-09,2.658910603068283e-07,6.7591331240772176e-21,5.120183855900638e-15
0.0007425797590163978,0.05595639656,0.054,0.0,0.0,0.0003847859959804497,0.8530596919441221,0.02453324296338237,0.007698102975731813,2.700375484474852e-07,0.0496440255446185,0.0,0.02838955770582942,1.2699545415516642e-07,4.6161459010714426e-11,3.824666923103154e-07,1.9572006281600458e-08,3.323933642166215e-09,6.553146868135033e-09,8.984876295355231e-07,3.2416063882947534e-06,0.0009542939215160749,1.3019563816738166e-09,2.664063851017913e-07,6.868407951383652e-21,5.120547114066924e-15
0.0007512843195018688,0.05595639656,0.054,0.0,0.0,0.00038382050052483864,0.8529703873617982,0.02471087219931298,0.0077573243237777385,2.72178717255156e-07,0.04952560817035201,0.0,0.028390559336405462,1.2667025400074828e-07,4.5911266801313835e-11,3.8058340126535513e-07,1.947152242060549e-08,3.31582832550098e-09,6.583172377825588e-09,8.961868235519195e-07,3.233419507511839e-06,0.0009542782434491632,1.300908191351542e-09,2.6691330057003476e-07,6.977761081519542e-21,5.120908443192756e-15
0.0007599888799873398,0.05595639656,0.054,0.0,0.0,0.0003828601685926303,0.8528815390216461,0.024887594195002263,0.00781624321252084,2.743045613566449e-07,0.04940779560717571,0.0,0.028391555628666732,1.2634682375438084e-07,4.566319620686216e-11,3.7871463796752843e-07,1.9371843783892533e-08,3.3077672237580346e-09,6.6128166474024805e-09,8.938985395185728e-07,3.225276615028724e-06,0.0009542626312677637,1.2998285649890206e-09,2.6741191824197207e-07,7.087185957084149e-21,5.121267859216589e-15
0.0007686934404728108,0.05595639656,0.054,0.0,0.0,0.00038190495726413143,0.8527931432847722,0.02506341618454635,0.007874862053553073,2.7641531400723353e-07,0.049290583032522525,0.0,0.028392546626855274,1.2602514846679258e-07,4.541722276996943e-11,3.768602485732861e-07,1.9272961543629118e-08,3.2997499621492677e-09,6.6420844585616854e-09,8.916226717855768e-07,3.2171773440626117e-06,0.0009542470845506664,1.2987182320377586e-09,2.6790234796936245e-07,7.196676311357027e-21,5.121625377896728e-15
0.0007773980009582817,0.05595639656,0.054,0.0,0.0,0.00038095482410581687,0.8527051965519971,0.025238345323108393,0.00793318323215446,2.785112042796364e-07,0.04917396567644519,0.0,0.028393532374712968,1.2570521336677184e-07,4.517332238966099e-11,3.7502008131964494e-07,1.917486699522513e-08,3.2917761713248858e-09,6.670980522610897e-09,8.89359115915447e-07,3.209121331995837e-06,0.0009542316028805026,1.297577907069256e-09,2.6838469794063556e-07,7.306226161962894e-21,5.121981014814484e-15
0.0007861025614437527,0.05595639656,0.054,0.0,0.0,0.000380009727163389,0.8526176952633051,0.025412388688014504,0.00799120910765864,2.8059245715002967e-07,0.0490579388208856,0.0,0.028394512915489098,1.253870038994732e-07,4.4931471314790176e-11,3.7319398648776056e-07,1.9077551555170672e-08,3.283845486621601e-09,6.69950948180614e-09,8.87107768660842e-07,3.201108220295973e-06,0.0009542161858432149,1.2964082902043712e-09,2.6885907472352926e-07,7.415829797066573e-21,5.122334785377246e-15
0.0007948071219292237,0.05595639656,0.054,0.0,0.0,0.00037906962495497937,0.8525306358973006,0.02558555327983125,0.008048942013812014,2.826592935820827e-07,0.04894249779895665,0.0,0.028395488291947445,1.250705056292063e-07,4.469164613853011e-11,3.713818163684068e-07,1.8981006758776136e-08,3.275957544972872e-09,6.727675910598771e-09,8.848685279566881e-07,3.193137654492119e-06,0.0009542008330279873,1.295210067028992e-09,2.69325583298823e-07,7.525481763786871e-21,5.122686704819677e-15
0.0008035116824146947,0.05595639656,0.054,0.0,0.0,0.0003781344764643103,0.8524440149706765,0.02575784602342473,0.008106384259126452,2.847119306090451e-07,0.048827637994236096,0.0,0.028396458546372585,1.2475570422071452e-07,4.4453823792115046e-11,3.6958342523275585e-07,1.8885224258368695e-08,3.268111988390874e-09,6.755484316600243e-09,8.826412928991066e-07,3.185209284105622e-06,0.0009541855440279157,1.2939839092178244e-09,2.6978432706361185e-07,7.635176864754622e-21,5.123036788206734e-15
0.0008122162429001656,0.05595639656,0.054,0.0,0.0,0.00037720424113395033,0.8523578290376894,0.025929273769002205,0.008163538127226847,2.8675058141394155e-07,0.048713354840072144,0.0,0.028397423720577495,1.2444258564162823e-07,4.42179815374521e-11,3.67798669297408e-07,1.8790195821473008e-08,3.260308467495558e-09,6.78293914185319e-09,8.804259637207104e-07,3.1773227625593236e-06,0.0009541703184391812,1.2927304750743858e-09,2.7023540787707475e-07,7.744910145076316e-21,5.123385050437145e-15
0.0008209208033856366,0.05595639656,0.054,0.0,0.0,0.0003762788788590912,0.8522720746896438,0.02609984329313646,0.008220405877192543,2.887754554079179e-07,0.04859964381890064,0.0,0.028398383855909932,1.2413113605396577e-07,4.3984096963811856e-11,3.660274066909919e-07,1.8695913328663474e-08,3.2525466317615866e-09,6.810044764079669e-09,8.782224417881867e-07,3.1694777471733078e-06,0.0009541551558609962,1.2914504090745237e-09,2.706789261016325e-07,7.85467687986689e-21,5.1237315062439e-15
0.0008296253638711076,0.05595639656,0.054,0.0,0.0,0.0003753583499812535,0.8521867485543863,0.026269561299772568,0.008276989743892417,2.9078675830678757e-07,0.048486500461574066,0.0,0.02839933899325813,1.2382134145837836e-07,4.375214798307596e-11,3.642694974285023e-07,1.8602368771431407e-08,3.2448261288241704e-09,6.8368054975133895e-09,8.760306295819064e-07,3.161673899100509e-06,0.000954140055896771,1.2901443426669324e-09,2.7111498058870935e-07,7.964472574024458e-21,5.12407617019701e-15
0.0008383299243565785,0.05595639656,0.054,0.0,0.0,0.0003744426152812322,0.8521018472958058,0.026438434421217807,0.008333291938315517,2.927846922058295e-07,0.04837392034670145,0.0,0.028400289173059104,1.235131881490802e-07,4.352211281776197e-11,3.6252480337720256e-07,1.8509554250689924e-08,3.2371466248274496e-09,6.863225594071129e-09,8.738504306659942e-07,3.1539108832140645e-06,0.0009541250181525887,1.2888128950913038e-09,2.7154366872678913e-07,8.074292950274857e-21,5.1244190567078475e-15
0.0008470344848420495,0.05595639656,0.054,0.0,0.0,0.0003735316359732139,0.8520173676133453,0.02660646921911642,0.008389314647895869,2.947694556528803e-07,0.04826189909999817,0.0,0.028401234435304176,1.232066631563565e-07,4.329396999938565e-11,3.6079318822339124e-07,1.8417461975638502e-08,3.2295077919248454e-09,6.8893092446225855e-09,8.716817496928335e-07,3.146188368127255e-06,0.0009541100422370997,1.2874566722672262e-09,2.7196508649801126e-07,8.184133934754054e-21,5.124760180028784e-15
0.0008557390453275205,0.05595639656,0.054,0.0,0.0,0.0003726253737002367,0.8519333062415175,0.02677367218540773,0.008445060036830791,2.967412437197525e-07,0.04815043239364813,0.0,0.028402174819542405,1.229017529857243e-07,4.3067698373687445e-11,3.590745174520488e-07,1.832608426072933e-08,3.221909273861798e-09,6.91506057975302e-09,8.695244923860189e-07,3.1385060261455534e-06,0.0009540951277640972,1.2860762678434507e-09,2.723793284402723e-07,8.293991660318435e-21,5.1250995542549355e-15
0.0008644436058129915,0.05595639656,0.054,0.0,0.0,0.0003717237905264169,0.8518496599494331,0.026940049743266022,0.008500530246395719,2.987002480720279e-07,0.04803951594567725,0.0,0.02840311036489171,1.2259844346943788e-07,4.284327707919294e-11,3.573686583134055e-07,1.8235413522839646e-08,3.2143507347453266e-09,6.9404836707994945e-09,8.673785655016283e-07,3.130863533117933e-06,0.000954080274349564,1.284672264640812e-09,2.727864876946412e-07,8.403862456326273e-21,5.125437193330388e-15
0.0008731481662984624,0.05595639656,0.054,0.0,0.0,0.00037082684892891825,0.8517664255403327,0.02710560824802795,0.008555727395253412,3.0064665703729923e-07,0.047929145519333416,0.0,0.02840404111004533,1.222967225676765e-07,4.262068553204162e-11,3.556754797860222e-07,1.8145442283477602e-08,3.206831900112832e-09,6.96558253102836e-09,8.652438768371471e-07,3.123260568470635e-06,0.0009540654816103115,1.2832452323993653e-09,2.731866560868033e-07,8.513742830908288e-21,5.125773111047584e-15
0.0008818527267839334,0.05595639656,0.054,0.0,0.0,0.00036993451179768435,0.8516835998511294,0.02727035398810806,0.008610653579756213,3.025806556718527e-07,0.04781931692247704,0.0,0.028404967093267335,1.2199657894015422e-07,4.239990346200913e-11,3.5399485256472685e-07,1.8056163167001637e-08,3.199352426240462e-09,6.990361116473095e-09,8.631203352234368e-07,3.115696815199229e-06,0.0009540507491703631,1.2817957291030275e-09,2.735799240588252e-07,8.623629478040676e-21,5.126107321045727e-15
0.0008905572872694044,0.05595639656,0.054,0.0,0.0,0.00036904674243077673,0.8516011797519568,0.027434293185890864,0.008665310874246109,3.045024258257939e-07,0.04771002600699,0.0,0.02840588835240662,1.2169799669696832e-07,4.2180910901225005e-11,3.5232664903312677e-07,1.7967568889827477e-08,3.1919118945041915e-09,7.01482332706039e-09,8.610078504816835e-07,3.1081719596988307e-06,0.0009540360766572894,1.2803243037538363e-09,2.739663807167863e-07,8.733519270205044e-21,5.126439836819211e-15
0.0008992618477548754,0.05595639656,0.054,0.0,0.0,0.0003681635045159562,0.8515191621457254,0.027597431998606245,0.008719701331349413,3.064121462067877e-07,0.04760126866818766,0.0,0.028406804924916592,1.2140096170657287e-07,4.196368809651843e-11,3.5067074321301724e-07,1.7879652265339645e-08,3.1845100975144036e-09,7.038973007222861e-09,8.589063334229254e-07,3.1006856917589996e-06,0.0009540214636942402,1.2788314921711816e-09,2.743461139441863e-07,8.843409235650901e-21,5.126770671721303e-15
0.0009070959521917993,0.05595639656,0.054,0.0,0.0,0.00036737243508497394,0.851445687897906,0.027743577637959555,0.008768426275999722,3.081207372127949e-07,0.0475038399133409,0.0,0.028407625863729833,1.2113495021604733e-07,4.176968462351447e-11,3.4919083970736753e-07,1.7801100848054466e-08,3.1778814230574336e-09,7.060443639112174e-09,8.570242725081517e-07,3.0939807893032514e-06,0.0009540083626361168,1.2774701100387305e-09,2.7468219685580794e-07,8.942308032139922e-21,5.127066996904904e-15
0.0009149300566287232,0.05595639656,0.054,0.0,0.0,0.00036658498112709465,0.8513725349744261,0.02788908429933343,0.008816938193998317,3.098198361393655e-07,0.04740683713319382,0.0,0.028408443063089643,1.2087017452356723e-07,4.1577084953627244e-11,3.4772070709251073e-07,1.772308749391969e-08,3.1712835402601014e-09,7.081666918093016e-09,8.551509603396013e-07,3.0873066729010094e-06,0.0009539953092545549,1.2760922073350983e-09,2.750129661329915e-07,9.041202761965443e-21,5.127361980804876e-15
0.0009207844849168734,0.05595639656,0.054,0.0,0.0,0.0003659988616969628,0.8513180762505603,0.027997406896371032,0.008853052951218401,3.110834502375667e-07,0.047334623302720556,0.0,0.028409051330806182,1.2067310527184246e-07,4.143406340940408e-11,3.466284028643768e-07,1.7665136360328428e-08,3.166372924280475e-09,7.097367199073216e-09,8.537567078561126e-07,3.082339072431597e-06,0.0009539855854285066,1.275051935121486e-09,2.7525671771593633e-07,9.115103060107587e-21,5.127581552300003e-15
0.0009266389132050236,0.05595639656,0.054,0.0,0.0,0.0003654147363926063,0.8512637948414294,0.028105376888475194,0.008889050154629385,3.123418837440234e-07,0.04726264453636196,0.0,0.028409657535943152,1.2047672026464495e-07,4.129181235319446e-11,3.455414692417027e-07,1.7607480812899863e-08,3.161479478340851e-09,7.112931958045011e-09,8.523672798974422e-07,3.0773884514620456e-06,0.0009539758879653718,1.2740027933964958e-09,2.754975615257587e-07,9.18899932353495e-21,5.127800383925171e-15
0.0009324933414931737,0.05595639656,0.054,0.0,0.0,0.00036483259466854877,0.8512096898462674,0.02821299606645275,0.00892493040123043,3.135951871191733e-07,0.0471908996402831,0.0,0.028410261689374234,1.202810195774375e-07,4.115032620732742e-11,3.444598699975865e-07,1.7550118803078445e-08,3.1566029093683227e-09,7.128362295239853e-09,8.509826505578592e-07,3.0724547198441314e-06,0.0009539662167552012,1.2729449335077646e-09,2.757355226240531e-07,9.26289085347912e-21,5.12801847955925e-15
0.0009377623269525089,0.05595639656,0.054,0.0,0.0,0.00036431035444290055,0.8511611454451271,0.028309554850633606,0.008957123115176222,3.1471881513237234e-07,0.04712652821288805,0.0,0.028410803682165114,1.201054591101634e-07,4.1023638049806933e-11,3.434909618869451e-07,1.749874226155149e-08,3.1522283017293326e-09,7.142135569771693e-09,8.497405657849932e-07,3.0680287280555744e-06,0.0009539575350294008,1.2719855269873468e-09,2.759472434981612e-07,9.329388621344863e-21,5.128214139535458e-15
0.000938741412342997,0.05595639656,0.054,0.0,0.0,0.0003642134869900905,0.8511521405129276,0.02832746640496215,0.008963094830636604,3.149271577496552e-07,0.04711458737970306,0.0,0.02841090421401798,1.2007289675524045e-07,4.1000164224818086e-11,3.433113896580699e-07,1.748922133586209e-08,3.151416921338865e-09,7.144683090772909e-09,8.495101854507256e-07,3.0672077822085023e-06,0.0009539559241137981,1.2718064931774977e-09,2.759863319789066e-07,9.341744746962189e-21,5.128250432052029e-15
0.0009406995831239732,0.05595639656,0.054,0.0,0.0,0.00036401991666203397,0.8511341452919737,0.028363260393811186,0.008975028553391268,3.153434213666734e-07,0.04709072512605847,0.0,0.02841110510748861,1.2000782835855387e-07,4.095327976633223e-11,3.4295268644657995e-07,1.7470203764285444e-08,3.1497955659217985e-09,7.149767047195646e-09,8.490498228585626e-07,3.065567291774869e-06,0.000953952704466208,1.2714477200678313e-09,2.7606427146999183e-07,9.366456483073793e-21,5.128322956014136e-15
0.0009426577539049494,0.05595639656,0.054,0.0,0.0,0.00036382656544876044,0.8511161695680625,0.028399015611022413,0.00898694935018401,3.1575912435077425e-07,0.04706688871953375,0.0,0.028411305774311155,1.1994283485711474e-07,4.090647938338506e-11,3.425945704103999e-07,1.745121848098939e-08,3.148176080734435e-09,7.154836256229595e-09,8.485899902448187e-07,3.0639286669388153e-06,0.0009539494877269099,1.2710880108044477e-09,2.761418950975377e-07,9.39116751280881e-21,5.128395398666634e-15
0.0009446159246859256,0.05595639656,0.054,0.0,0.0,0.00036363343296447843,0.8510982133082008,0.028434732122190227,0.008998857242881948,3.161742685243893e-07,0.04704307811640066,0.0,0.028411506214883454,1.1987791613455163e-07,4.085976287203991e-11,3.422370402375048e-07,1.7432265414856864e-08,3.1465584626537188e-09,7.1598907578744765e-09,8.481306866627672e-07,3.0622919044052076e-06,0.0009539462738919497,1.2707273707540379e-09,2.762192037729412e-07,9.415877813003045e-21,5.1284677601514115e-15
0.0009465740954669018,0.05595639656,0.054,0.0,0.0,0.0003634405188243137,0.8510802764794713,0.028470409992757163,0.009010752253301627,3.1658885570294945e-07,0.047019293273032274,0.0,0.02841170642960246,1.198130720516304e-07,4.0813130027450554e-11,3.418800946105709e-07,1.7413344490651507e-08,3.144942708188559e-09,7.1649305919963156e-09,8.476719111679008e-07,3.060657000886562e-06,0.0009539430629573218,1.2703658052596084e-09,2.762961984047711e-07,9.440587360821766e-21,5.128540040610047e-15
0.000948532266247878,0.05595639656,0.054,0.0,0.0,0.0003632478226442528,0.8510623590490333,0.028506049288014097,0.009022634403209044,3.1700288769490846e-07,0.04699553414590272,0.0,0.028411906418864315,1.1974830247647176e-07,4.0766580645394485e-11,3.415237322159242e-07,1.7394455633595173e-08,3.1433288140955135e-09,7.169955798334556e-09,8.47213662817826e-07,3.05902395310265e-06,0.0009539398549189909,1.2700033196395323e-09,2.763728798987013e-07,9.465296133756413e-21,5.1286122401838266e-15
0.0009504904370288542,0.05595639656,0.054,0.0,0.0,0.00036305534404120583,0.8510444609841221,0.02854165007310063,0.009034503714319755,3.1741636630177406e-07,0.046971800691587004,0.0,0.02841210618306415,1.196836072779525e-07,4.0720114522415225e-11,3.4116795174449395e-07,1.7375598769355216e-08,3.141716777034004e-09,7.1749664165037055e-09,8.467559406724663e-07,3.0573927577812312e-06,0.0009539366497729509,1.2696399191882424e-09,2.7644924915739894e-07,9.490004109621895e-21,5.1286843590136876e-15
0.0009544067785908065,0.05595639656,0.054,0.0,0.0,0.0003626710380384297,0.8510087228202008,0.028612736372567994,0.009058203906762336,3.1824167053172937e-07,0.04692441062819901,0.0,0.02841250503785361,1.1955443947609516e-07,4.062743124276643e-11,3.404581313521975e-07,1.7337980722554977e-08,3.1384982606929354e-09,7.184944046170829e-09,8.458420712470903e-07,3.054135911476534e-06,0.0009539302481417528,1.2689103948495145e-09,2.7660105456536436e-07,9.539417583006855e-21,5.128828355003719e-15
0.0009583231201527588,0.05595639656,0.054,0.0,0.0,0.00036228759776990967,0.8509730617271026,0.02868366940926987,0.009081853003351606,3.1906478266718084e-07,0.046877122737472326,0.0,0.028412902997112587,1.1942556758948918e-07,4.053507857298935e-11,3.3975062303349263e-07,1.7300489759061465e-08,3.1352871327251466e-09,7.194863795434275e-09,8.449302954176706e-07,3.0508864359548318e-06,0.0009539238580320757,1.2681772741227766e-09,2.767516217924068e-07,9.588827609864376e-21,5.1289720297007415e-15
0.0009622394617147111,0.05595639656,0.054,0.0,0.0,0.00036190502020413436,0.8509374774454252,0.028754449698927338,0.009105451176013298,3.19885716873364e-07,0.046829936675603916,0.0,0.028413300063967944,1.1929699056709118e-07,4.044305490753932e-11,3.3904541644776724e-07,1.7263125291223778e-08,3.1320833668019007e-09,7.2047259767579744e-09,8.440206057462185e-07,3.047644305322889e-06,0.0009539174794123054,1.2674405985090395e-09,2.769009579561064e-07,9.638234024086881e-21,5.129115384220083e-15
0.0009661558032766634,0.05595639656,0.054,0.0,0.0,0.0003615233023239246,0.8509019697169612,0.028825077754885717,0.009128998595881253,3.207044872073331e-07,0.046782852100374556,0.0,0.028413696241531915,1.1916870736187232e-07,4.0351358650707125e-11,3.3834250131332455e-07,1.7225886734828218e-08,3.1288869367269542e-09,7.214530900644231e-09,8.431129948302451e-07,3.044409493809718e-06,0.0009539111122507908,1.2667004091330849e-09,2.770490701280464e-07,9.6876366644861e-21,5.12925841967188e-15
0.0009700721448386157,0.05595639656,0.054,0.0,0.0,0.00036114244112644067,0.8508665382846916,0.028895554088128123,0.009152495433301888,3.215211076189011e-07,0.04673586867113972,0.0,0.02841409153290201,1.1904071693327274e-07,4.025998821656757e-11,3.376418674070363e-07,1.718877350909294e-08,3.1256978164335375e-09,7.22427887565082e-09,8.422074553028607e-07,3.0411819757669707e-06,0.0009539047565159824,1.265956746748022e-09,2.7719596533429346e-07,9.737035374708459e-21,5.129401137161047e-15
0.0009779048279625203,0.05595639656,0.054,0.0,0.0,0.0003603832768399829,0.8507959032865614,0.029036053618670194,0.009199338038277428,3.231479539435232e-07,0.046642203895893616,0.0,0.028414879469376677,1.1878561026514648e-07,4.007821852127851e-11,3.3624740267753743e-07,1.7114920743536154e-08,3.119341401530687e-09,7.243605203625106e-09,8.404025611246114e-07,3.034748718113789e-06,0.0009538920792010511,1.2644591641293751e-09,2.774861327288979e-07,9.835820402892053e-21,5.129685622644911e-15
0.000985737511086425,0.05595639656,0.054,0.0,0.0,0.0003596275036074112,0.8507255704183889,0.029175952331699725,0.009245980338137023,3.2476636533646564e-07,0.04654893965585422,0.0,0.02841566389787745,1.185316623325237e-07,3.9897733327631645e-11,3.3486194163272225e-07,1.7041562416156476e-08,3.1130139160423137e-09,7.262707390816438e-09,8.386058649860817e-07,3.0283443296222868e-06,0.0009538794472183233,1.262948169390293e-09,2.7777151545269884e-07,9.934587951418214e-21,5.129968849406469e-15
0.0009935701942103295,0.05595639656,0.054,0.0,0.0,0.0003588750979163973,0.8506555376661008,0.02931525423144707,0.009292423667771811,3.2637644963042314e-07,0.04645607328161981,0.0,0.02841644484265824,1.1827886498468755e-07,3.9718520293784276e-11,3.3348540455887123e-07,1.6968694001984843e-08,3.1067151559003685e-09,7.281587837163359e-09,8.368173092208094e-07,3.0219686094775936e-06,0.0009538668603204894,1.2614240755485138e-09,2.780521681125702e-07,1.0033336935300703e-20,5.130250826098331e-15
0.0009999999999999998,0.05595639656,0.054,0.0,0.0,0.0003582599527528563,0.8505982710690806,0.029429163124809032,0.009330400960810257,3.2769200999799357e-07,0.046380135291893054,0.0,0.028417083329088613,1.1807219930414936e-07,3.957234753152876e-11,3.323620271613019e-07,1.6909239735372266e-08,3.1015658655896497e-09,7.2969226317149344e-09,8.353551375960487e-07,3.0167561027803916e-06,0.000953856561329136,1.2601633816164163e-09,2.782790570602341e-07,1.0114384833691688e-20,5.130481370936425e-15
0.001001402877334234,0.05595639656,0.054,0.0,0.0,0.0003581260364764081,0.8505858030339803,0.029453963285656165,0.009338669349910374,3.279783130302961e-07,0.046363602128111886,0.0,0.028417222327745174,1.1802721014811591e-07,3.9540567227756244e-11,3.321177126420223e-07,1.6896311028707317e-08,3.100444918987887e-09,7.300248912837766e-09,8.350368367127901e-07,3.0156213587619063e-06,0.0009538543182615939,1.2598871900043805e-09,2.7832814461936025e-07,1.0132066339334888e-20,5.130531561292292e-15
0.0010092355604581387,0.05595639656,0.054,0.0,0.0,0.00035738029621611085,0.850516364544455,0.029592083426006322,0.009384718695259189,3.295720601413386e-07,0.04627152357429418,0.0,0.028417996376938977,1.1777668982698154e-07,3.936386208524491e-11,3.307587879556747e-07,1.6824409075916883e-08,3.094203005125073e-09,7.3186929586763965e-09,8.332643908901458e-07,3.0093023804328964e-06,0.000953841820797271,1.2583378146457273e-09,2.785994981981967e-07,1.0230775215720623e-20,5.130811063480152e-15
0.0010170682435820433,0.05595639656,0.054,0.0,0.0,0.0003566378542810787,0.850447220237887,0.029729618548528396,0.009430573002641166,3.3115779399678477e-07,0.046179835022895084,0.0,0.028418767013816997,1.1752729610125991e-07,3.918839296751479e-11,3.294085534488918e-07,1.6752983774399888e-08,3.0879892160384737e-09,7.336922286614635e-09,8.314999157197047e-07,3.003011479305376e-06,0.0009538293676851139,1.256776245953155e-09,2.7886628139900034e-07,1.0329462681763088e-20,5.13108934107445e-15
0.001024900926705948,0.05595639656,0.054,0.0,0.0,0.0003558986880312851,0.850378368172366,0.02986657251401625,0.00947623355913281,3.3273561608497094e-07,0.046088533900133434,0.0,0.028419534261735723,1.17279021125989e-07,3.9014148119294165e-11,3.280669329344317e-07,1.6682030805420266e-08,3.0818033553418386e-09,7.354939180104002e-09,8.297433557006896e-07,2.9967484620297582e-06,0.0009538169586846576,1.2552027751006838e-09,2.7912854610643187e-07,1.0428127917647086e-20,5.1313664024093345e-15
0.0010327336098298525,0.05595639656,0.054,0.0,0.0,0.0003551627750383996,0.8503098064235056,0.030002949148432666,0.009521701640199625,3.343056263759267e-07,0.045997617655447895,0.0,0.028420298143833837,1.1703185713076567e-07,3.884111592665277e-11,3.2673385107679546e-07,1.661154590000369e-08,3.0756452285144885e-09,7.3727458945209055e-09,8.279946558577441e-07,2.990513137068172e-06,0.0009538045935571319,1.253617688052646e-09,2.793863435494703e-07,1.0526770164281806e-20,5.131642255741644e-15
0.001040566292953757,0.05595639656,0.054,0.0,0.0,0.00035443009308317136,0.8502415330842411,0.0301387522433091,0.009566978509829417,3.358679233474348e-07,0.04590708376123043,0.0,0.02842105868303496,1.1678579641835999e-07,3.8669284914926395e-11,3.2540923338051713e-07,1.6541524838233725e-08,3.0695146428747695e-09,7.3903446575691974e-09,8.262537617342843e-07,2.9843053146717166e-06,0.000953792272065354,1.2520212656588073e-09,2.796397243108879e-07,1.0625388721212269e-20,5.1319169092518874e-15
0.0010483989760776617,0.05595639656,0.054,0.0,0.0,0.00035370062015300087,0.8501735462646329,0.03027398555613951,0.009612065420663528,3.3742260401057715e-07,0.045816929712563806,0.0,0.028421815902050097,1.1654083136402056e-07,3.8498643746706435e-11,3.240930061788012e-07,1.6471963448569457e-08,3.063411407560456e-09,7.407737669678229e-09,8.245206193864925e-07,2.978124806859972e-06,0.0009537799939738104,1.250413783749176e-09,2.7988873833672617e-07,1.0723982944596479e-20,5.132190371045106e-15
0.0010562316592015663,0.05595639656,0.054,0.0,0.0,0.0003529743344395783,0.8501058440916691,0.030408652810768887,0.009656963614126289,3.3896976393479505e-07,0.04572715302696257,0.0,0.02842256982337991,1.1629695441478062e-07,3.832918121987177e-11,3.2278509662237794e-07,1.640285760717684e-08,3.0573353335076658e-09,7.4249271043947165e-09,8.227951753774736e-07,2.9719714274010573e-06,0.000953767759048726,1.2487955132269769e-09,2.801334349456405e-07,1.0822552245246435e-20,5.1324626491516575e-15
0.001064064342325471,0.05595639656,0.054,0.0,0.0,0.0003522512143364845,0.8500384247090736,0.030542757697776507,0.009701674320552798,3.40509497272471e-07,0.045637751244117584,0.0,0.028423320469317257,1.160541580883296e-07,3.816088626563881e-11,3.2148543266846025e-07,1.633420323726567e-08,3.0512862334275995e-09,7.441915108767145e-09,8.210773767712176e-07,2.965844991791013e-06,0.0009537555670580339,1.2471667201592211e-09,2.803738628380112e-07,1.0921096086731109e-20,5.132733751528145e-15
0.0010718970254493755,0.05595639656,0.054,0.0,0.0,0.0003515312384367812,0.8499712862771164,0.030676303874854004,0.00974619875931495,3.4204189678303824e-07,0.04554872192564392,0.0,0.028424067861949693,1.1581243497231401e-07,3.7993747946634166e-11,3.201939430698256e-07,1.62659963084352e-08,3.045263921786809e-09,7.458703803723261e-09,8.193671711265015e-07,2.9597453172329397e-06,0.0009537434177712997,1.2455276658650371e-09,2.8061007010485565e-07,1.1019613983539066e-20,5.1330036860582756e-15
0.00107972970857328,0.05595639656,0.054,0.0,0.0,0.00035081438553065945,0.8499044269724247,0.03080929496717807,0.009790538138945698,3.435670538566239e-07,0.04546006265483249,0.0,0.028424812023161914,1.155717777235846e-07,3.7827755455005485e-11,3.1891055736410023e-07,1.619823283603214e-08,3.039268214786235e-09,7.475295284441599e-09,8.176645064909825e-07,2.9536722226168073e-06,0.0009537313109596986,1.2438786070024923e-09,2.808421042366214e-07,1.111810549929883e-20,5.1332724605537246e-15
0.0010875623916971847,0.05595639656,0.054,0.0,0.0,0.00035010063460315355,0.8498378449878,0.03094173456777801,0.00983469365726154,3.450850585372384e-07,0.045371771036404954,0.0,0.028425552974638068,1.153321790671845e-07,3.766289811057141e-11,3.1763520586324807e-07,1.613090888052052e-08,3.0332989303395786e-09,7.491691620717274e-09,8.159693313954985e-07,2.947625528499986e-06,0.0009537192463960314,1.2422197956539635e-09,2.810700121318659e-07,1.1216570245055135e-20,5.1335400827549675e-15
0.0010953950748210893,0.05595639656,0.054,0.0,0.0,0.00034938996483188824,0.8497715385320325,0.031073626237898222,0.009878666501483356,3.4659599954552404e-07,0.04528384469627208,0.0,0.028426290737864027,1.1509363179567532e-07,3.7499165359002146e-11,3.16367819643227e-07,1.6064020546862216e-08,3.027355888054386e-09,7.507894857321785e-09,8.142815948484373e-07,2.9416050570879944e-06,0.0009537072238547259,1.240551479409825e-09,2.8129384010579167e-07,1.1315007877599464e-20,5.13380656033207e-15
0.001103227757944994,0.05595639656,0.054,0.0,0.0,0.0003486823555848375,0.8497055058297248,0.031204973507355793,0.009922457848355585,3.480999643010694e-07,0.04519628128129546,0.0,0.028427025334129753,1.1485612876839815e-07,3.733654677002646e-11,3.1510833053378735e-07,1.5997563983906422e-08,3.0214389092119605e-09,7.52390701435672e-09,8.126012463301057e-07,2.9356106322152543e-06,0.0009536952431118129,1.2388739014502748e-09,2.815136338986172e-07,1.1413418097853047e-20,5.1340719008855286e-15
0.001118893124192803,0.05595639656,0.054,0.0,0.0,0.00034727623707384557,0.8495742546618931,0.031466048808513454,0.010009500705346515,3.510873083568597e-07,0.04502223391761168,0.0,0.028428485109974214,1.1438422721240768e-07,3.7014610968523325e-11,3.126127746746031e-07,1.586593098134294e-08,3.0096824352285013e-09,7.555366048855164e-09,8.092625136273647e-07,2.9236992254566047e-06,0.0009536714061331635,1.2354919115347107e-09,2.8194129907616684e-07,1.1610155316399413e-20,5.134599200980388e-15
0.0011329919538158313,0.05595639656,0.054,0.0,0.0,0.00034602099424607604,0.8494570473543758,0.03169918950932136,0.010087230150425485,3.537529103424289e-07,0.04486680930835811,0.0,0.028429788286879074,1.1396301682980844e-07,3.6728577025018076e-11,3.103931137170823e-07,1.57489001776001e-08,2.999188986281612e-09,7.583045460522035e-09,8.062824239074464e-07,2.9130663039309773e-06,0.0009536500935881372,1.2324187976375627e-09,2.8231284821849003e-07,1.1787122911745522e-20,5.1350699572966195e-15
0.0011470907834388597,0.05595639656,0.054,0.0,0.0,0.00034477535511719294,0.8493407001012069,0.0319306198480709,0.010164389378249464,3.5639721162350914e-07,0.04471252491365054,0.0,0.028431081525215583,1.1354508171330274e-07,3.6445996243519196e-11,3.081980126212203e-07,1.5633210361189972e-08,2.988777277888663e-09,7.610136099650225e-09,8.033255067101404e-07,2.902515105940269e-06,0.0009536289130581133,1.2293192644716915e-09,2.8267201254270986e-07,1.1963998896341619e-20,5.135537144762652e-15
0.0011611896130618881,0.05595639656,0.054,0.0,0.0,0.00034353920596006066,0.8492252030971175,0.032160359319674224,0.010240984887908174,3.590206777775127e-07,0.04455936773727871,0.0,0.028432364942353718,1.1313038252939316e-07,3.616681205488207e-11,3.060270997871286e-07,1.5518840582137664e-08,2.9784463257423626e-09,7.636648899991574e-09,8.003914837569605e-07,2.892044660551962e-06,0.0009536078632928179,1.2261945810092433e-09,2.830190390694928e-07,1.2140782926542806e-20,5.136000805291781e-15
0.0011752884426849165,0.05595639656,0.054,0.0,0.0,0.0003423124348777668,0.849110546689285,0.032388427116017755,0.010317023077475949,3.6162376236326e-07,0.04440732498504199,0.0,0.028433638653779167,1.1271888058570477e-07,3.589096905921243e-11,3.038800107677064e-07,1.5405770305745845e-08,2.9681951616107263e-09,7.662594562622332e-09,7.974800813025889e-07,2.8816540124934775e-06,0.0009535869430576903,1.223045975924811e-09,2.8335416940590977e-07,1.2317475009349754e-20,5.136460980127866e-15
0.001189387272307945,0.05595639656,0.054,0.0,0.0,0.00034109493176632914,0.8489967213743226,0.03261484213194282,0.010392510246005316,3.642069072766215e-07,0.0442563840607624,0.0,0.02843490277313168,1.1231053781756122e-07,3.561841299665893e-11,3.017563881010459e-07,1.5293979402597137e-08,2.958022833003192e-09,7.68798356172689e-09,7.945910300414962e-07,2.8713422218326297e-06,0.0009535661511336182,1.2198746388932293e-09,2.8367763988221496e-07,1.2494075479289184e-20,5.136917709858943e-15
0.0012034861019309733,0.05595639656,0.054,0.0,0.0,0.0003398865882783387,0.8488837177953439,0.03283962297108102,0.010467452595472144,3.6677054309414e-07,0.04410653256239452,0.0,0.0284361574122424,1.119053167743103e-07,3.534909071923691e-11,2.996558811483162e-07,1.5183448138894264e-08,2.947928402842016e-09,7.71282615017477e-09,7.917240650169626e-07,2.8611083636661304e-06,0.0009535454863166978,1.2166817218302907e-09,2.839896816836103e-07,1.2670584977200217e-20,5.137371034430362e-15
0.0012175849315540018,0.05595639656,0.054,0.0,0.0,0.00033868729778749687,0.8487715267390943,0.033062787951551806,0.010541856232674833,3.693150894053538e-07,0.04395775827822737,0.0,0.028437402681170315,1.115031806078544e-07,3.508295016327868e-11,2.9757814593521807e-07,1.5074157167015197e-08,2.937910949155216e-09,7.737132364981834e-09,7.888789255323453e-07,2.8509515278156927e-06,0.0009535249474180152,1.213468340105073e-09,2.84290520979321e-07,1.2847004429646242e-20,5.137820993157678e-15
0.0012316837611770302,0.05595639656,0.054,0.0,0.0,0.00033749695535403493,0.8486601391331553,0.033284355111522154,0.010615727171087585,3.718409551339102e-07,0.04381004918317801,0.0,0.028438638688237722,1.1110409306064623e-07,3.481994032266349e-11,2.955228449976562e-07,1.4966087516325723e-08,2.927969564769676e-09,7.760912032623225e-09,7.860553550645759e-07,2.840870818531861e-06,0.0009535045332634262,1.2102355737099556e-09,2.8458037904819604e-07,1.3023335029282686e-20,5.138267624739272e-15
0.0012457825908000586,0.05595639656,0.054,0.0,0.0,0.00033631545769097134,0.8485495460432122,0.0335043422146351,0.010689071332669924,3.743485388481017e-07,0.04366339343517273,0.0,0.02843986554006498,1.1070801845197093e-07,3.456001122306848e-11,2.9348964723278324e-07,1.48592205843231e-08,2.9181033569990038e-09,7.784174774138268e-09,7.832531011797849e-07,2.8308653542049504e-06,0.0009534842426933294,1.2069844683748436e-09,2.8485947239916906e-07,1.3199578217175078e-20,5.138710967268565e-15
0.001259881420423087,0.05595639656,0.054,0.0,0.0,0.0003351427031311778,0.8484397386703872,0.033722766755310565,0.010761894549633678,3.7683822906123917e-07,0.04351777937161337,0.0,0.028441083341604303,1.1031492166756555e-07,3.43031138967321e-11,2.9147822775306876e-07,1.4753538127960428e-08,2.9083114473615427e-09,7.806930010140393e-09,7.804719154509308e-07,2.820934267082738e-06,0.00095346407456244,1.2037160366602308e-09,2.85128012889522e-07,1.3375735665490502e-20,5.139151058245964e-15
0.0012739802500461154,0.05595639656,0.054,0.0,0.0,0.00033397859159523744,0.8483307083486332,0.033939645963922835,0.010834202566168844,3.7931040452227e-07,0.04337319550592565,0.0,0.028442292196172794,1.099247681499252e-07,3.404920035785011e-11,2.8948826774383743e-07,1.4649022255182954e-08,2.898592971304655e-09,7.829186965709698e-09,7.777115533774438e-07,2.8110767029951532e-06,0.0009534440277395687,1.2004312590130567e-09,2.853862078405383e-07,1.3551809260726186e-20,5.139587934590639e-15
0.0012880790796691438,0.05595639656,0.054,0.0,0.0,0.00033282302456008204,0.8482224465421911,0.03415499681185729,0.010906001040129192,3.8176543449694313e-07,0.043229630524188385,0.0,0.02844349220548472,1.095375238837654e-07,3.379822357903588e-11,2.875194543263243e-07,1.4545655416803975e-08,2.888947077901292e-09,7.850954675066413e-09,7.749717743068713e-07,2.801291821085718e-06,0.0009534241011074174,1.1971310847673194e-09,2.856342601476276e-07,1.3727801089073297e-20,5.14002163265186e-15
0.0013021779092921722,0.05595639656,0.054,0.0,0.0,0.0003316759050283739,0.8481149448431033,0.034368836016449536,0.010977295544678667,3.8420367903984365e-07,0.04308707328184065,0.0,0.028444683469682895,1.091531553855084e-07,3.3550137468195424e-11,2.855714804232932e-07,1.4443420398530832e-08,2.8793729295846716e-09,7.872241986167315e-09,7.722523413583569e-07,2.79157879354906e-06,0.0009534042935623679,1.193816433131745e-09,2.858723683886282e-07,1.390371342196759e-20,5.1404521882201055e-15
0.0013162767389152006,0.05595639656,0.054,0.0,0.0,0.0003305371374986122,0.8480081949687865,0.03458118004581017,0.011048091569899696,3.86625489257627e-07,0.04294551280046561,0.0,0.028445866087369504,1.0877162969817013e-07,3.330489684585435e-11,2.8364404462725243e-07,1.4342300313152094e-08,2.8698697019183225e-09,7.89305756522335e-09,7.69553021347948e-07,2.781936805374867e-06,0.0009533846040142769,1.190488194142817e-09,2.8610072693068707e-07,1.407954870162155e-20,5.140879636538026e-15
0.001330375568538229,0.05595639656,0.054,0.0,0.0,0.0003294066279359603,0.8479021887596601,0.0347920451235384,0.011118394524364424,3.890312075637841e-07,0.04280493826464809,0.0,0.02844704015563599,1.0839291437595923e-07,3.3062457423628515e-11,2.8173685107448177e-07,1.424227859308245e-08,2.8604365832967033e-09,7.913409900979967e-09,7.668735847157713e-07,2.7723650540981753e-06,0.0009533650313862725,1.1871472295630752e-09,2.8631952603097844e-07,1.425530952897074e-20,5.141304012311008e-15
0.0013444743981612575,0.05595639656,0.054,0.0,0.0,0.0003282842837437561,0.8477969181768283,0.03500144723332777,0.011188209736669981,3.9142116792525e-07,0.042665339018904305,0.0,0.02844820577009241,1.0801697746918839e-07,3.282277578304487e-11,2.7984960932130196e-07,1.4143338983029895e-08,2.8510727746674455e-09,7.93330730893141e-09,7.64213805454871e-07,2.7628627495550426e-06,0.0009533455746145593,1.1837943737777195e-09,2.865289519356781e-07,1.443099865174899e-20,5.1417253497174774e-15
0.0013585732277842859,0.05595639656,0.054,0.0,0.0,0.00032717001373567026,0.8476923752998166,0.03520940212346666,0.011257542456938729,3.937956961011426e-07,0.042526704564681585,0.0,0.02844936302489603,1.0764378752744748e-07,3.2585809354570696e-11,2.779820342218247e-07,1.4045465532763966e-08,2.841777489375081e-09,7.952757935506093e-09,7.615734610416829e-07,2.7534291136440824e-06,0.0009533262326482142,1.1804304346536417e-09,2.8672918697919585e-07,1.4606618951829272e-20,5.142143682419154e-15
0.0013726720574073143,0.05595639656,0.054,0.0,0.0,0.0003260637281085475,0.8475885523243573,0.03541592531123648,0.011326397858284317,3.9615510987390333e-07,0.04238902455742645,0.0,0.028450512012779216,1.0727331358832945e-07,3.23515163979074e-11,2.7613384581198516e-07,1.3948642590277501e-08,2.832549952889565e-09,7.971769761989474e-09,7.589523323683064e-07,2.74406338009414e-06,0.0009533070044490024,1.1770561943434454e-09,2.8692040967641635e-07,1.4782173435350484e-20,5.142559043570877e-15
0.0013867708870303427,0.05595639656,0.054,0.0,0.0,0.00032496533841588915,0.8474854415602285,0.0356210320872102,0.0113947810382446,3.984997192731087e-07,0.042252288803718986,0.0,0.02845165282507673,1.0690552514617125e-07,3.211985598263802e-11,2.743047691957446e-07,1.385285479504065e-08,2.823389402436627e-09,7.990350608381408e-09,7.563502036763001e-07,2.7347647942367995e-06,0.0009532878889911999,1.1736724101074226e-09,2.8710279481273314e-07,1.4957665223100194e-20,5.142971465830184e-15
0.001400869716653371,0.05595639656,0.054,0.0,0.0,0.0003238747575418859,0.8473830354291392,0.03582473751945386,0.011462697020182174,4.008298267922116e-07,0.04211648725847198,0.0,0.028452785551752437,1.065403921632984e-07,3.189078796874586e-11,2.7249453443130606e-07,1.3758087071276762e-08,2.8142950869308993e-09,8.008508137289096e-09,7.537668624918645e-07,2.7255326127838965e-06,0.0009532688852613812,1.1702798150854049e-09,2.8727651353671556e-07,1.5133097539219005e-20,5.143380981366907e-15
0.0014149685462763995,0.05595639656,0.054,0.0,0.0,0.00032279189967609275,0.8472813264626623,0.03602705645763376,0.011530150754653488,4.031457275984627e-07,0.04198161002219289,0.0,0.02845391028142527,1.0617788508554091e-07,3.1664272988527795e-11,2.7070287642422095e-07,1.3664324621709554e-08,2.8052662668670376e-09,8.02624985752575e-09,7.51202099562764e-07,2.7163661036111177e-06,0.0009532499922582451,1.166879119008916e-09,2.874417334448468e-07,1.5308473703119953e-20,5.143787621872329e-15
0.001429067375899428,0.05595639656,0.054,0.0,0.0,0.0003217166802887717,0.8471803073002149,0.0362280035370317,0.011597147120747294,4.054477097362507e-07,0.04184764733830714,0.0,0.028455027101394657,1.0581797477664166e-07,3.1440272429006057e-11,2.6892953482300073e-07,1.3571552921362474e-08,2.7963022137112046e-09,8.043583127630634e-09,7.486557087967868e-07,2.7072645455463523e-06,0.0009532312089924784,1.1634710089693918e-09,2.8759861866273025e-07,1.5483797122072728e-20,5.144191418568067e-15
0.0014431662055224563,0.05595639656,0.054,0.0,0.0,0.00032064901610664634,0.8470799706870833,0.036427593182470755,0.011663690927393276,4.0773605432409027e-07,0.041714589590541085,0.0,0.02845613609766543,1.0546063250656399e-07,3.1218748413768135e-11,2.671742539128013e-07,1.3479757711235167e-08,2.7874022097721744e-09,8.06051515950806e-09,7.461274872012346e-07,2.6982272281618086e-06,0.0009532125344865262,1.1600561501094172e-09,2.8774732993223114e-07,1.5659071280875653e-20,5.144592402215064e-15
0.0014572650351454847,0.05595639656,0.054,0.0,0.0,0.0003195888250891774,0.8469803094724914,0.03662583961215384,0.011729786914641667,4.1001103574547777e-07,0.04158242730036297,0.0,0.02845723735497222,1.0510583005457086e-07,3.099966378622597e-11,2.6543678251662355e-07,1.3388924992631608e-08,2.7785655486627526e-09,8.0770530217314e-09,7.436172348239402e-07,2.689253451571645e-06,0.0009531939677743863,1.1566351862351786e-09,2.8788802468980706e-07,1.5834299735167704e-20,5.1449906031222135e-15
0.0014713638647685131,0.05595639656,0.054,0.0,0.0,0.0003185360264057001,0.8468813166077117,0.03682275684141765,0.011795439754914514,4.122729218338274e-07,0.041451151124480466,0.0,0.02845833095680284,1.0475353962532908e-07,3.0782982093757496e-11,2.6371687390002245e-07,1.329904102153218e-08,2.7697915344305926e-09,8.09320364273931e-09,7.411247546962104e-07,2.680342526235596e-06,0.0009531755079015739,1.1532087405588897e-09,2.880208571386377e-07,1.6009486106224617e-20,5.145386051154472e-15
0.0014854626943915416,0.05595639656,0.054,0.0,0.0,0.0003174905404128795,0.8467829851442195,0.03701835868640356,0.011860654054229428,4.145219740516867e-07,0.041320751852393645,0.0,0.028459416985421745,1.0440373367695131e-07,3.056866757086978e-11,2.620142856714273e-07,1.3210092302466497e-08,2.761079480553885e-09,8.108973814264395e-09,7.386498527765158e-07,2.671493772765367e-06,0.0009531571539249009,1.1497774163203338e-09,2.8814597833135687e-07,1.6184634071257113e-20,5.1457787757413305e-15
0.00149956152401457,0.05595639656,0.054,0.0,0.0,0.00031645228863220554,0.8466853082318837,0.03721265876764802,0.011925434353396495,4.1675844766443854e-07,0.041191220404001236,0.0,0.028460495521893062,1.0405638518076445e-07,3.035668512341772e-11,2.6032877969028274e-07,1.3122065583375017e-08,2.752428711632843e-09,8.124370194364984e-09,7.361923378947107e-07,2.6627065217331597e-06,0.0009531389049120972,1.146341797273646e-09,2.8826353624324566e-07,1.6359747357662616e-20,5.14616880588507e-15
0.0015136603536375984,0.05595639656,0.054,0.0,0.0,0.00031542119372873935,0.8465882791172035,0.03740567051359506,0.011989785129189006,4.1898259190867364e-07,0.04106254782725897,0.0,0.028461566646102082,1.0371146775575994e-07,3.014700031423161e-11,2.586601219806526e-07,1.3034947850840013e-08,2.7438385634365215e-09,8.139399310293013e-09,7.33752021699035e-07,2.65398011348911e-06,0.0009531207599419206,1.142902448440258e-09,2.883736758342677e-07,1.6534829740163387e-20,5.1465561701680586e-15
0.0015277591832606268,0.05595639656,0.054,0.0,0.0,0.0003143971794907216,0.8464918911415761,0.037597407164032114,0.012053710795488733,4.211946501554044e-07,0.04093472529588966,0.0,0.028462630436776628,1.0336895501927483e-07,2.993957934803405e-11,2.5700808263776046e-07,1.294872632385669e-08,2.7353083787779324e-09,8.15406756178222e-09,7.313287186049518e-07,2.6453138979854773e-06,0.0009531027181042203,1.139459916686777e-09,2.8847653912901963e-07,1.6709885031464395e-20,5.146940896760545e-15
0.0015418580128836552,0.05595639656,0.054,0.0,0.0,0.0003133801708078525,0.8463961377396082,0.03778788177345003,0.01211721570440636,4.233948600683072e-07,0.040807744107142996,0.0,0.028463686971509965,1.0302882072378059e-07,2.9734389056435086e-11,2.5537243574177527e-07,1.2863388448717729e-08,2.7268375095955835e-09,8.168381223833207e-09,7.289222457415609e-07,2.6367072345924893e-06,0.0009530847784990784,1.1360147310305972e-09,2.8857226528683427e-07,1.6884917076891665e-20,5.147323013428947e-15
0.0015559568425066836,0.05595639656,0.054,0.0,0.0,0.0003123700936505106,0.8463010124374607,0.037977107214332465,0.01218030414737776,4.255834537571796e-07,0.04068159567960209,0.0,0.02846473632678088,1.0269103998630785e-07,2.9531396883790435e-11,2.5375295927964496e-07,1.2778921895948838e-08,2.718425323260476e-09,8.182346449175141e-09,7.265324229000723e-07,2.6281594919202532e-06,0.0009530669402366876,1.1325674034434221e-09,2.8866099065023393e-07,1.705992975412389e-20,5.147702547542545e-15
0.001570055672129712,0.05595639656,0.054,0.0,0.0,0.0003113668750528143,0.8462065088512291,0.03816509618037527,0.012242980356236628,4.2776065792673273e-07,0.04055627155103787,0.0,0.028465778577970818,1.0235558816773319e-07,2.9330570874606564e-11,2.5214943505810366e-07,1.2695314554296865e-08,2.71007119335844e-09,8.195969271531178e-09,7.241590724907107e-07,2.6196700476713706e-06,0.0009530492024386437,1.129118429446608e-09,2.8874284882446866e-07,1.723492696405517e-20,5.1480795260797564e-15
0.0015841545017527404,0.05595639656,0.054,0.0,0.0,0.0003103704430928283,0.8461126206853598,0.03835186118963302,0.012305248504264165,4.2992669402086947e-07,0.04043176337631285,0.0,0.02846681379938714,1.0202243896552904e-07,2.913187966120262e-11,2.505616486227147e-07,1.26125545234899e-08,2.7017744920343802e-09,8.20925560829662e-09,7.218020194938657e-07,2.611238288473595e-06,0.0009530315642367775,1.1256682881410335e-09,2.8881797075121267e-07,1.7409912625109055e-20,5.148453975636704e-15
0.0015982533313757688,0.05595639656,0.054,0.0,0.0,0.00030938072686813745,0.8460193417310993,0.03853741458759854,0.012367112707216354,4.320817783626885e-07,0.04030806292532578,0.0,0.028467842064287076,1.0169156799348333e-07,2.8935292446482118e-11,2.4898938918563634e-07,1.253063011349547e-08,2.693534613717888e-09,8.222211262311638e-09,7.194610914006213e-07,2.6028636096718684e-06,0.0009530140247705687,1.1222174430867248e-09,2.8888648473364747e-07,1.75848906759259e-20,5.148825922435191e-15
0.0016123521609987972,0.05595639656,0.054,0.0,0.0,0.0003083976564821703,0.8459266658649779,0.03872176855022585,0.012428577024329398,4.3422612229031727e-07,0.04018516208099513,0.0,0.028468863444886142,1.0136295464491896e-07,2.8740778991367627e-11,2.4743244954429324e-07,1.2449529842849198e-08,2.6853509754634117e-09,8.234841925110722e-09,7.171361181773373e-07,2.594545415207849e-06,0.0009529965831907825,1.1187663430354181e-09,2.889485165129296e-07,1.7759865066453795e-20,5.149195392325785e-15
0.0016264509906218257,0.05595639656,0.054,0.0,0.0,0.0003074211630353513,0.8458345870473223,0.03890493508688277,0.01248964545930385,4.363599322885362e-07,0.040063052837296866,0.0,0.02846987801237334,1.0103657313138216e-07,2.854830961389071e-11,2.4589062600989227e-07,1.2369242425183478e-08,2.677222965368029e-09,8.247153180163812e-09,7.148269322421181e-07,2.586283117544822e-06,0.0009529792386623439,1.1153154215590966e-09,2.8900418937005923e-07,1.7934839751006023e-20,5.1495624107936575e-15
0.001640549820244854,0.05595639656,0.054,0.0,0.0,0.0003064511785911772,0.8457430993208035,0.03908692604322529,0.012550321961267912,4.384834101165388e-07,0.03994172729734727,0.0,0.028470885836954903,1.0071239373993726e-07,2.8357855168234903e-11,2.443637183388352e-07,1.2289756764085364e-08,2.669149973308997e-09,8.259150503558876e-09,7.125333683837382e-07,2.5780761373801836e-06,0.0009529619903538893,1.111865097992906e-09,2.890536241151317e-07,1.8109818694334872e-20,5.149927002973646e-15
0.0016532387669055796,0.05595639656,0.054,0.0,0.0,0.00030558370239155416,0.8456612608913545,0.039249722443523115,0.012604598931036427,4.403858692006652e-07,0.03983319793776119,0.0,0.028471787171133342,1.0042250604783213e-07,2.818814524781459e-11,2.430020916998662e-07,1.2218896168539137e-08,2.6619309071850645e-09,8.269684124121403e-09,7.104823830926494e-07,2.570736679330513e-06,0.0009529465484598691,1.1087606539681723e-09,2.8909287968111403e-07,1.8267306662774196e-20,5.1502530819532045e-15
0.0016627056985508302,0.05595639656,0.054,0.0,0.0,0.0003049398683521096,0.8456005093523893,0.03937057204959391,0.012644890677265595,4.417999870139587e-07,0.03975263269951446,0.0,0.02847245614455871,1.0020737138956386e-07,2.8062564293683634e-11,2.419938947142289e-07,1.2166441301962014e-08,2.6565734199481333e-09,8.27738251759152e-09,7.089602763849939e-07,2.565289517021599e-06,0.0009529350775978349,1.106445200341177e-09,2.8911898920999373e-07,1.8384810879622103e-20,5.150495105602973e-15
0.0016721726301960808,0.05595639656,0.054,0.0,0.0,0.0003042988922082985,0.8455400175768063,0.039490905027511715,0.012685010181892779,4.4320967096282836e-07,0.039672411872858956,0.0,0.028473122157188863,9.999320160279186e-08,2.793785908354568e-11,2.4099219753193925e-07,1.2114335454620793e-08,2.6512400669707105e-09,8.284945506540789e-09,7.074450264465714e-07,2.5598666407156924e-06,0.0009529236491791921,1.1041304747914191e-09,2.8914242139056393e-07,1.8502321611998422e-20,5.150736063734285e-15
0.0016816395618413315,0.05595639656,0.054,0.0,0.0,0.00030366075434209256,0.8454797838428345,0.039610724800902754,0.01272495858629674,4.4461497752729485e-07,0.03959253317543388,0.0,0.028473785229295074,9.977999754181226e-08,2.781402130464899e-11,2.399969429102619e-07,1.2062575466871543e-08,2.6459307325500542e-09,8.292374643314053e-09,7.059365855971897e-07,2.5544678831474743e-06,0.000952912262956678,1.101816590768111e-09,2.891632103655776e-07,1.861984005895835e-20,5.1509759636061355e-15
0.0016887747167944826,0.05595639656,0.054,0.0,0.0,0.0003031816585997356,0.8454345556289871,0.03970069495657944,0.012754955008377932,4.4567128736194353e-07,0.03953255393486072,0.0,0.02847428305060945,9.961993916156258e-08,2.77212539974863e-11,2.392510503806898e-07,1.2023791028263665e-08,2.6419448769355807e-09,8.29788639972667e-09,7.048041564022248e-07,2.5504147192105808e-06,0.0009529037089884482,1.1000732570485496e-09,2.8917715252437045e-07,1.870841864948503e-20,5.15115607931755e-15
0.0016959098717476337,0.05595639656,0.054,0.0,0.0,0.00030270415586643585,0.8453894723020214,0.0397903769541604,0.012784855359721597,4.4672516572299203e-07,0.03947276679570209,0.0,0.028474779221479,9.946042023895483e-08,2.7628971308272313e-11,2.3850876141131246e-07,1.1985199949215439e-08,2.6379724817107353e-09,8.30332364206707e-09,7.036755482694041e-07,2.546375091588942e-06,0.000952895178753348,1.0983305106659338e-09,2.891896266516096e-07,1.8797002813710184e-20,5.151335601018272e-15
0.0017030450267007848,0.05595639656,0.054,0.0,0.0,0.00030222823795187693,0.8453445331421384,0.039879772224927904,0.012814660117492658,4.477766358382293e-07,0.03941317080379503,0.0,0.02847527375036753,9.930143864802036e-08,2.753716979592318e-11,2.3777005222294727e-07,1.1946800920535657e-08,2.6340134798595276e-09,8.308687013343452e-09,7.02550741297783e-07,2.542348930454816e-06,0.0009528866721498566,1.0965883972740037e-09,2.8920064687565926e-07,1.888559306274373e-20,5.151514531739504e-15
0.001710180181653936,0.05595639656,0.054,0.0,0.0,0.00030175389672329754,0.8452997374344151,0.0399688821904696,0.012844369755624297,4.4882572067026767e-07,0.039353765011440035,0.0,0.028475766645680366,9.91429914825726e-08,2.7445846049115803e-11,2.3703489922341427e-07,1.1908592637846488e-08,2.630067800419231e-09,8.313977150446639e-09,7.014297157276876e-07,2.5383361664718994e-06,0.0009528781890770113,1.0948469617485164e-09,2.892102271858168e-07,1.897418990702635e-20,5.151692874491584e-15
0.0017173153366070871,0.05595639656,0.054,0.0,0.0,0.00030128112410429046,0.8452550844687619,0.04005770826276256,0.01287398474484586,4.4987244292008563e-07,0.03929454847734426,0.0,0.02847625791576465,9.898507599140941e-08,2.7354996686888063e-11,2.3630327902098688e-07,1.1870573809403956e-08,2.6261353748054727e-09,8.319194684189616e-09,7.003124519379526e-07,2.5343367307854863e-06,0.0009528697294343399,1.0931062481957239e-09,2.8921838143183883e-07,1.9062793856214654e-20,5.151870632264117e-15
0.0017244504915602382,0.05595639656,0.054,0.0,0.0,0.0003008099120750426,0.845210573539882,0.04014625184425752,0.012903505552710737,4.5091682503050117e-07,0.0392355202665656,0.0,0.028476747568908833,9.882768949719586e-08,2.726461835907851e-11,2.3557516842111e-07,1.1832743155083573e-08,2.6222161342580756e-09,8.324340239395393e-09,6.991989304466943e-07,2.5303505550253583e-06,0.0009528612931222335,1.0913662999652917e-09,2.892251233268554e-07,1.9151405419115596e-20,5.152047808025784e-15
0.0017315856465133894,0.05595639656,0.054,0.0,0.0,0.00030034025267194626,0.8451662039472293,0.04023451432796056,0.012932932643623708,4.519588891895319e-07,0.03917667945045825,0.0,0.02847723561334336,9.867082917986804e-08,2.7174707745390006e-11,2.3485054442231014e-07,1.1795099405200653e-08,2.61831001002301e-09,8.329414434974375e-09,6.980891319101547e-07,2.526377571301895e-06,0.0009528528800418516,1.0896271596648401e-09,2.8923046644908427e-07,1.9240025103618597e-20,5.1522244047245794e-15
0.0017387208014665405,0.05595639656,0.054,0.0,0.0,0.00029987213798635755,0.8451219749949673,0.04032249709751321,0.012962266478867767,4.529986573336892e-07,0.03911802510661914,0.0,0.028477722057242083,9.851449235659873e-08,2.708526155488559e-11,2.34129384214859e-07,1.1757641301082903e-08,2.6144169345922664e-09,8.334417883956034e-09,6.969830371195429e-07,2.522417712194859e-06,0.0009528444900947135,1.0878888691653394e-09,2.892344242422036e-07,1.9328653416628937e-20,5.152400425288319e-15
0.0017458559564196916,0.05595639656,0.054,0.0,0.0,0.00029940556016425297,0.8450778859919308,0.040410201527272,0.012991507516630642,4.540361511512497e-07,0.03905955631883506,0.0,0.028478206908722655,9.835867634947569e-08,2.6996276526086808e-11,2.3341166517908103e-07,1.1720367594940854e-08,2.6105368405226648e-09,8.339351193564755e-09,6.958806270001604e-07,2.518470910750473e-06,0.000952836123182799,1.0861514696125663e-09,2.8923701001717007e-07,1.9417290864005518e-20,5.1525758726247885e-15
0.0017529911113728428,0.05595639656,0.054,0.0,0.0,0.00029894051140595435,0.8450339362515843,0.040497628982387755,0.01302065621203115,4.55071392085497e-07,0.039001272177029686,0.0,0.028478690175846668,9.820337844585847e-08,2.6907749426401344e-11,2.3269736488297148e-07,1.168327704946257e-08,2.6066696607973415e-09,8.344214965289037e-09,6.94781882610809e-07,2.5145371004794377e-06,0.0009528277792086945,1.0844150014399644e-09,2.8923823695397464e-07,1.9505937950502016e-20,5.152750749621779e-15
0.001767261421279145,0.05595639656,0.054,0.0,0.0,0.00029801497015060794,0.8449464518357374,0.04067165838373324,0.013078678381031843,4.5713519987115304e-07,0.03888525422142239,0.0,0.028479651988994277,9.789432640078333e-08,2.673205622683747e-11,2.312789317106392e-07,1.1609640544211876e-08,2.598973779522548e-09,8.353736272700133e-09,6.925953159171122e-07,2.506708189795519e-06,0.0009528111596870247,1.0809450174707727e-09,2.892366663859753e-07,1.9683263053990555e-20,5.153098804049688e-15
0.0017815317311854473,0.05595639656,0.054,0.0,0.0,0.0002970954528912986,0.8448595163462654,0.040844596041601115,0.013136336566428373,4.591902474568028e-07,0.038769964079953034,0.0,0.028480607560075005,9.758731518133258e-08,2.6558156663016023e-11,2.2987390893054817e-07,1.153672209629587e-08,2.5913287648431605e-09,8.362986505658575e-09,6.904231881332955e-07,2.4989304573606304e-06,0.000952794630761938,1.0774792268832575e-09,2.892298154115188e-07,1.9860632740887166e-20,5.153444611281199e-15
0.0017958020410917496,0.05595639656,0.054,0.0,0.0,0.00029618189913770105,0.844773124453613,0.04101645255368505,0.013193634301321559,4.6123669788762515e-07,0.038655394687679506,0.0,0.0284815569516142,9.728232401108887e-08,2.6386025885598387e-11,2.2848212366338338e-07,1.146451218019697e-08,2.583734098104942e-09,8.371970275720132e-09,6.882653524134073e-07,2.4912033875585247e-06,0.0009527781916741538,1.074017928572289e-09,2.89217784897842e-07,2.0038051003845094e-20,5.153788193717083e-15
0.0018100723509980518,0.05595639656,0.054,0.0,0.0,0.00029527424922314884,0.844687270898627,0.041187238377710725,0.01325057507215131,4.6327471058300884e-07,0.038541539072968665,0.0,0.028482500225288088,9.697933245709486e-08,2.621563947953166e-11,2.2710340585948402e-07,1.139300143045101e-08,2.5761892680228525e-09,8.380692108396074e-09,6.861216639333617e-07,2.483526471810104e-06,0.0009527618416724682,1.0705614110198845e-09,2.892006737494264e-07,2.0215521812809114e-20,5.154129573455283e-15
0.001824342660904354,0.05595639656,0.054,0.0,0.0,0.000294372444290931,0.8446019504913803,0.04135696383377657,0.013307162319476701,4.653044414289925e-07,0.03842839035593591,0.0,0.02848343744193756,9.667832030326827e-08,2.604697345512615e-11,2.2573758824334033e-07,1.1322180638496384e-08,2.56869377004614e-09,8.38915644501874e-09,6.839919798570778e-07,2.475899208456729e-06,0.0009527455800140957,1.06710995260958e-09,2.891785789517145e-07,2.0393049113582616e-20,5.1544687722958e-15
0.0018386129708106564,0.05595639656,0.054,0.0,0.0,0.0002934764262806283,0.8445171581100164,0.041525639106649234,0.013363399438741048,4.673260428681465e-07,0.03831594174691494,0.0,0.028484368661581938,9.637926763777937e-08,2.588000423898671e-11,2.2438450625861604e-07,1.12520407494376e-08,2.5612471067267873e-09,8.397367644539024e-09,6.818761593029067e-07,2.4683211026443585e-06,0.0009527294059647762,1.0636638219312468e-09,2.891515956131846e-07,2.0570636826490237e-20,5.1548058117455904e-15
0.0018528832807169586,0.05595639656,0.054,0.0,0.0,0.00029258613791447043,0.8444328886996171,0.04169327424801405,0.013419289781022192,4.6933966398692895e-07,0.038204186544957455,0.0,0.028485293943433104,9.608215483706022e-08,2.571470866538102e-11,2.2304399801466493e-07,1.1182572859021725e-08,2.553848787435001e-09,8.405329985281902e-09,6.79774063309656e-07,2.4607916662062075e-06,0.0009527133187985339,1.0602232780730573e-09,2.891198170061824e-07,2.074828884516954e-20,5.1551407130235755e-15
0.0018671535906232609,0.05595639656,0.054,0.0,0.0,0.00029170152268380027,0.8443491372710942,0.04185987917867955,0.013474836653767485,4.713454506005174e-07,0.038093118136363575,0.0,0.028486213345909787,9.578696250917083e-08,2.5551063967708994e-11,2.2171590423380473e-07,1.1113768210495172e-08,2.5464983280702208e-09,8.413047666654843e-09,6.776855548028928e-07,2.453310417546316e-06,0.0009526973177973435,1.0567885709031245e-09,2.89083334606598e-07,2.092600903544682e-20,5.1554734970657225e-15
0.0018814239005295632,0.05595639656,0.054,0.0,0.0,0.00029082252483587565,0.8442658989001016,0.04202546369073669,0.013530043321513611,4.733435453351908e-07,0.037982729993242426,0.0,0.028487126926651046,9.549367154548969e-08,2.5389047770123595e-11,2.2040006820006182e-07,1.1045618191695543e-08,2.5391952512185556e-09,8.420524810811534e-09,6.756104985622542e-07,2.4458768815265657e-06,0.000952681402250986,1.0533599413434936e-09,2.890422381325035e-07,2.1103801234306065e-20,5.15580418452983e-15
0.0018956942104358654,0.05595639656,0.054,0.0,0.0,0.0002899490893612554,0.844183168725973,0.042190037449674825,0.013584913006591861,4.753340877083729e-07,0.0378730156721015,0.0,0.02848803474252915,9.520226310220766e-08,2.5228638079511924e-11,2.1909633570933683e-07,1.0978114332175191e-08,2.5319390859099853e-09,8.427765464286948e-09,6.735487611903005e-07,2.438490589359138e-06,0.0009526655714571103,1.049937621637996e-09,2.8899661558231007e-07,2.1281669248946244e-20,5.156132795800112e-15
0.0019099645203421677,0.05595639656,0.054,0.0,0.0,0.0002890811619813746,0.8441009419506771,0.04235360999645587,0.013639448889819557,4.773172142064312e-07,0.03776396881246395,0.0,0.02848893684966233,9.491271856340605e-08,2.5069813277615177e-11,2.1780455502056557e-07,1.0911248300330001e-08,2.524729367418864e-09,8.434773599590865e-09,6.715002110817753e-07,2.4311510785003245e-06,0.0009526498247211851,1.0465218356112067e-09,2.88946553271894e-07,2.1459616855921966e-20,5.156459350991724e-15
0.00192423483024847,0.05595639656,0.054,0.0,0.0,0.00028821868913615355,0.8440192138377938,0.04251619074954771,0.01369365411117794,4.792930583602905e-07,0.037655583135513045,0.0,0.028489833303427598,9.462501958088182e-08,2.4912552113261784e-11,2.1652457680791997e-07,1.0845011900679882e-08,2.517565637354469e-09,8.441553116754233e-09,6.694647183928786e-07,2.4238578925442876e-06,0.000952634161356287,1.0431127989182535e-09,2.888921358704871e-07,2.1637647800362786e-20,5.156783869955305e-15
0.0019385051401547722,0.05595639656,0.054,0.0,0.0,0.0002873616179719559,0.8439379797115142,0.04267778900691713,0.01374753177047655,4.812617508189198e-07,0.03754785244276358,0.0,0.028490724158473167,9.433914805681494e-08,2.475683369487803e-11,2.1525625411413422e-07,1.0779397071175998e-08,2.5104474434418484e-09,8.448107844845374e-09,6.674421550114009e-07,2.4166105811198255e-06,0.0009526185806829661,1.0397107192872417e-09,2.88833446435899e-07,2.1815765795265977e-20,5.15710637228142e-15
0.0019527754500610745,0.05595639656,0.054,0.0,0.0,0.00028650989632984314,0.8438572349556553,0.042838413947983336,0.013801084928004437,4.832234194207549e-07,0.03744077061475957,0.0,0.028491609468730594,9.405508610979266e-08,2.460263748315144e-11,2.139994423048854e-07,1.0714395880528236e-08,2.5033743393430727e-09,8.454441543450369e-09,6.65432394527661e-07,2.4094086997899206e-06,0.0009526030820291773,1.0363157967549009e-09,2.887705664489398e-07,2.1993974520858234e-20,5.1574268773048485e-15
0.0019670457599673765,0.05595639656,0.054,0.0,0.0,0.00028566347273400333,0.843776975012698,0.042998074635533054,0.013854316605168546,4.851781892631284e-07,0.03733433160979763,0.0,0.028492489287426582,9.377281611322392e-08,2.4449943283824496e-11,2.127539990242554e-07,1.0650000525673669e-08,2.4963458847405707e-09,8.460557904112468e-09,6.634353122059215e-07,2.4022518099528793e-06,0.0009525876647301913,1.0329282238950107e-09,2.88703575846848e-07,2.2172277624022638e-20,5.157745404108794e-15
0.001981316069873679,0.05595639656,0.054,0.0,0.0,0.00028482229638049014,0.8436971953828417,0.0431567800175982,0.013907229785119678,4.871261827697728e-07,0.037228529462675145,0.0,0.028493363667094602,9.349232068123708e-08,2.4298731240742633e-11,2.1151978415122269e-07,1.0586203329272602e-08,2.489361645134527e-09,8.466460551743826e-09,6.614507849565136e-07,2.3951394787459557e-06,0.0009525723281285203,1.0295481860401e-09,2.8863255305609577e-07,2.2350678717787545e-20,5.158061971529005e-15
0.001995586379779981,0.05595639656,0.054,0.0,0.0,0.00028398631712614795,0.8436178916230794,0.043314538929297125,0.013959827413366268,4.890675197564541e-07,0.0371233582834629,0.0,0.02849423265958633,9.321358262844924e-08,2.4148981829028578e-11,2.102966597570381e-07,1.0522996737209631e-08,2.4824211916518974e-09,8.472153046002803e-09,6.594786913084069e-07,2.388071278950488e-06,0.0009525570715737992,1.0261758614960641e-09,2.885575750243619e-07,2.2529181380873405e-20,5.1583765981578495e-15
0.0020098566896862833,0.05595639656,0.054,0.0,0.0,0.00028315548547765915,0.8435390593462869,0.043471360094639824,0.014012112398376197,4.910023174947872e-07,0.03701881225630158,0.0,0.02849509631608294,9.2936585012996e-08,2.4000675848357128e-11,2.090844900635657e-07,1.046037331623232e-08,2.475524101155244e-09,8.477638882631739e-09,6.575189113821221e-07,2.3810467888981565e-06,0.0009525418944226455,1.022811421750129e-09,2.8847871725152697e-07,2.270778915729411e-20,5.158689302348329e-15
0.0020241269995925856,0.05595639656,0.054,0.0,0.0,0.00028232975258094933,0.8434606942203358,0.043627252128298356,0.01406408761216696,4.92930690774296e-07,0.03691488563822161,0.0,0.02849595468710598,9.266131112971731e-08,2.3853794416489535e-11,2.0788314140264346e-07,1.039832575162471e-08,2.4686699560568037e-09,8.482921494771397e-09,6.55571326863536e-07,2.374065592380375e-06,0.0009525267960386078,1.019455031673148e-09,2.883960538201897e-07,2.2886505556009872e-20,5.1590001022179365e-15
0.002038397309498888,0.05595639656,0.054,0.0,0.0,0.00028150907021081214,0.8433827919672163,0.043782223537342894,0.014115755890884388,4.948527519627682e-07,0.03681157275798575,0.0,0.028496807822528045,9.238774445330292e-08,2.370831896293753e-11,2.066924821762908e-07,1.0336846844862163e-08,2.461858344079611e-09,8.488004254245263e-09,6.536358209782255e-07,2.3671272785595388e-06,0.0009525117757920997,1.0161068497158438e-09,2.8830965742548423e-07,2.30653340506282e-20,5.159309015652462e-15
0.00205266761940519,0.05595639656,0.054,0.0,0.0,0.00028069339076057065,0.8433053483621841,0.04393628272294458,0.014167120035370314,4.967686110649569e-07,0.03670886801495398,0.0,0.028497655771583485,9.21158686896947e-08,2.356423122268076e-11,2.0551238281775804e-07,1.0275929511410736e-08,2.455088858420655e-09,8.492890472803407e-09,6.517122784659196e-07,2.360231441880562e-06,0.0009524968330602496,1.0127670280985556e-09,2.882195994038563e-07,2.3244278079150316e-20,5.159616060309794e-15
0.0020669379293114924,0.05595639656,0.054,0.0,0.0,0.00027988266723207934,0.8432283592329176,0.04408943798204559,0.014218182811719318,4.986783757796824e-07,0.036606765877970085,0.0,0.028498498582878607,9.184566778745402e-08,2.3421513230145912e-11,2.0434271575352836e-07,1.0215566778575878e-08,2.4483610976012676e-09,8.497583403346411e-09,6.49800585555775e-07,2.3533776819853064e-06,0.000952481967226834,1.0094357129958103e-09,2.881259497614362e-07,2.342334104376055e-20,5.159921253623554e-15
0.0020812082392177946,0.05595639656,0.054,0.0,0.0,0.0002790768532259926,0.8431518204586956,0.04424169750899739,0.014268946951824846,5.005821515553794e-07,0.0365052608842696,0.0,0.028499336304401802,9.157712584869867e-08,2.3280147313329764e-11,2.0318335536611238e-07,1.0155751783285201e-08,2.441674665121848e-09,8.502086241125392e-09,6.47900629942304e-07,2.3465656036292955e-06,0.0009524671776822272,1.0061130447155973e-09,2.8802877720188753e-07,2.360252631065553e-20,5.1602246128066725e-15
0.002095478549124097,0.05595639656,0.054,0.0,0.0,0.00027827590293197986,0.8430757279695873,0.044393069397167674,0.01431941515391492,5.024800416441372e-07,0.036404347638408524,0.0,0.02850016898353359,9.131022718686668e-08,2.3140116087909343e-11,2.020341779575899e-07,1.0096477770029157e-08,2.4350291697031607e-09,8.506402124897936e-09,6.460123007612281e-07,2.339794816598047e-06,0.0009524524638232425,1.0027991578725618e-09,2.8792814915310567e-07,2.3781837209911113e-20,5.160526154855015e-15
0.002109748859030399,0.05595639656,0.054,0.0,0.0,0.00027747977111927804,0.8430000777456608,0.044543561640516954,0.014369590083077687,5.043721471542803e-07,0.03630402081121222,0.0,0.02850099666705629,9.104495638268127e-08,2.3001402451626497e-11,2.008950617140765e-07,1.0037738088897777e-08,2.4284242252376e-09,8.510534138067055e-09,6.441354885661433e-07,2.3330649356262624e-06,0.0009524378250530707,9.994941815565616e-10,2.8782413179357796e-07,2.3961277035384863e-20,5.1608258965507544e-15
0.0021240191689367014,0.05595639656,0.054,0.0,0.0,0.0002766884131276223,0.8429248658162033,0.04469318213514534,0.014419474371777038,5.062585671015304e-07,0.03620427513874442,0.0,0.028501819401163402,9.078129814051896e-08,2.2863989578868778e-11,1.9976588667094893e-07,9.979526193469565e-09,2.4218594502373425e-09,8.514485309806994e-09,6.422700853060731e-07,2.3263755803201787e-06,0.0009524232607812789,9.961982394968262e-10,2.877167900785364e-07,2.41408490446515e-20,5.16112385446577e-15
0.0021382894788430037,0.05595639656,0.054,0.0,0.0,0.0002759017848579575,0.8428500882589598,0.04484193868080986,0.014469070620358498,5.081393984587927e-07,0.03610510542129562,0.0,0.028502637231469282,9.05192373309653e-08,2.2727860915121063e-11,1.9864653467866085e-07,9.921835638854306e-09,2.4153344681469608e-09,8.518258616137255e-09,6.404159843025592e-07,2.3197263750781236e-06,0.0009524087704236102,9.92911450219918e-10,2.8760618776470654e-07,2.432055645896904e-20,5.1614200449650505e-15
0.002152559788749306,0.05595639656,0.054,0.0,0.0,0.00027511984276341563,0.8427757411993819,0.04498983898241368,0.01451838139754562,5.100147362046123e-07,0.036006506522390264,0.0,0.02850345020301823,9.025875914929265e-08,2.2593000171688968e-11,1.975368893694647e-07,9.864660079950934e-09,2.408848907562463e-09,8.521856980977593e-09,6.385730802274126e-07,2.313116949013384e-06,0.0009523943534018856,9.896339272034586e-10,2.8749238743463803e-07,2.4500402463274922e-20,5.161714484209933e-15
0.0021668300986556082,0.05595639656,0.054,0.0,0.0,0.00027434254384096663,0.8427018208098945,0.04513689065146738,0.014567409240927082,5.118846733703339e-07,0.03590847336781265,0.0,0.028504258360293185,8.999984889749451e-08,2.2459391320765904e-11,1.9643683612494577e-07,9.807993269434631e-09,2.4024024013209117e-09,8.52528327721182e-09,6.367412690820255e-07,2.3065469358827e-06,0.0009523800091441159,9.863657790268927e-10,2.873754505214946e-07,2.468039020620895e-20,5.162007188161214e-15
0.0021811004085619105,0.05595639656,0.054,0.0,0.0,0.0002735698456226388,0.8426283233091734,0.0452831012075226,0.014616156657434686,5.137493010860024e-07,0.03581100094465132,0.0,0.02850506174722494,8.974249193237817e-08,2.2327018590195645e-11,1.9534626204393936e-07,9.751829055815476e-09,2.3959945867543043e-09,8.528540327688813e-09,6.349204481757305e-07,2.3000159740111873e-06,0.0009523657370842687,9.831071095157956e-10,2.8725543733209114e-07,2.4860522800160703e-20,5.162298172582406e-15
0.0021953707184682127,0.05595639656,0.054,0.0,0.0,0.00027280170616668836,0.8425552449614379,0.04542847807957926,0.014664626123812502,5.156087086250514e-07,0.03571408430036066,0.0,0.028505860407200986,8.948667403576433e-08,2.219586645840869e-11,1.9426505591126437e-07,9.696161381976032e-09,2.3896251065534813e-09,8.531630906186354e-09,6.331105161040891e-07,2.2935237062168887e-06,0.0009523515366620373,9.79858017881419e-10,2.871324070689362e-07,2.504080332134241e-20,5.162587453042911e-15
0.002209641028374515,0.05595639656,0.054,0.0,0.0,0.0002720380840500414,0.8424825820757554,0.04557302860746713,0.014712820087077267,5.174629834478109e-07,0.035617718541840045,0.0,0.028506654383073232,8.923238115612586e-08,2.2065919650045472e-11,1.9319310816749007e-07,9.640984283313458e-09,2.3832936073576386e-09,8.53455773842576e-09,6.313113727301181e-07,2.2870697797460135e-06,0.0009523374073231443,9.766185988596685e-10,2.8700641785399937e-07,2.5221234809884175e-20,5.162875044920734e-15
0.0022239113382808173,0.05595639656,0.054,0.0,0.0,0.0002712789383602335,0.8424103310053607,0.045716760043201125,0.014760740964970308,5.193122112438517e-07,0.03552189883453056,0.0,0.028507443717166746,8.897959903988642e-08,2.1937163131070705e-11,1.921303108788466e-07,9.58629188562323e-09,2.376999739441401e-09,8.537323503021383e-09,6.295229191643814e-07,2.280653846203933e-06,0.0009523233485191618,9.733889428438082e-10,2.8687752675067004e-07,2.5401820269946845e-20,5.163160963405624e-15
0.0022381816481871195,0.05595639656,0.054,0.0,0.0,0.0002705242286863127,0.8423384881469851,0.045859679552311586,0.01480839114640116,5.211564759732311e-07,0.035426620401527824,0.0,0.028508228451288933,8.872831395911924e-08,2.1809582103660208e-11,1.9107655770762283e-07,9.532078403959546e-09,2.3707431589412275e-09,8.539930832330543e-09,6.277450577427705e-07,2.2742755614776264e-06,0.0009523093597069187,9.701691360095265e-10,2.867457897827789e-07,2.5582562669857248e-20,5.163445223502326e-15
0.002252451958093422,0.05595639656,0.054,0.0,0.0,0.0002697739151120078,0.8422670499402006,0.0460017942151514,0.014855772991882982,5.229958599066644e-07,0.0353318785227104,0.0,0.028509008626735957,8.847851267470677e-08,2.1683162002461372e-11,1.9003174388410947e-07,9.478338141195423e-09,2.3645235261566664e-09,8.542382313421928e-09,6.259776920094874e-07,2.267934585677092e-06,0.0009522954403490564,9.669592604433657e-10,2.866112619573839e-07,2.576346494226337e-20,5.163727840032873e-15
0.002266722267999724,0.05595639656,0.054,0.0,0.0,0.0002690279582091487,0.842196012866774,0.04614311102817827,0.014902888833960074,5.248304436646173e-07,0.035237668533886,0.0,0.028509784284300413,8.823018125209621e-08,2.1557888490349316e-11,1.8899576617862724e-07,9.425065485383773e-09,2.3583405032224588e-09,8.54468048903079e-09,6.242207267006107e-07,2.2616305830788123e-06,0.00095228158991427,9.637593942673435e-10,2.864739972873757e-07,2.5944529984299744e-20,5.164008827639306e-15
0.0022809925779060263,0.05595639656,0.054,0.0,0.0,0.0002682863190276182,0.8421253734500345,0.0462836369052122,0.014949740977627565,5.266603062553877e-07,0.03514398582595238,0.0,0.02851055546428195,8.798330611833813e-08,2.1433747452753633e-11,1.8796852287305316e-07,9.37225490874858e-09,2.352193758640395e-09,8.546827858256643e-09,6.224740677197727e-07,2.2553632220402826e-06,0.0009522678078758965,9.605696117485273e-10,2.8633404880629057e-07,2.6125760657770305e-20,5.16428820078747e-15
0.0022952628878123286,0.05595639656,0.054,0.0,0.0,0.0002675489590883441,0.8420551282542503,0.04642337867867295,0.014996331700743477,5.284855251122445e-07,0.035050825844071515,0.0,0.02851132220649273,8.77378751835759e-08,2.131072499441942e-11,1.8694991373466176e-07,9.319900967432569e-09,2.3460829670152094e-09,8.548826877433092e-09,6.207376221208549e-07,2.249132174940119e-06,0.0009522540937124697,9.57389983415156e-10,2.8619146858844853e-07,2.630715978935583e-20,5.164565973768966e-15
0.002309533197718631,0.05595639656,0.054,0.0,0.0,0.00026681584038016276,0.8419852738840201,0.04656234310079531,0.015042663254433316,5.303061761295431e-07,0.03495818408686164,0.0,0.028512084550261697,8.749387507382822e-08,2.11888074367683e-11,1.8593983999097826e-07,9.267998297981526e-09,2.3400078014870335e-09,8.550679961224212e-09,6.190112980995016e-07,2.242937118150393e-06,0.0009522404469094404,9.54220576180715e-10,2.86046307776306e-07,2.6488730170821808e-20,5.1648421607026204e-15
0.002323803507624933,0.05595639656,0.054,0.0,0.0,0.00026608692534866327,0.8419158069836721,0.046700536844816815,0.015088737863487375,5.321223336978803e-07,0.03486605610560485,0.0,0.02851284253444829,8.725129143617939e-08,2.1067981310947382e-11,1.8493820430185783e-07,9.216541615323207e-09,2.333967940293131e-09,8.55238948316562e-09,6.172950049663173e-07,2.236777731941865e-06,0.0009522268669565,9.510614534383308e-10,2.8589861659097446e-07,2.667047455923195e-20,5.165116775539423e-15
0.0023380738175312354,0.05595639656,0.054,0.0,0.0,0.0002653621768853466,0.8418467242366757,0.04683796650614891,0.015134557726750876,5.339340707384744e-07,0.03477443750346357,0.0,0.028513596197449986,8.70101135841118e-08,2.0948233353878966e-11,1.8394491073392339e-07,9.16552571531282e-09,2.327963074057306e-09,8.553957776201537e-09,6.155886531209086e-07,2.2306537003922223e-06,0.000952213353346511,9.479126751539264e-10,2.857484443424638e-07,2.6852395677201993e-20,5.165389832065242e-15
0.0023523441274375377,0.05595639656,0.054,0.0,0.0,0.0002646415583312564,0.8417780223650638,0.04697463860353265,0.015180125017507115,5.357414587366037e-07,0.034683323934712795,0.0,0.028514345577197397,8.677033020084677e-08,2.082955050956913e-11,1.8295986473992235e-07,9.11494547109816e-09,2.3219928882185578e-09,8.555387134148084e-09,6.138921540589812e-07,2.224564711415196e-06,0.0009521999055809663,9.447742980018319e-10,2.855958394685621e-07,2.7034496213151525e-20,5.165661343898944e-15
0.0023651874063532097,0.05595639656,0.054,0.0,0.0,0.00026399650276269726,0.8417165136504532,0.047097001100845644,0.015220921405611695,5.373644474546981e-07,0.03460174997524393,0.0,0.02851501638777379,8.655570298184295e-08,2.072363599031788e-11,1.8208029797466667e-07,9.069791556237298e-09,2.3166491101634974e-09,8.556556631622318e-09,6.123736567536469e-07,2.2191143278385326e-06,0.000952187858481829,9.41958695802374e-10,2.854564545302254e-07,2.7198542292461693e-20,5.1659043949635315e-15
0.0023780306852688817,0.05595639656,0.054,0.0,0.0,0.00026335473696476817,0.8416553084840538,0.04721875983679291,0.015261516499026972,5.38984020370695e-07,0.03452057851602401,0.0,0.028515683786304553,8.634218328719312e-08,2.0618564554360498e-11,1.8120726923156765e-07,9.024982793276179e-09,2.311332950272381e-09,8.557617036200468e-09,6.108630063420564e-07,2.2136918566554233e-06,0.0009521758639567318,9.39151598660086e-10,2.8531517179487443e-07,2.736273776263174e-20,5.1661462154348584e-15
0.0023908739641845538,0.05595639656,0.054,0.0,0.0,0.00026271623510070846,0.8415944045541119,0.04733991940867673,0.01530191183044988,5.406002267415509e-07,0.03443980649225173,0.0,0.028516347799520298,8.61297703958777e-08,2.051432709112698e-11,1.8034071236270316e-07,8.980515604263217e-09,2.306044198888708e-09,8.558569940386883e-09,6.093601404717834e-07,2.2082970779338407e-06,0.0009521639216495095,9.363530413745792e-10,2.851720247890116e-07,2.75270845134766e-20,5.166386814911855e-15
0.0024024329152086588,0.05595639656,0.054,0.0,0.0,0.0002621443529748152,0.841539846682951,0.047448454499437784,0.015338098086220575,5.420519740937386e-07,0.03436745068066949,0.0,0.028516942538820016,8.593952881146942e-08,2.0421218994367467e-11,1.79566290657316e-07,8.940784251850299e-09,2.3013075571936397e-09,8.559336939527476e-09,6.080141660245887e-07,2.203465274429069e-06,0.000952153217936219,9.338416686708988e-10,2.8504162585085787e-07,2.7675127478581076e-20,5.166602318337495e-15
0.0024045506570977105,0.05595639656,0.054,0.0,0.0,0.0002620398600002845,0.8415298771262283,0.04746828751712845,0.015344710534532313,5.423176634785119e-07,0.03435422883599733,0.0,0.028517051208982763,8.590476842985193e-08,2.0404232364429204e-11,1.7942496583110138e-07,8.933534454034786e-09,2.3004421195560595e-09,8.559468252200145e-09,6.077682414851907e-07,2.20258242842961e-06,0.000952151261418957,9.333823087971395e-10,2.85017576264723e-07,2.770226432152656e-20,5.166641695390905e-15
0.0024087861408758136,0.05595639656,0.054,0.0,0.0,0.0002618311358842606,0.8415099621903386,0.047507905462832886,0.015357919397994038,5.428487759394986e-07,0.034327817205856384,0.0,0.028517268277727277,8.583533817962033e-08,2.0370325587231133e-11,1.7914283285790126e-07,8.919062114906223e-09,2.2987134440298683e-09,8.559722378060412e-09,6.072770167595976e-07,2.2008189577980725e-06,0.000952147352582093,9.32464291121753e-10,2.8496933068360275e-07,2.775655066800192e-20,5.166720351538533e-15
0.0024130216246539167,0.05595639656,0.054,0.0,0.0,0.0002616227601335666,0.841490079424055,0.047547459422478594,0.015371106928417545,5.433795347242775e-07,0.03430144823231711,0.0,0.028517484985136534,8.576602535517145e-08,2.0336507191126124e-11,1.7886138688504847e-07,8.904626012431616e-09,2.296987692033265e-09,8.559965217132314e-09,6.067866227069377e-07,2.1990584426472345e-06,0.0009521434493335011,9.315472104478862e-10,2.8492089085646163e-07,2.7810853949949614e-20,5.166798877351415e-15
0.00241725710843202,0.05595639656,0.054,0.0,0.0,0.0002614147318520036,0.8414702287470556,0.0475869495558006,0.01538427317905691,5.439099415065972e-07,0.034275121808891994,0.0,0.02851770133213784,8.569682958534571e-08,2.0302776861118925e-11,1.7858062562178308e-07,8.890226018612637e-09,2.2952648556848253e-09,8.560196823960574e-09,6.062970571652101e-07,2.197300875349363e-06,0.000952139551661099,9.306310678214369e-10,2.8487225792909055e-07,2.7865174232779085e-20,5.166877273162582e-15
0.002421492592210123,0.05595639656,0.054,0.0,0.0,0.0002612070501460427,0.8414504100792904,0.047626376021991094,0.015397418202985338,5.444399979505426e-07,0.03424883782945531,0.0,0.028517917319655712,8.56277506961782e-08,2.0269134286817823e-11,1.7830054680669461e-07,8.87586201480524e-09,2.2935449276798835e-09,8.560417252811739e-09,6.058083179788949e-07,2.1955462482992716e-06,0.000952135659552615,9.297158642633382e-10,2.848234330401737e-07,2.791951158164778e-20,5.1669555393040794e-15
0.002425728075988226,0.05595639656,0.054,0.0,0.0,0.0002609997141254435,0.841430623340983,0.047665738979701784,0.015410542053095885,5.449697057105887e-07,0.03422259618824184,0.0,0.02851813294861164,8.555878821542254e-08,2.0235579156825702e-11,1.780211481733779e-07,8.861533876342288e-09,2.2918279002002485e-09,8.560626557687754e-09,6.053204030003446e-07,2.19379455391943e-06,0.0009521317729958051,9.288016007740261e-10,2.847744173230547e-07,2.797386606146089e-20,5.16703367610686e-15
0.002429963559766329,0.05595639656,0.054,0.0,0.0,0.0002607927229026467,0.8414108684526255,0.04770503858704605,0.015423644782102187,5.454990664316709e-07,0.03419639677984504,0.0,0.02851834821992417,8.548994197188815e-08,2.0202111162126776e-11,1.7774242747069027e-07,8.847241481864507e-09,2.2901137658206308e-09,8.560824792300259e-09,6.048333100884924e-07,2.1920457846551893e-06,0.0009521278919782779,9.278882783310176e-10,2.8472521190420315e-07,2.802823773687253e-20,5.167111683900841e-15
0.002434199043544432,0.05595639656,0.054,0.0,0.0,0.0002605860755935321,0.841391145334981,0.04774427500160164,0.015436726442539262,5.460280817492536e-07,0.03417023949921554,0.0,0.028518563134508346,8.542121162180065e-08,2.0168729995013814e-11,1.7746438245683196e-07,8.832984710283412e-09,2.288402517013747e-09,8.561012010111949e-09,6.043470371106625e-07,2.190299932981386e-06,0.0009521240164878538,9.269758978930227e-10,2.846758179047203e-07,2.8082626672287146e-20,5.1671895630146654e-15
0.002438434527322535,0.05595639656,0.054,0.0,0.0,0.0002603797713170773,0.8413714539090802,0.04778344838041298,0.015449787086764295,5.465567532893942e-07,0.034144124241659544,0.0,0.02851877769327593,8.53525968428914e-08,2.0135435348967993e-11,1.771870108980956e-07,8.818763440472935e-09,2.2866941462322773e-09,8.561188264318406e-09,6.038615819417556e-07,2.1885569913993795e-06,0.0009521201465124124,9.260644603984938e-10,2.846262364398285e-07,2.813703293186008e-20,5.167267313775817e-15
0.0024426700111006383,0.05595639656,0.054,0.0,0.0,0.0002601738091952133,0.8413517940962213,0.04782255887999328,0.015462826766957413,5.470850826688015e-07,0.034118050902837274,0.0,0.02851899189713566,8.528409736888588e-08,2.0102226918986655e-11,1.76910310571101e-07,8.804577552286897e-09,2.284988646049084e-09,8.561353607845707e-09,6.033769424638655e-07,2.186816952435675e-06,0.0009521162820398124,9.251539667650732e-10,2.8457646861864764e-07,2.8191456579498055e-20,5.167344936510694e-15
0.002451140978656845,0.05595639656,0.054,0.0,0.0,0.0002597629079184708,0.8413125689961499,0.047900591864871646,0.01548884344308758,5.481407213658843e-07,0.03406602956579649,0.0,0.028519419243750573,8.514744309107295e-08,2.0036067493765776e-11,1.763589147640926e-07,8.77631144207234e-09,2.2815862276844346e-09,8.561651773269942e-09,6.024101021472172e-07,2.1833455526013044e-06,0.0009521085695548423,9.233358146524358e-10,2.8447637831519314e-07,2.830035629335702e-20,5.1674997992015044e-15
0.0024596119462130515,0.05595639656,0.054,0.0,0.0,0.0002593533647995132,0.8412734694104498,0.04797837519780557,0.01551477688485805,5.491950105895539e-07,0.03401417466039983,0.0,0.02851984518156057,8.501124640999384e-08,1.9970249305965586e-11,1.7581017743193015e-07,8.748185427539211e-09,2.278195202674622e-09,8.561906924572695e-09,6.014464993653483e-07,2.179885674208123e-06,0.0009521008789363825,9.215214484952609e-10,2.843755557511395e-07,2.8409326320171056e-20,5.167654153675956e-15
0.002468082913769258,0.05595639656,0.054,0.0,0.0,0.00025894517292286825,0.8412344947190054,0.048055910112010096,0.015540627503412084,5.502479629432275e-07,0.033962485364523065,0.0,0.02852026971772314,8.487550497725177e-08,1.9904769963594125e-11,1.7526408111760065e-07,8.720198564639086e-09,2.274815512208397e-09,8.562119475810652e-09,6.004861174407076e-07,2.1764372583985327e-06,0.0009520932100885422,9.197108749217785e-10,2.8427400959140717e-07,2.8518367162315116e-20,5.167808002505005e-15
0.0024765538813254647,0.05595639656,0.054,0.0,0.0,0.0002585383254210991,0.8411956443058671,0.04813319783241785,0.015566395707131657,5.512995908866116e-07,0.03391096086156336,0.0,0.02852069285934597,8.474021643565781e-08,1.9839627095939552e-11,1.7472060851019635e-07,8.69234991755829e-09,2.271447097864318e-09,8.562289836963552e-09,5.995289398128679e-07,2.17300024672512e-06,0.0009520855629161814,9.179041002545544e-10,2.841717484103395e-07,2.8627479318255524e-20,5.167961348241814e-15
0.0024850248488816713,0.05595639656,0.054,0.0,0.0,0.0002581328154740828,0.8411569175592151,0.04821023957574966,0.015592081901661076,5.523499067375881e-07,0.033859600340392274,0.0,0.02852111461348788,8.460537847371623e-08,1.9774818353212192e-11,1.7417974244259214e-07,8.664638558352802e-09,2.268089901654194e-09,8.56241841396402e-09,5.985749500367158e-07,2.1695745811442586e-06,0.0009520779373246999,9.161011305143873e-10,2.8406878069226494e-07,2.873666328257226e-20,5.168114193422039e-15
0.002493495816437878,0.05595639656,0.054,0.0,0.0,0.0002577286363085217,0.8411183138713246,0.04828703655058401,0.01561768648993024,5.533989226740707e-07,0.03380840299530942,0.0,0.028521534987159435,8.447098878013309e-08,1.971034140635829e-11,1.7364146589029212e-07,8.637063567020051e-09,2.2647438659809505e-09,8.562505608745377e-09,5.976241317811404e-07,2.1661602040115567e-06,0.0009520703332199548,9.143019714245372e-10,2.839651148325153e-07,2.884591954598162e-20,5.168266540564087e-15
0.0025104377515502907,0.05595639656,0.054,0.0,0.0,0.00025692424346093897,0.8410414732611955,0.048439900988775236,0.015668652445972334,5.554931028263085e-07,0.03370649463747226,0.0,0.028522371620893668,8.420354503870976e-08,1.958237368640378e-11,1.7257261393790184e-07,8.58231904685659e-09,2.2580850478558284e-09,8.562557439662339e-09,5.957319450734268e-07,2.1593650864959202e-06,0.0009520551890969408,9.107151066401233e-10,2.83755721831096e-07,2.9064650913759623e-20,5.1685697507213584e-15
0.0025273796866627034,0.05595639656,0.054,0.0,0.0,0.00025612509361482147,0.8409651176942692,0.04859180065538035,0.015719296745276567,5.57582226036383e-07,0.03360522944927197,0.0,0.028523202815680274,8.393786706680628e-08,1.945570570994727e-11,1.7151391925417583e-07,8.5281091516975e-09,2.251470190672853e-09,8.56244846687647e-09,5.938522512888245e-07,2.1526144408964893e-06,0.0009520401298046122,9.071435459581654e-10,2.835436348286135e-07,2.9283677270936125e-20,5.168870998519913e-15
0.002544321621775116,0.05595639656,0.054,0.0,0.0,0.0002553311342325087,0.8408892424526659,0.0487427449328613,0.015769622515879746,5.596663848727195e-07,0.033504601175877516,0.0,0.02852402862590059,8.367393696368622e-08,1.933031956888036e-11,1.704652506321388e-07,8.474426797467658e-09,2.244898847860034e-09,8.562181766386911e-09,5.919849237946288e-07,2.145907820125599e-06,0.0009520251546095353,9.035873250323822e-10,2.833289178898995e-07,2.95030024065578e-20,5.1691703034975634e-15
0.002561263556887529,0.05595639656,0.054,0.0,0.0,0.00025454231348957123,0.840813842880778,0.04889274307986302,0.015819632844540285,5.617456698340235e-07,0.033404603645000246,0.0,0.0285248491051989,8.341173707678075e-08,1.920619766633751e-11,1.69426479012551e-07,8.421265018795985e-09,2.2383705789802514e-09,8.56176035437285e-09,5.901298376950673e-07,2.1392447831808933e-06,0.0009520102627870749,9.000464752708084e-10,2.831116337526924e-07,2.972263005012472e-20,5.1694676849283694e-15
0.0025782054919999417,0.05595639656,0.054,0.0,0.0,0.00025375858026198145,0.8407389143842283,0.049041804233278925,0.01586933077742706,5.638201694025436e-07,0.03330523076551689,0.0,0.02852566430649617,8.315124999599394e-08,1.9083322710179597e-11,1.6839747744133173e-07,8.368616966674393e-09,2.2318849496263814e-09,8.561187188467726e-09,5.882868697997245e-07,2.1326248950352738e-06,0.000951995453620752,8.965210239862031e-10,2.8289184385650535e-07,2.994256387235047e-20,5.169763161827548e-15
0.0025951474271123545,0.05595639656,0.054,0.0,0.0,0.00025297988411408204,0.8406644524288525,0.04918993741027586,0.015918719320794455,5.658899700958546e-07,0.03320647652611972,0.0,0.028526474282002483,8.289245854390587e-08,1.896167770654524e-11,1.6737812102752586e-07,8.316475906055977e-09,2.2254415313109015e-09,8.560465169048546e-09,5.864558985937187e-07,2.126047726533207e-06,0.0009519807264020986,8.930109945429157e-10,2.8266960837197477e-07,3.016280748592349e-20,5.170056752955891e-15
0.0026120893622247673,0.05595639656,0.054,0.0,0.0,0.0002522061752871977,0.8405904525397012,0.04933715151027933,0.015967801441644083,5.67955156517201e-07,0.033108334993992974,0.0,0.028527279083228486,8.263534577900975e-08,1.8841245953727008e-11,1.6636828690308483e-07,8.264835213590771e-09,2.2190399013695243e-09,8.55959714048125e-09,5.846368042100355e-07,2.1195128542945197e-06,0.0009519660804308384,8.895164065040451e-10,2.824449862295738e-07,3.038336444628475e-20,5.1703484768238555e-15
0.00262903129733718,0.05595639656,0.054,0.0,0.0,0.00025143740468833343,0.8405169103000603,0.049483455316919285,0.0160165800683733,5.700158114043766e-07,0.033010800313515866,0.0,0.028528078760996882,8.23798949890314e-08,1.8722011036121774e-11,1.6536785418322315e-07,8.213688375387724e-09,2.2126796428627405e-09,8.558585892343283e-09,5.82829468401789e-07,2.1130198606179363e-06,0.0009519515150148965,8.860372757719841e-10,2.822180351475803e-07,3.0604238252400617e-20,5.170638351695667e-15
0.002645973232449593,0.05595639656,0.054,0.0,0.0,0.00025067352387879633,0.8404438213504923,0.049628857499936216,0.016065058091410782,5.720720156771653e-07,0.032913866704991766,0.0,0.028528873365454382,8.212608968429135e-08,1.8603956818304074e-11,1.643767039275353e-07,8.16302898481719e-09,2.2063603444740376e-09,8.557434160602547e-09,5.810337745142026e-07,2.106568333383531e-06,0.0009519370294701369,8.82573614721333e-10,2.8198881165895434e-07,3.082543234753349e-20,5.170926395593566e-15
0.0026629151675620056,0.05595639656,0.054,0.0,0.0,0.00024991448506303613,0.8403711813878981,0.04977336661704898,0.016113238363839225,5.741238484834098e-07,0.03281752846340311,0.0,0.02852966294608328,8.187391359844945e-08,1.848706743923805e-11,1.6339471910198298e-07,8.112850740371346e-09,2.200081600416312e-09,8.55614462876807e-09,5.792496074571266e-07,2.1001578659570356e-06,0.0009519226231201226,8.791254323279677e-10,2.817573711374737e-07,3.104695012001168e-20,5.17121262630194e-15
0.0026798571026744183,0.05595639656,0.054,0.0,0.0,0.00024916024107789935,0.8402989861645939,0.04991699111578554,0.01616112370200569,5.761713872437811e-07,0.03272177995719093,0.0,0.02853044755171248,8.162335068252594e-08,1.8371327306651938e-11,1.6242178454189084e-07,8.06314744357783e-09,2.193843010338395e-09,8.554719929018342e-09,5.774768536786803e-07,2.0937880570980986e-06,0.0009519082952960553,8.756927342947976e-10,2.815237678235085e-07,3.126879490399893e-20,5.171497061371276e-15
0.002696799037786831,0.05595639656,0.054,0.0,0.0,0.00024841074538216004,0.8402272314874103,0.05005973933527792,0.016208716886119884,5.782147076952834e-07,0.032626615627058174,0.0,0.028531227230528287,8.137438509942104e-08,1.8256721091558293e-11,1.6145778691583532e-07,8.013912996962641e-09,2.18764417923122e-09,8.553162643303336e-09,5.757154011396138e-07,2.0874585108710497e-06,0.0009518940453367578,8.722755231740449e-10,2.812880548491975e-07,3.1490969980263076e-20,5.17177971812197e-15
0.002713740972899244,0.05595639656,0.054,0.0,0.0,0.000247665952046172,0.8401559132168068,0.05020161950802164,0.01625602066084074,5.802538839335204e-07,0.032532029984796915,0.0,0.028532002030084973,8.112700122420269e-08,1.8143233722895067e-11,1.6050261469029593e-07,7.965141402062483e-09,2.1814847173402877e-09,8.551475304417038e-09,5.739651392879148e-07,2.0811688365564766e-06,0.0009518798725885635,8.688737984848533e-10,2.8105028426289114e-07,3.1713478576941374e-20,5.172060613648145e-15
0.0027306829080116567,0.05595639656,0.054,0.0,0.0,0.0002469258157416759,0.8400850272660031,0.05034263976160072,0.016303037735851487,5.822889884537619e-07,0.03243801761213827,0.0,0.028532771997315402,8.088118363856366e-08,1.8030850382282125e-11,1.5955615809505205e-07,7.916826757476835e-09,2.1753642400773766e-09,8.549660397043228e-09,5.722259590337564e-07,2.074918648563972e-06,0.0009518657764051567,8.654875568262977e-10,2.8081050705294186e-07,3.1936323870302597e-20,5.172339764821395e-15
0.0027476248431240694,0.05595639656,0.054,0.0,0.0,0.00024619029173183425,0.8400145696001302,0.05048280812037862,0.016349770786423388,5.843200921908501e-07,0.03234457315962528,0.0,0.028533537178541325,8.063691712541449e-08,1.79195564989064e-11,1.5861830908937937e-07,7.868963256964004e-09,2.1692823679317033e-09,8.547720358776566e-09,5.704977527250323e-07,2.06870756634692e-06,0.0009518517561474516,8.621167919869872e-10,2.805687731709322e-07,3.2159508985504907e-20,5.172617188294492e-15
0.002764566778236482,0.05595639656,0.054,0.0,0.0,0.0002454593358615081,0.8399445362353953,0.05062213250715634,0.016396222453968504,5.863472645579881e-07,0.03225169134550736,0.0,0.028534297619483378,8.039418666954235e-08,1.7809337744537466e-11,1.576889613290502e-07,7.821545187588252e-09,2.163238726387746e-09,8.545657581119868e-09,5.687804141235257e-07,2.062535214319479e-06,0.0009518378111835154,8.587614950513994e-10,2.803251315543814e-07,3.238303699734968e-20,5.172892900504932e-15
0.002781508713348895,0.05595639656,0.054,0.0,0.0,0.00024473290454773267,0.8398749232382644,0.05076062074479829,0.01644239534658168,5.883705734844446e-07,0.03215936695465658,0.0,0.028535053365270874,8.015297745250611e-08,1.7700180028658898e-11,1.5676801013407825e-07,7.774566927906696e-09,2.15723294584281e-09,8.543474410457922e-09,5.670738383815642e-07,2.056401221775264e-06,0.0009518239408884919,8.554216545026936e-10,2.8007963014890817e-07,3.260691093103075e-20,5.173166917678443e-15
0.0027984506484613077,0.05595639656,0.054,0.0,0.0,0.0002440109547703525,0.83980572672466,0.05089828055782674,0.016488292039572063,5.903900854522023e-07,0.03206759483750466,0.0,0.028535804460451487,7.991327484657833e-08,1.7592069493709385e-11,1.5585535245715246e-07,7.728022946193278e-09,2.151264661522866e-09,8.541173149007299e-09,5.653779220190482e-07,2.050305222807293e-06,0.0009518101446444917,8.520972563219096e-10,2.79832315929819e-07,3.283113376287813e-20,5.1734392558324266e-15
0.0028153925835737205,0.05595639656,0.054,0.0,0.0,0.0002432934440628249,0.8397369428591757,0.05103511957398538,0.01653391507598446,5.92405865531588e-07,0.03197636990900065,0.0,0.028536550949000754,7.967506441639061e-08,1.7484992510435692e-11,1.5495088685276943e-07,7.681907798708487e-09,2.1453335134053063e-09,8.538756055742839e-09,5.636925629008871e-07,2.04424685622936e-06,0.000951796421840475,8.4878828408375e-10,2.7958323492314706e-07,3.30557084210963e-20,5.1737099307793664e-15
0.0028323345186861333,0.05595639656,0.054,0.0,0.0,0.00024258033050322957,0.8396685678543025,0.051171145325772875,0.01657926696711047,5.944179774159132e-07,0.031885687147588555,0.0,0.02853729287433135,7.943833191454146e-08,1.7378935673354256e-11,1.5405451344706583e-07,7.636216128006627e-09,2.1394391461420118e-09,8.536225347303212e-09,5.620176602149616e-07,2.038225765499216e-06,0.0009517827718721607,8.454947190493813e-10,2.7933243222621744e-07,3.32806377864965e-20,5.173978958130119e-15
0.002849276453798546,0.05595639656,0.054,0.0,0.0,0.000241871572705465,0.839600597969676,0.05130636525194691,0.01662435019298998,5.96426483455157e-07,0.03179554159420475,0.0,0.02853803027930214,7.920306327379145e-08,1.7273885796320186e-11,1.5316613390832564e-07,7.590942661277404e-09,2.1335812089789053e-09,8.533583198875177e-09,5.603531144505522e-07,2.032241598643388e-06,0.0009517691941419457,8.42216540256253e-10,2.7907995202773135e-07,3.3505924693222487e-20,5.174246353297156e-15
0.002866218388910959,0.05595639656,0.054,0.0,0.0,0.00024116712981059522,0.8395330295113297,0.051440786698999645,0.01666916720290295,5.984314446887208e-07,0.03170592835129429,0.0,0.02853876320622714,7.896924461023238e-08,1.7169829908200225e-11,1.522856514181291e-07,7.546082208731394e-09,2.1277593556835074e-09,8.530831745055879e-09,5.586988273771386e-07,2.026294008183259e-06,0.0009517556880588097,8.389537246048508e-10,2.7882583762732483e-07,3.3731571929470036e-20,5.174512131497765e-15
0.0028831603240233716,0.05595639656,0.054,0.0,0.0,0.0002404669614783736,0.8394658588309717,0.05157441692260497,0.01671372041585197,6.004329208772824e-07,0.03161684258184612,0.0,0.028539491696884235,7.873686222069135e-08,1.7066755248642534e-11,1.5141297064313817e-07,7.501629662020612e-09,2.1219732444741747e-09,8.527973080695725e-09,5.570547020236233e-07,2.020382651062628e-06,0.0009517422530382205,8.357062469425937e-10,2.785701314546838e-07,3.395758223819932e-20,5.17477630775715e-15
0.0029001022591357843,0.05595639656,0.054,0.0,0.0,0.0002397710278789371,0.8393990823252669,0.051707263089038266,0.016758012221035543,6.024309705337778e-07,0.031528279508446666,0.0,0.02854021579252377,7.85059025712972e-08,1.696464926394228e-11,1.505479977074936e-07,7.457579992686161e-09,2.116222537942145e-09,8.525009261721822e-09,5.554206426579791e-07,2.0145071885767424e-06,0.000951728888502046,8.324740801449316e-10,2.7831287508821076e-07,3.4183958317840295e-20,5.175038896911509e-15
0.002917044194248197,0.05595639656,0.054,0.0,0.0,0.0002390792896846416,0.8393326964351389,0.05183933227656946,0.016802044978312485,6.04425650953537e-07,0.03144023441235107,0.0,0.028540935533876963,7.82763523022182e-08,1.6863499603007103e-11,1.49690640165816e-07,7.413928250649458e-09,2.1105069029827746e-09,8.521942305940659e-09,5.537965547672545e-07,2.0086672863025534e-06,0.000951715593878461,8.292571951938157e-10,2.7805410927320445e-07,3.441070282299085e-20,5.1752999136110356e-15
0.00293398612936061,0.05595639656,0.054,0.0,0.0,0.00023839170806207183,0.8392666976450803,0.05197063147682963,0.016845821018657513,6.064170182435971e-07,0.031352702632572185,0.0,0.02854165096116416,7.804819822980214e-08,1.6763294113413422e-11,1.4884080697680672e-07,7.370669562740046e-09,2.104826010732639e-09,8.518774193823134e-09,5.521823450380076e-07,2.0028626140304767e-06,0.0009517023686018666,8.260555612535845e-10,2.777938739396373e-07,3.463781836510715e-20,5.17555937232286e-15
0.0029509280644730226,0.05595639656,0.054,0.0,0.0,0.00023770824466422168,0.8392010824824808,0.052101167596152076,0.01688934264460835,6.084051273512237e-07,0.031265679564986604,0.0,0.02854236211410289,7.7821427328545e-08,1.6664020837547898e-11,1.4799840847741514e-07,7.3277991312410144e-09,2.0991795364930687e-09,8.515506869272541e-09,5.505779213371555e-07,1.997092845697582e-06,0.000951689212112813,8.228691457444045e-10,2.7753220821954897e-07,3.486530751318673e-20,5.175817287333932e-15
0.0029678699995854354,0.05595639656,0.054,0.0,0.0,0.00023702886162278107,0.8391358475169632,0.0522309474568882,0.016932612130704374,6.103900320916577e-07,0.03117916066145733,0.0,0.028543069031915825,7.759602673534818e-08,1.6565668008842184e-11,1.4716335635754883e-07,7.285312232475695e-09,2.0935671596623627e-09,8.512142240372028e-09,5.489831926930883e-07,1.991357659321702e-06,0.0009516761238579022,8.196979144131546e-10,2.7726915046394417e-07,3.509317279444339e-20,5.176073672753858e-15
0.002984811934697848,0.05595639656,0.054,0.0,0.0,0.0002363535215405822,0.8390709893597343,0.05235997779869882,0.016975631723917136,6.123717851751139e-07,0.031093141428973008,0.0,0.028543771753338595,7.737198376332053e-08,1.6468224048093888e-11,1.4633556363534885e-07,7.24320421543838e-09,2.08798856368401e-09,8.508682180115476e-09,5.473980692771836e-07,1.9856567369369147e-06,0.000951663103289703,8.165418314020284e-10,2.7700473825931155e-07,3.5321416694974435e-20,5.176328542517692e-15
0.003001753869810261,0.05595639656,0.054,0.0,0.0,0.00023568218748424227,0.8390065046629492,0.05248826527982158,0.017018403644072862,6.143504382330552e-07,0.031007617428803,0.0,0.028544470316627338,7.714928587395347e-08,1.637167755986103e-11,1.455149446329986e-07,7.201470500429872e-09,2.082443435972019e-09,8.505128527124973e-09,5.458224623857898e-07,1.9799897645306884e-06,0.0009516501498666921,8.13400859315012e-10,2.767390084438598e-07,3.5550041660419775e-20,5.176581910388644e-15
0.0030186958049226737,0.05595639656,0.054,0.0,0.0,0.00023501482297688415,0.8389423901190832,0.052615816478314655,0.017060930084267085,6.163260418437588e-07,0.03092258427566824,0.0,0.02854516475956628,7.692792067200677e-08,1.627601732894543e-11,1.447014149530252e-07,7.160106577726208e-09,2.0769314678372258e-09,8.501483086347726e-09,5.442562844224179e-07,1.9743564319817202e-06,0.0009516372630531591,8.102749592820196e-10,2.7647199712325307e-07,3.577905009661251e-20,5.176833789960764e-15
0.0030356377400350865,0.05595639656,0.054,0.0,0.0,0.00023435139199096756,0.8388786424603191,0.052742637893277634,0.01710321321127165,6.182986455572047e-07,0.03083803763692736,0.0,0.028545855119475078,7.670787594484433e-08,1.618123231696201e-11,1.438948914551215e-07,7.119108006311485e-09,2.071452354451702e-09,8.497747629735307e-09,5.426994488802078e-07,1.968756432998708e-06,0.0009516244423191119,8.071640910208332e-10,2.7620373968591744e-07,3.600844437022203e-20,5.177084194661589e-15
0.0030525796751474992,0.05595639656,0.054,0.0,0.0,0.00023369185894137593,0.8388152584579449,0.0528687359460499,0.017145255165934247,6.202682979192954e-07,0.03075397323177781,0.0,0.028546541433215944,7.648913962739518e-08,1.6087311658966593e-11,1.4309529223348736e-07,7.078470412602253e-09,2.066005794782074e-09,8.493923896915298e-09,5.41151870325003e-07,1.9631894650612895e-06,0.0009516116871402367,8.040682128973416e-10,2.7593427081823906e-07,3.623822680938828e-20,5.177333137754673e-15
0.003069521610259912,0.05595639656,0.054,0.0,0.0,0.0002330361886785681,0.8387522349217612,0.052994116981386896,0.017187058063570522,6.222350464954351e-07,0.030670386830471654,0.0,0.028547223737200776,7.627169976075334e-08,1.599424466016237e-11,1.4230253659460515e-07,7.038189489175284e-09,2.0605914914943477e-09,8.490013595843386e-09,5.39613464378599e-07,1.957655229361556e-06,0.0009515989969978157,8.009872819835481e-10,2.756636245192741e-07,3.646839970434771e-20,5.177580632342131e-15
0.003086463545372325,0.05595639656,0.054,0.0,0.0,0.00023238434648172138,0.8386895686995005,0.053118787268614985,0.017228623994349067,6.241989378934831e-07,0.03058727425354576,0.0,0.028547902067398212,7.605554457698723e-08,1.590202079270565e-11,1.4151654503548052e-07,6.9982609936009875e-09,2.055209150937085e-09,8.486018403431519e-09,5.380841477019927e-07,1.95215343074551e-06,0.0009515863713785961,7.979212541134631e-10,2.7539183411484455e-07,3.669896530805089e-20,5.177826691367176e-15
0.0031034054804847376,0.05595639656,0.054,0.0,0.0,0.0002317362980522279,0.8386272566762573,0.053242753002765174,0.01726995502366946,6.261600177861045e-07,0.03050463137106589,0.0,0.028548576459340246,7.584066248727257e-08,1.5810629692554702e-11,1.407372392224223e-07,6.958680747274678e-09,2.0498584831070526e-09,8.481939966176772e-09,5.365638379794661e-07,1.9466837776575155e-06,0.000951573809774779,7.948700839375784e-10,2.7511893227175637e-07,3.6929925836772394e-20,5.17807132761647e-15
0.0031203474155971503,0.05595639656,0.054,0.0,0.0,0.00023109200950734732,0.8385652957739287,0.05336602030568633,0.01731105319253324,6.281183309325272e-07,0.030422454101884773,0.0,0.02854924694812894,7.562704194082514e-08,1.5720061156367416e-11,1.3996454197020737e-07,6.919444634166876e-09,2.0445392015051298e-09,8.477779900778436e-09,5.350524539030431e-07,1.9412459820860567e-06,0.0009515613116839889,7.918337249757188e-10,2.748449510117654e-07,3.716128347071113e-20,5.178314553722515e-15
0.003137289350709563,0.05595639656,0.054,0.0,0.0,0.0002304514473735653,0.8385036829506634,0.053488595227137906,0.017351920517908362,6.300739211997282e-07,0.030340738412913452,0.0,0.028549913568443247,7.541467155539283e-08,1.563030513852982e-11,1.3919837722159707e-07,6.880548599734232e-09,2.0392510231178997e-09,8.473539794713832e-09,5.335499151563005e-07,1.9358397595070785e-06,0.0009515488766090591,7.888121296670878e-10,2.745699217243974e-07,3.739304035458233e-20,5.1785563821661136e-15
0.003154231285821976,0.05595639656,0.054,0.0,0.0,0.00022981457858035914,0.8384424152003233,0.05361048374586335,0.01739255899308693,6.320268315830735e-07,0.03025948031840571,0.0,0.02855057635454526,7.52035402456036e-08,1.5541351748234078e-11,1.3843867002744853e-07,6.841988649922465e-09,2.033993668482871e-09,8.469221206820116e-09,5.320561423991299e-07,1.9304648288307486e-06,0.0009515365040580114,7.85805249419412e-10,2.742938751800316e-07,3.762519859820307e-20,5.178796825278582e-15
0.0031711732209343886,0.05595639656,0.054,0.0,0.0,0.00022918137045455913,0.8383814895519526,0.05373169177064409,0.01743297058803658,6.339771042264127e-07,0.030178675879255563,0.0,0.028551235340286217,7.499363688091068e-08,1.545319124652506e-11,1.376853465272535e-07,6.803760849904205e-09,2.0287668614732197e-09,8.46482566789484e-09,5.305710572538787e-07,1.9251209123532217e-06,0.0009515241935441989,7.828130346575982e-10,2.740168415436615e-07,3.785776027706749e-20,5.179035895243903e-15
0.0031881151560468014,0.05595639656,0.054,0.0,0.0,0.00022855179071391707,0.838320903069257,0.05385222514133418,0.01747315724974546,6.359247804416407e-07,0.030098321202307612,0.0,0.02855189055911328,7.478495032752306e-08,1.536581404351309e-11,1.369383339297792e-07,6.7658613229552675e-09,2.0235703291715103e-09,8.460354681223766e-09,5.290945822897001e-07,1.919807735701785e-06,0.0009515119445859732,7.798354348685536e-10,2.737388503865501e-07,3.8090727432911745e-20,5.179273604101145e-15
0.003205057091159214,0.05595639656,0.054,0.0,0.0,0.00022792580746066392,0.8382606528500937,0.05397208962987667,0.017513120902561147,6.378699007277768e-07,0.030018412439678954,0.0,0.02855254204407584,7.457747002250245e-08,1.5279210695735736e-11,1.3619756049431787e-07,6.728286249769497e-09,2.0184038021661035e-09,8.455809723088433e-09,5.276266410069004e-07,1.91452502777996e-06,0.0009514997567064554,7.768723986443644e-10,2.734599306973401e-07,3.832410207427606e-20,5.1795099637467284e-15
0.003221999026271627,0.05595639656,0.054,0.0,0.0,0.00022730338917690478,0.8382007360259683,0.05409129094130273,0.017552863448523384,6.398125047895424e-07,0.029938945788093623,0.0,0.02855318982783016,7.437118543421547e-08,1.5193371903326745e-11,1.3546295551269742e-07,6.691031867260319e-09,2.0132670143536415e-09,8.451192243376407e-09,5.261671578255069e-07,1.9092725207279765e-06,0.0009514876294340843,7.739238737280837e-10,2.731801108963648e-07,3.8557886177056774e-20,5.179744985936062e-15
0.0032389409613840397,0.05595639656,0.054,0.0,0.0,0.00022668450471896533,0.838141149761542,0.05420983471471141,0.017592386767691058,6.417526315554254e-07,0.029859917488229717,0.0,0.028553833942646076,7.41660854216662e-08,1.5108288507274922e-11,1.347344492910032e-07,6.6540944670513695e-09,2.008159702379302e-09,8.446503666102804e-09,5.247160580714412e-07,1.904049949874464e-06,0.0009514755623023592,7.709898070552005e-10,2.728994188473988e-07,3.8792081685041976e-20,5.179978682285955e-15
0.0032558828964964525,0.05595639656,0.054,0.0,0.0,0.00022606912330955763,0.8380818912541466,0.054327726524232234,0.017631692718463248,6.436903191953213e-07,0.029781323824076805,0.0,0.028554474420414526,7.396215972903868e-08,1.50239514871778e-11,1.3401197313148697e-07,6.61747039522239e-09,2.0030816062611312e-09,8.441745389769273e-09,5.232732679577484e-07,1.8988570536699788e-06,0.0009514635548487845,7.68070144788436e-10,2.7261788186453424e-07,3.902669051044843e-20,5.180211064277316e-15
0.0032728248316088652,0.05595639656,0.054,0.0,0.0,0.00022545721453397116,0.8380229577333096,0.05444497187997299,0.01767078313789467,6.456256051377524e-07,0.02970316112230401,0.0,0.028555111292650315,7.37593990379119e-08,1.4940351958666863e-11,1.3329545931619023e-07,6.581156051744834e-09,1.9980324697615367e-09,8.436918787972634e-09,5.218387145750435e-07,1.893693573654227e-06,0.0009514516066159486,7.65164832360718e-10,2.723355267266473e-07,3.9261714534458225e-20,5.1804421432561234e-15
0.003289766766721278,0.05595639656,0.054,0.0,0.0,0.00022484874833765813,0.8379643464602863,0.05456157622894938,0.01770965984200554,6.475585260865473e-07,0.029625425751642155,0.0,0.02855574459049653,7.35577920780317e-08,1.485748117034699e-11,1.3258484109026743e-07,6.545147887882791e-09,1.9930120387613797e-09,8.432025210087149e-09,5.204123258851372e-07,1.8885592544348733e-06,0.0009514397171524658,7.622738145195386e-10,2.720523796942875e-07,3.949715560772294e-20,5.18067193043499e-15
0.0033067087018336908,0.05595639656,0.054,0.0,0.0,0.00022424369501546012,0.8379060547275998,0.05467754495599463,0.01774832462608601,6.49489118037111e-07,0.029548114122276058,0.0,0.02855637434473653,7.335732768418116e-08,1.4775330501904075e-11,1.3188005264357668e-07,6.509442405771652e-09,1.9880200616282883e-09,8.427065981375434e-09,5.189940306955827e-07,1.8834538435964963e-06,0.0009514278860099521,7.593970353500408e-10,2.7176846650935034e-07,3.973301555086305e-20,5.180900436897495e-15
0.0033236506369461035,0.05595639656,0.054,0.0,0.0,0.00022364202520476346,0.8378480798585912,0.05479288338465919,0.01778677926499528,6.514174162924677e-07,0.02947122268524198,0.0,0.02855700058579657,7.3157998875801e-08,1.4693891462501196e-11,1.3118102909532441e-07,6.474036160340555e-09,1.9830562918699007e-09,8.422042403345943e-09,5.175837586432606e-07,1.8783770916425635e-06,0.0009514161127432553,7.565344383066539e-10,2.7148381240208294e-07,3.996929615500546e-20,5.181127673599121e-15
0.0033405925720585163,0.05595639656,0.054,0.0,0.0,0.0002230437098923441,0.8377904192069755,0.054907596778097284,0.017825025513455453,6.533434554787242e-07,0.029394747931841304,0.0,0.028557623343740342,7.295979583702346e-08,1.4613155686900562e-11,1.304877064810989e-07,6.438925755401713e-09,1.9781204852842836e-09,8.416955755000105e-09,5.161814402092244e-07,1.873328752051755e-06,0.0009514043969159959,7.536859662751348e-10,2.7119844212522647e-07,4.020599918227089e-20,5.181353651365204e-15
0.0033558403136596878,0.05595639656,0.054,0.0,0.0,0.00022250807050142992,0.8377387911133687,0.05501030872907962,0.017859270397514917,6.550749873270243e-07,0.029326274050343933,0.0,0.02855818087239509,7.278236261697237e-08,1.4541087964935751e-11,1.2986853828455423e-07,6.407576563588713e-09,1.9737019649427263e-09,8.412324885355765e-09,5.149260971671963e-07,1.8688093375738918e-06,0.0009513939014249113,7.511343706942984e-10,2.7094101662330947e-07,4.041939451192087e-20,5.18155596381224e-15
0.003371088055260859,0.05595639656,0.054,0.0,0.0,0.0002219751043380272,0.8376874135293645,0.0551125223699702,0.01789334914197334,6.568047411596173e-07,0.02925813237040372,0.0,0.028558735625241784,7.260582396582949e-08,1.446957728582642e-11,1.2925389138027957e-07,6.376461879855376e-09,1.969305722091446e-09,8.407644846817105e-09,5.136770913449483e-07,1.8643125639757697e-06,0.0009513834517917406,7.485941272369681e-10,2.706830480372809e-07,4.0633134653146025e-20,5.1817572729119796e-15
0.0033863357968620307,0.05595639656,0.054,0.0,0.0,0.00022144479093093812,0.8376362845872118,0.05521424141552681,0.01792726298532295,6.585327408717444e-07,0.029190320415558923,0.0,0.028559287623488423,7.243018230135462e-08,1.4398617806492332e-11,1.2864372097370557e-07,6.345579332809964e-09,1.9649315897958618e-09,8.402916524980304e-09,5.124343737077632e-07,1.8598382573324597e-06,0.0009513730477036447,7.46065193142897e-10,2.704245534056222e-07,4.084722083217045e-20,5.1819575863019344e-15
0.0034000587643030853,0.05595639656,0.054,0.0,0.0,0.00022096976024922743,0.837590479599568,0.05530536871752731,0.01795764546742055,6.600864602602289e-07,0.0291295695445314,0.0,0.028559782084062357,7.227285247475361e-08,1.4335220781352462e-11,1.2809835845480708e-07,6.317981573641286e-09,1.9610136273013347e-09,8.39862047545242e-09,5.113212641804825e-07,1.8558304485329504e-06,0.0009513637227199212,7.437987864646346e-10,2.701914723601346e-07,4.104019525464657e-20,5.182137023263902e-15
0.0034000680042898202,0.05595639656,0.054,0.0,0.0,0.00022096944111603989,0.837590448825115,0.05530542994216374,0.017957665880144146,6.600875059461362e-07,0.029129528728552696,0.0,0.028559782416250724,7.227274654307861e-08,1.4335178248295686e-11,1.2809799248449976e-07,6.317963069834813e-09,1.961010995893572e-09,8.398617570078361e-09,5.113205163950025e-07,1.855827756046069e-06,0.0009513637164536094,7.437972635101922e-10,2.7019131528537405e-07,4.104032528363596e-20,5.182137143814234e-15
0.0034000763201820078,0.05595639656,0.054,0.0,0.0,0.0002209691539001536,0.8375904211284992,0.0553054850435566,0.017957684251335364,6.600884470520957e-07,0.02912949199469177,0.0,0.028559782715216076,7.227265134803011e-08,1.4335139961214189e-11,1.2809766307483513e-07,6.3179463935827876e-09,1.961008626599094e-09,8.398614955206377e-09,5.113198433974222e-07,1.8558253328414854e-06,0.0009513637108139574,7.437958928716859e-10,2.701911739196109e-07,4.1040442308490177e-20,5.182137252308019e-15
0.0034000846360741953,0.05595639656,0.054,0.0,0.0,0.00022096886668501953,0.8375903934319604,0.05530554014479632,0.017957702622475532,6.600893881575184e-07,0.02912945526093289,0.0,0.028559783014180627,7.227255619948462e-08,1.4335101675335857e-11,1.2809733366867566e-07,6.317929720967402e-09,1.961006257475561e-09,8.398612340324496e-09,5.113191704016131e-07,1.8558229096432288e-06,0.0009513637051742908,7.437945222363999e-10,2.701910325537047e-07,4.104055933343662e-20,5.182137360801516e-15
0.003400092120377164,0.05595639656,0.054,0.0,0.0,0.00022096860819195705,0.8375903685051306,0.055305589735802706,0.017957719156465216,6.600902351520153e-07,0.0291294222006228,0.0,0.02855978328324813,7.227247058141928e-08,1.4335067218972642e-11,1.2809703720785896e-07,6.3179147180255866e-09,1.961004125392644e-09,8.398609986919157e-09,5.113185647067092e-07,1.8558207287695158e-06,0.0009513637000985899,7.437932886671213e-10,2.701909053242288e-07,4.104066465599799e-20,5.182137458445451e-15
0.0034000996046801325,0.05595639656,0.054,0.0,0.0,0.00022096834969958577,0.8375903435783666,0.05530563932667792,0.017957735690411168,6.600910821460523e-07,0.029129389140400152,0.0,0.028559783552314914,7.227238496853363e-08,1.4335032763227223e-11,1.2809674075126758e-07,6.317899716441948e-09,1.961001993390547e-09,8.398607633507692e-09,5.113179590134381e-07,1.8558185479016457e-06,0.0009513636950228968,7.437920551006507e-10,2.7019077809463685e-07,4.1040769978618345e-20,5.1821375560891225e-15
0.003400107088983101,0.05595639656,0.054,0.0,0.0,0.00022096809120783113,0.8375903186516609,0.05530568891743708,0.017957752224318436,6.600919291396824e-07,0.029129356080254864,0.0,0.02855978382138105,7.22722993580693e-08,1.4334998307833538e-11,1.280964442973053e-07,6.317884715490067e-09,1.9609998614276475e-09,8.398605280084673e-09,5.113173533216295e-07,1.8558163670389979e-06,0.0009513636899472124,7.437908215368431e-10,2.701906508649072e-07,4.1040875301331893e-20,5.1821376537325615e-15
0.0034001220575890384,0.05595639656,0.054,0.0,0.0,0.0002209675742257114,0.8375902687983804,0.05530578809869537,0.017957785292046263,6.60093623126031e-07,0.02912928996013764,0.0,0.028559784359511876,7.227212813923491e-08,1.4334929397537625e-11,1.2809585139337965e-07,6.317854714122271e-09,1.9609955975381434e-09,8.398600573197622e-09,5.113161419413228e-07,1.8558120053254926e-06,0.0009513636797958664,7.437883544154869e-10,2.701903964049914e-07,4.104108594707441e-20,5.182137849018917e-15
0.0034001370261949756,0.05595639656,0.054,0.0,0.0,0.00022096705724592062,0.8375902189453187,0.05530588727951868,0.017957818359629067,6.600953171108544e-07,0.0291292238403104,0.0,0.028559784897640293,7.227195692236786e-08,1.4334860487850408e-11,1.280952584945605e-07,6.3178247132470116e-09,1.9609913336865692e-09,8.39859586626665e-09,5.113149305665388e-07,1.8558076436317127e-06,0.0009513636696445592,7.43785887303745e-10,2.7019014194443665e-07,4.1041296593149116e-20,5.182138044304401e-15
0.0034001519948009128,0.05595639656,0.054,0.0,0.0,0.00022096654026859997,0.8375901690924884,0.05530598645988119,0.01795785142705824,6.600970110940622e-07,0.029129157720790343,0.0,0.028559785435766132,7.227178570645385e-08,1.433479157869105e-11,1.2809466560006915e-07,6.31779471261576e-09,1.9609870698574688e-09,8.398591159289716e-09,5.113137191976108e-07,1.8558032819588549e-06,0.0009513636594932945,7.437834202023959e-10,2.701898874832983e-07,4.104150723956807e-20,5.182138239588954e-15
0.003400181932012787,0.05595639656,0.054,0.0,0.0,0.00022096550632151254,0.8375900693875362,0.05530618481919745,0.017957917561446893,6.601003990555384e-07,0.029129025482689398,0.0,0.028559786512009983,7.227144327695453e-08,1.4334653761912251e-11,1.2809347982361153e-07,6.31773471196159e-09,1.960978542259214e-09,8.39858174520171e-09,5.113112964776575e-07,1.8557945586771114e-06,0.0009513636391908951,7.437784860318298e-10,2.7018937855948875e-07,4.1041928533407197e-20,5.182138630155231e-15
0.0034002118692246616,0.05595639656,0.054,0.0,0.0,0.000220964472384485,0.8375899696835273,0.055306383176637414,0.017957983695209977,6.60103787010436e-07,0.029128893245839296,0.0,0.028559787588243384,7.227110085075574e-08,1.4334515947207013e-11,1.280922940640051e-07,6.317674712167222e-09,1.960970014743701e-09,8.398572330933639e-09,5.113088737815475e-07,1.855785835480565e-06,0.000951363618888669,7.437735519043178e-10,2.7018886963371033e-07,4.104234982859142e-20,5.182139020717731e-15
0.0034002717436484105,0.05595639656,0.054,0.0,0.0,0.00022096240454065648,0.8375897702783435,0.05530677988587959,0.01795811596085649,6.601105629004652e-07,0.029128628775897534,0.0,0.0285597897406788,7.227041600845892e-08,1.4334240324040905e-11,1.2808992259555497e-07,6.317554715205407e-09,1.9609529599641267e-09,8.398553501858196e-09,5.113040284609667e-07,1.8557683893434571e-06,0.0009513635782847363,7.437636837791065e-10,2.7018785177643714e-07,4.104319242298877e-20,5.182139801831382e-15
0.003400391492495908,0.05595639656,0.054,0.0,0.0,0.0002209582689739113,0.8375893714793132,0.05530757328181188,0.017958380484630502,6.601241146014569e-07,0.029128099851048497,0.0,0.028559794045424077,7.22690463643656e-08,1.4333689102695823e-11,1.280851798618117e-07,6.3173147318113925e-09,1.960918851412317e-09,8.398515841550426e-09,5.112943381063756e-07,1.8557334980932325e-06,0.0009513634970789508,7.437439480479633e-10,2.7018581603903e-07,4.1044877627898404e-20,5.182141364013298e-15
0.003400630990190903,0.05595639656,0.054,0.0,0.0,0.00022094999832407297,0.8375885739266026,0.055309159983467006,0.017958909502102154,6.601512176871916e-07,0.029127042061489118,0.0,0.028559802654412395,7.226630723820273e-08,1.4332586759951935e-11,1.2807569520694547e-07,6.31683480714506e-09,1.9608506383384178e-09,8.398440512309185e-09,5.112749585434832e-07,1.8556637196887831e-06,0.0009513633346756983,7.437044786628694e-10,2.7018174447280773e-07,4.104824810217682e-20,5.182144488195572e-15
0.003401109985580893,0.05595639656,0.054,0.0,0.0,0.00022093345895870173,0.8375869790025527,0.05531233302599449,0.01795996741675822,6.602054225940236e-07,0.02912492672288848,0.0,0.028559819870380407,7.226082963385024e-08,1.433038247416622e-11,1.2805672914705155e-07,6.315875126261326e-09,1.9607142283066525e-09,8.398289819335072e-09,5.112362040021329e-07,1.8555241792613078e-06,0.0009513630099024633,7.436255482005673e-10,2.7017360097488196e-07,4.1054989308592104e-20,5.182150735834028e-15
0.003401588980970883,0.05595639656,0.054,0.0,0.0,0.00022091692217199324,0.8375853843202941,0.05531550558755291,0.017961025171056202,6.602596258151495e-07,0.029122811704928923,0.0,0.028559837083670683,7.225535289331943e-08,1.4328178721184069e-11,1.280377674192696e-07,6.314915669922158e-09,1.960577839759403e-09,8.39813908039524e-09,5.111974555723735e-07,1.8553846606722347e-06,0.0009513626851735821,7.435466288148034e-10,2.701654569901146e-07,4.106173085883492e-20,5.182156982504501e-15
0.003402067976360873,0.05595639656,0.054,0.0,0.0,0.00022090038796336475,0.8375837898797733,0.05531867766824811,0.017962082765031386,6.603138273512416e-07,0.029120697007539904,0.0,0.028559854294283826,7.224987701641206e-08,1.4325975500834773e-11,1.280188100222924e-07,6.313956438058089e-09,1.9604414726917318e-09,8.397988295516474e-09,5.111587132528067e-07,1.8552451639166085e-06,0.0009513623604890458,7.434677205044147e-10,2.701573125190347e-07,4.106847275293726e-20,5.182163228207215e-15
0.003402546971750863,0.05595639656,0.054,0.0,0.0,0.00022088385633220998,0.8375821956809352,0.055321849268190185,0.01796314019872048,6.603680272029963e-07,0.029118582630648,0.0,0.028559871502220464,7.224440200292276e-08,1.432377281294468e-11,1.2799985695478765e-07,6.312997430598459e-09,1.96030512709852e-09,8.397837464725275e-09,5.111199770419806e-07,1.8551056889892793e-06,0.0009513620358488452,7.433888232681126e-10,2.70149167562155e-07,4.107521499093418e-20,5.182169472942389e-15
0.003403504962530843,0.05595639656,0.054,0.0,0.0,0.0002208508008000693,0.837579008008101,0.055328191026224126,0.017965254585376806,6.604764218560788e-07,0.029114354838082807,0.0,0.028559905910066564,7.223345456543301e-08,1.4319369033870422e-11,1.2796196380306274e-07,6.311080088619824e-09,1.9600325003164084e-09,8.397535665513399e-09,5.110425229411432e-07,1.8548268046003592e-06,0.0009513613867014168,7.432310620134255e-10,2.7013287619312717e-07,4.1088700498726955e-20,5.182181959510972e-15
0.003404462953310823,0.05595639656,0.054,0.0,0.0,0.00022081775557069956,0.8375758213013464,0.055334530862539595,0.017967368331320187,6.605848097799871e-07,0.02911012832664345,0.0,0.02855994030721403,7.222251057919908e-08,1.4314967382569849e-11,1.279240879534157e-07,6.309163643419757e-09,1.959759959371925e-09,8.397233682971204e-09,5.109650932581923e-07,1.854548007464084e-06,0.0009513607377312225,7.430733450403389e-10,2.7011658288712664e-07,4.110218738249643e-20,5.182194442212071e-15
0.003405420944090803,0.05595639656,0.054,0.0,0.0,0.00022078472063897364,0.8375726355602036,0.0553408687780679,0.01796948143686113,6.606931909806014e-07,0.029105903095709075,0.0,0.02855997469366818,7.221157004249063e-08,1.4310567857618978e-11,1.2788622939489785e-07,6.3072480944184494e-09,1.9594875042219677e-09,8.396931517307264e-09,5.10887687980859e-07,1.8542692975369061e-06,0.0009513600889381839,7.429156723370417e-10,2.701002876480515e-07,4.1115675642562004e-20,5.182206921047601e-15
0.003406378934870783,0.05595639656,0.054,0.0,0.0,0.00022075169599981015,0.8375694507842077,0.0553472047737321,0.017971593902307376,6.608015654637464e-07,0.029101679144664314,0.0,0.028560009069434268,7.22006329535862e-08,1.4306170457599878e-11,1.2784838811659416e-07,6.305333441037234e-09,1.9592151348235956e-09,8.396629168730516e-09,5.108103070969836e-07,1.853990674775671e-06,0.0009513594403222236,7.427580438921859e-10,2.7008399047992004e-07,4.112916527923742e-20,5.182219396019452e-15
0.0034082949164307434,0.05595639656,0.054,0.0,0.0,0.00022068567757970058,0.8375630841258802,0.055359871009005295,0.017975816914095045,6.610182942999277e-07,0.029093235079885635,0.0,0.028560077788922465,7.217876911260764e-08,1.4297382026804949e-11,1.2777275735805507e-07,6.301506818878375e-09,1.958670653117755e-09,8.39602392368178e-09,5.106556184629673e-07,1.8534336905855898e-06,0.0009513581436212413,7.424429197352745e-10,2.700513903725125e-07,4.115614868354725e-20,5.1822443343794e-15
0.00340997100298791,0.05595639656,0.054,0.0,0.0,0.00022062795886580266,0.8375575177815667,0.05537094504949894,0.01797950907696693,6.61207865109317e-07,0.029085852466700677,0.0,0.02856013786921529,7.21596540788375e-08,1.4289700928956443e-11,1.2770665270621383e-07,6.298162250306157e-09,1.9581946254104835e-09,8.39549386180758e-09,5.10520377885999e-07,1.852946730433302e-06,0.0009513570098568933,7.421673965134548e-10,2.7002286574957296e-07,4.117975808509477e-20,5.18226613761726e-15
0.003411647089545077,0.05595639656,0.054,0.0,0.0,0.00022057027158653374,0.8375519543850941,0.055382013226167245,0.017983199284802676,6.613974154379534e-07,0.029078473762672228,0.0,0.028560197916865458,7.214054957479929e-08,1.4282026315377079e-11,1.276406007944693e-07,6.294820415027878e-09,1.9577188595909712e-09,8.394963243080873e-09,5.103852118075894e-07,1.8524600364935633e-06,0.0009513558766335025,7.418920086123339e-10,2.699943352800823e-07,4.120337170472048e-20,5.182287929054875e-15
0.0034133231761022437,0.05595639656,0.054,0.0,0.0,0.0002205126157155929,0.83754639393406,0.055393075543788424,0.01798688753919534,6.615869453159088e-07,0.029071098964614867,0.0,0.02856025793190024,7.212145559159261e-08,1.427435817862088e-11,1.2757460156563456e-07,6.291481310011992e-09,1.9572433554374635e-09,8.394432068621717e-09,5.102501201647578e-07,1.851973608542934e-06,0.0009513547439506682,7.416167559739537e-10,2.6996579898545754e-07,4.1226989543978464e-20,5.1823097087020655e-15
0.0034166753492165768,0.05595639656,0.054,0.0,0.0,0.00022039739809365778,0.8375352818587117,0.05541518262097308,0.01799425819401386,6.619659438397235e-07,0.029056361073691226,0.0,0.028560377864232503,7.208329915211892e-08,1.4259041305847052e-11,1.2744276092830853e-07,6.2848112786598825e-09,1.956293131242485e-09,8.393368056977568e-09,5.099801599343001e-07,1.8510015497166601e-06,0.0009513524802050668,7.410666562539222e-10,2.699087090064471e-07,4.127423788758764e-20,5.1823532326643806e-15
0.00342002752233091,0.05595639656,0.054,0.0,0.0,0.00022028230579008092,0.8375241815363456,0.05543726631919211,0.018001621054138033,6.623448609203305e-07,0.029041638768504133,0.0,0.028560497666429624,7.204518468936957e-08,1.4243750251261416e-11,1.27311130338104e-07,6.278152132070484e-09,1.955343951055253e-09,8.392301835797704e-09,5.097104966919698e-07,1.850030552171166e-06,0.0009513502186168884,7.40517096889123e-10,2.6985159598325423e-07,4.132150312831761e-20,5.182396709582562e-15
0.003423379695445243,0.05595639656,0.054,0.0,0.0,0.00022016733859537812,0.8375130929478243,0.05545932667650825,0.018008976132257916,6.627236967964576e-07,0.02902693202367892,0.0,0.02856061733870872,7.200711213244696e-08,1.4228484955659374e-11,1.2717970934011156e-07,6.2715038461309095e-09,1.9543958131092027e-09,8.39123341397232e-09,5.09441129936158e-07,1.8490606141268206e-06,0.0009513479591829374,7.399680774144158e-10,2.697944600858756e-07,4.136878527853226e-20,5.182440139534812e-15
0.003426731868559576,0.05595639656,0.054,0.0,0.0,0.00022005249630053993,0.8375020160740525,0.0554813637309002,0.01801632344103554,6.631024517059317e-07,0.029012240813896965,0.0,0.028560736881286422,7.196908141061549e-08,1.4213245360007397e-11,1.2704849748066678e-07,6.26486639679567e-09,1.9534487156418143e-09,8.39016280036084e-09,5.091720591664035e-07,1.8480917338080342e-06,0.0009513457019000248,7.394195973640862e-10,2.697373014836549e-07,4.1416084350554294e-20,5.182483522599147e-15
0.003430084041673909,0.05595639656,0.054,0.0,0.0,0.00021993777869703775,0.8374909508959778,0.05550337752026137,0.018023662993104497,6.634811258856748e-07,0.028997565113896496,0.0,0.02856085629437885,7.193109245330363e-08,1.4198031405444098e-11,1.269174943073592e-07,6.258239760087132e-09,1.952502656894663e-09,8.389090003791869e-09,5.089032838834067e-07,1.8471239094433132e-06,0.000951343446764968,7.388716562718711e-10,2.696801203452824e-07,4.1463400356664946e-20,5.182526858853412e-15
0.0034367883879025756,0.05595639656,0.054,0.0,0.0,0.00021970871673218615,0.8374688555509109,0.055547335455064885,0.018038318877517428,6.642382329994325e-07,0.028968260142459686,0.0,0.028561094732970055,7.185523955072658e-08,1.4167680184976838e-11,1.2665611221560512e-07,6.245018828969821e-09,1.9506136485466917e-09,8.386937896941097e-09,5.083666177859575e-07,1.8451914215093519e-06,0.0009513389429257238,7.377773890933757e-10,2.6956569113152054e-07,4.155808322010496e-20,5.1826133912422755e-15
0.003443492734131242,0.05595639656,0.054,0.0,0.0,0.00021948015104207948,0.83744680676105,0.055591200782385046,0.01805294388600507,6.649950200153533e-07,0.02893901690839496,0.0,0.028561332656201515,7.177955286338194e-08,1.4137430826775766e-11,1.2639555947039753e-07,6.231840862302046e-09,1.9487287740787344e-09,8.384777163436214e-09,5.078311276723342e-07,1.8432631362337693e-06,0.0009513344476398736,7.366852721377375e-10,2.694511737810972e-07,4.165283396630269e-20,5.182699737320615e-15
0.0034501970803599087,0.05595639656,0.054,0.0,0.0,0.00021925207997551733,0.8374248043754935,0.055634973802350496,0.018067538118629815,6.65751488796969e-07,0.028909835211620553,0.0,0.02856157006578463,7.170403183251123e-08,1.4107282866065181e-11,1.2613583249700316e-07,6.218705670674003e-09,1.9468480195685277e-09,8.382607872807698e-09,5.072968095892854e-07,1.841339039589639e-06,0.0009513299608821876,7.355953016551994e-10,2.6933656962020885e-07,4.174765269206858e-20,5.182785897704862e-15
0.0034569014265885753,0.05595639656,0.054,0.0,0.0,0.00021902450188871002,0.8374028482440011,0.055678654813775444,0.01808210167501587,6.665076411940062e-07,0.02888071485293091,0.0,0.028561806963423104,7.162867590188828e-08,1.4077235840747035e-11,1.2587692774019296e-07,6.205613065731634e-09,1.9449713711570225e-09,8.380430094102183e-09,5.067636596014733e-07,1.839419117613155e-06,0.0009513254826275353,7.345074738871965e-10,2.692218799647504e-07,4.1842539493601284e-20,5.182871873008683e-15
0.003463605772817242,0.05595639656,0.054,0.0,0.0,0.0002187974151452266,0.8373809382169888,0.05572224411416891,0.01809663465435229,6.672634790425262e-07,0.02885165563399063,0.0,0.028562043350813054,7.155348451780118e-08,1.4047289291378956e-11,1.2561884166408753e-07,6.19256286016816e-09,1.9430988150479312e-09,8.3782438958867e-09,5.062316737913431e-07,1.837503356403182e-06,0.0009513210128508842,7.334217850665711e-10,2.6910710612040996e-07,4.1937494466490753e-20,5.1829576638430145e-15
0.003477014465274575,0.05595639656,0.054,0.0,0.0,0.00021834470917916023,0.8373372558813376,0.055809148765395736,0.018125609276464796,6.687742183705322e-07,0.02879371982635086,0.0,0.028562514601593893,7.140359318690734e-08,1.3987695795912008e-11,1.25105111506622e-07,6.1665889031534304e-09,1.9393659248643937e-09,8.373846512816687e-09,5.051711791224898e-07,1.8336842609904038e-06,0.0009513120986319529,7.31256809157812e-10,2.6887731103728607e-07,4.212760930567876e-20,5.183128694533371e-15
0.003490423157731908,0.05595639656,0.054,0.0,0.0,0.00021789394913215962,0.8372937561849176,0.05589569011015152,0.018154462769827767,6.702837211993795e-07,0.028736026219318526,0.0,0.02856298383154465,7.125435346009805e-08,1.3928498756652629e-11,1.2459461412064093e-07,6.1407823219007915e-09,1.9356492398948463e-09,8.369416262679416e-09,5.041152945957861e-07,1.829881643388125e-06,0.0009513032180271121,7.291003436322719e-10,2.6864719461545107e-07,4.2317997962212347e-20,5.1832989946091106e-15
0.0035038318501892413,0.05595639656,0.054,0.0,0.0,0.00021744512217490542,0.8372504379544428,0.0559818704820015,0.018183195912448696,6.717920017348483e-07,0.028678573257214138,0.0,0.028563451053962973,7.110576099719632e-08,1.386969459202373e-11,1.2408732190459968e-07,6.115141655037769e-09,1.9319486520035896e-09,8.364953677115225e-09,5.030639895041605e-07,1.8260953946196798e-06,0.0009512943708396451,7.269523580745747e-10,2.6841676694159214e-07,4.2508661179034934e-20,5.183468568860389e-15
0.0035172405426465744,0.05595639656,0.054,0.0,0.0,0.000216998215592547,0.8372073000268445,0.056067692194192775,0.018211809475561183,6.732990739739295e-07,0.028621359397903313,0.0,0.028563916282028073,7.095781149711024e-08,1.3811279761303564e-11,1.2358320755534358e-07,6.089665457326301e-09,1.9282640540305527e-09,8.360459280433313e-09,5.020172334170721e-07,1.8223254066832144e-06,0.0009512855568743804,7.248128219575237e-10,2.681860379468984e-07,4.2699599689605946e-20,5.183637422034848e-15
0.0035306492351039075,0.05595639656,0.054,0.0,0.0,0.0002165532167833436,0.8371643412491526,0.05615315753988981,0.018240304223703534,6.748049517085631e-07,0.02856438311263973,0.0,0.028564379528802163,7.081050069736734e-08,1.3753250764053558e-11,1.230822440641206e-07,6.0643522994432086e-09,1.924595339779645e-09,8.355933589720535e-09,5.009749961772103e-07,1.8185715725401112e-06,0.0009512767759376775,7.226817046487885e-10,2.6795501740945933e-07,4.2890814218044054e-20,5.183805558838128e-15
0.0035440579275612407,0.05595639656,0.054,0.0,0.0,0.00021611011325738618,0.837121560478384,0.0562382687923967,0.018268680914792734,6.763096485291529e-07,0.02850764288591706,0.0,0.02856484080723171,7.066382437367416e-08,1.3695604139564192e-11,1.225844047127281e-07,6.039200767767701e-09,1.9209424040077473e-09,8.351377114948964e-09,4.999372478973804e-07,1.8148337861040738e-06,0.0009512680278374093,7.205589754177133e-10,2.677237149566502e-07,4.3082305479254555e-20,5.183972983934315e-15
0.003557466620018574,0.05595639656,0.054,0.0,0.0,0.0002156688926354721,0.8370789565814444,0.056323028205352205,0.018296940300189593,6.778131778276568e-07,0.02845113721533883,0.0,0.028565300130148668,7.051777833952525e-08,1.3638336466328604e-11,1.2208966306987574e-07,6.014209464180316e-09,1.917305142414937e-09,8.346790359082753e-09,4.989039589577496e-07,1.8111119422315121e-06,0.0009512593123829509,7.184446034425288e-10,2.674921400675456e-07,4.327407417901178e-20,5.184139701946378e-15
0.003570875312475907,0.05595639656,0.054,0.0,0.0,0.000215229542647676,0.8370365284350031,0.05640743801297825,0.018325083124781472,6.793155528014997e-07,0.028394864611452863,0.0,0.02856575751027189,7.037235844571733e-08,1.3581444361473853e-11,1.2159799298718847e-07,5.989377005843592e-09,1.913683451632339e-09,8.342173818182855e-09,4.978751000023852e-07,1.8074059367093714e-06,0.0009512506293851623,7.163385578162331e-10,2.672603020751867e-07,4.3466121014127554e-20,5.1843057174566896e-15
0.00358428400493324,0.05595639656,0.054,0.0,0.0,0.00021479205113216572,0.8369942749253898,0.056491500430285536,0.018353110127050955,6.808167864567933e-07,0.028338823597614103,0.0,0.028566212960208413,7.02275605799398e-08,1.3524924480252253e-11,1.211093685956721e-07,5.964702025007113e-09,1.9100772292118867e-09,8.337527981504817e-09,4.968506419363703e-07,1.8037156662450232e-06,0.0009512419786563753,7.142408075525854e-10,2.67028210168754e-07,4.365844667259389e-20,5.184471035007458e-15
0.0035976926973905732,0.05595639656,0.054,0.0,0.0,0.00021435640603406376,0.8369521949484959,0.05657521765327178,0.01838102203914184,6.823168916114069e-07,0.02828301270985256,0.0,0.02856666649245456,7.008338066638003e-08,1.346877351552284e-11,1.206237643021091e-07,5.940183168808749e-09,1.9064863736164587e-09,8.332853331603246e-09,4.958305559230238e-07,1.8000410284565509e-06,0.0009512333600103797,7.121513215926448e-10,2.6679587339591394e-07,4.3851051833659996e-20,5.184635659101162e-15
0.0036111013898479064,0.05595639656,0.054,0.0,0.0,0.00021392259540430826,0.8369102874096729,0.05665859185911938,0.018408819586925067,6.838158808980145e-07,0.028227430496741483,0.0,0.028567118119397203,6.993981466533209e-08,1.3412988197241097e-11,1.201411547855067e-07,5.9158190990788575e-09,1.9029107842100968e-09,8.328150344433552e-09,4.948148133811197e-07,1.7963819218630165e-06,0.0009512247732624105,7.100700688113937e-10,2.665633006650873e-07,4.40439371679165e-20,5.184799594200963e-15
0.0036379187747625726,0.05595639656,0.054,0.0,0.0,0.00021306043027543488,0.8368269853143223,0.05682431983530727,0.018464074462106673,6.86810561491142e-07,0.028116946350642883,0.0,0.028568015706379346,6.965450841999571e-08,1.3302501602355492e-11,1.1918482013957205e-07,5.867550038666303e-09,1.895805005864363e-09,8.3186612296719e-09,4.927962456464477e-07,1.789109900780224e-06,0.0009512076947286154,7.059321379857456e-10,2.6609748227914855e-07,4.4430550995982003e-20,5.185125415077563e-15
0.003662054421185772,0.05595639656,0.054,0.0,0.0,0.00021229063779281833,0.8367525923752563,0.05697232335880005,0.01851341987976817,6.895020808068385e-07,0.028018278377710214,0.0,0.028568817140591625,6.939979257850705e-08,1.3204282114740354e-11,1.1833411252646887e-07,5.824624123585662e-09,1.889461024230297e-09,8.310028755929803e-09,4.909941077591439e-07,1.7826171985252373e-06,0.000951192431314915,7.022358443045664e-10,2.656775253472151e-07,4.4779468188399066e-20,5.185416341492264e-15
0.0036861900676089716,0.05595639656,0.054,0.0,0.0,0.00021152660786800232,0.8366787415331584,0.05711924852791608,0.01856240576630677,6.921901730381954e-07,0.02792032929696845,0.0,0.028569612589384664,6.914700459561855e-08,1.3107198109237761e-11,1.1749272627612585e-07,5.7821795569162815e-09,1.8831649800786345e-09,8.301311579843383e-09,4.892056095977785e-07,1.7761732792306288e-06,0.0009511772684417914,6.985657396160583e-10,2.652569363107689e-07,4.5129303188797914e-20,5.185705103226712e-15
0.003710325714032171,0.05595639656,0.054,0.0,0.0,0.00021076827448760272,0.8366054267328092,0.05726510738617403,0.018611036137027696,6.948749055653473e-07,0.0278230910795592,0.0,0.028570402121197082,6.889612216486174e-08,1.3011231791994204e-11,1.1666052310993687e-07,5.740209040971872e-09,1.8769163177733484e-09,8.292512250900018e-09,4.874305933423666e-07,1.7697775823359449e-06,0.0009511622050820313,6.949216407153271e-10,2.648357623610961e-07,4.548005961110975e-20,5.185991724944821e-15
0.0037344613604553705,0.05595639656,0.054,0.0,0.0,0.00021001557265907443,0.8365326420104384,0.057409911795229994,0.018659314946604725,6.975563440597738e-07,0.027726555817862986,0.0,0.028571185803411028,6.864712332785645e-08,1.2916365720508505e-11,1.158373673404799e-07,5.698705417647937e-09,1.870714490364883e-09,8.283633256649261e-09,4.856689036356864e-07,1.763429555971325e-06,0.0009511472402224953,6.913033641200236e-10,2.6441404938990636e-07,4.583174098741899e-20,5.1862762309311085e-15
0.00375859700687857,0.05595639656,0.054,0.0,0.0,0.00020926843839091195,0.8364603814919904,0.0575536734383257,0.01870724609022978,7.002345525346878e-07,0.027630715723200465,0.0,0.02857196370237261,6.839998646750497e-08,1.2822582795308613e-11,1.1502312581309987e-07,5.65766166521264e-09,1.864558959420003e-09,8.274677024306278e-09,4.839203875351261e-07,1.757128656788583e-06,0.000951132372863871,6.877107261580189e-10,2.6399184202473e-07,4.618435076995552e-20,5.1865586450979646e-15
0.0037827326533017695,0.05595639656,0.054,0.0,0.0,0.00020852680867321097,0.8363886393914209,0.0576964038236758,0.018754833404742176,7.02909593394016e-07,0.027535563123574296,0.0,0.028572735883412012,6.815469030131931e-08,1.2729866251903465e-11,1.1421766784928999e-07,5.617070895199696e-09,1.858449194854915e-09,8.265645922289438e-09,4.821848944654368e-07,1.7508743497953799e-06,0.0009511176020204306,6.841435430485992e-10,2.635691836627285e-07,4.653789233315006e-20,5.186838990992749e-15
0.003806868299724969,0.05595639656,0.054,0.0,0.0,0.00020779062145866886,0.8363174100090309,0.05783811428778097,0.018802080669733188,7.055815274798049e-07,0.027441090461460475,0.0,0.028573502410863143,6.791121387488063e-08,1.2638199652759753e-11,1.134208651902257e-07,5.5769263493103876e-09,1.852384674771919e-09,8.25654226178055e-09,4.804622761724813e-07,1.7446661081931585e-06,0.0009511029267198015,6.806016309828056e-10,2.631461165051944e-07,4.689236897525924e-20,5.187117291805009e-15
0.0038310039461481684,0.05595639656,0.054,0.0,0.0,0.0002070598156440315,0.8362466877298382,0.05797881599866567,0.01884899160862542,7.082504141180517e-07,0.027347290291649912,0.0,0.028574263348082753,6.766953655546273e-08,1.2547566879620663e-11,1.1263259194263198e-07,5.537221396444507e-09,1.8463648853000531e-09,8.247368298197553e-09,4.787523866781508e-07,1.7385034132188978e-06,0.0009510883460027403,6.770848061978288e-10,2.627226815899834e-07,4.724778392022995e-20,5.187393570373265e-15
0.003855139592571368,0.05595639656,0.054,0.0,0.0,0.00020633433105200208,0.8361764670219894,0.058118519959036954,0.01889556988972592,7.109163111629307e-07,0.027254155279142534,0.0,0.02857501875746917,6.742963802583474e-08,1.2457952126162229e-11,1.1185272452691067e-07,5.497949529858217e-09,1.8403893204400011e-09,8.238126232584722e-09,4.770550822364386e-07,1.7323857539908151e-06,0.0009510738589229129,6.735928850467524e-10,2.6229891882191927e-07,4.76041403197117e-20,5.1876678491915546e-15
0.0038792752389945674,0.05595639656,0.054,0.0,0.0,0.00020561410841357408,0.8361067424352066,0.05825723700937012,0.018941819127254893,7.135792750395341e-07,0.02716167819709038,0.0,0.02857576870048055,6.719149827817755e-08,1.2369339890583712e-11,1.1108114162480895e-07,5.459104364297005e-09,1.8344574819122137e-09,8.228818213055566e-09,4.7537022129043247e-07,1.7263126273576735e-06,0.0009510594645466784,6.701256840674495e-10,2.6187486700467745e-07,4.796144125447329e-20,5.1879401504162184e-15
0.003903410885417767,0.05595639656,0.054,0.0,0.0,0.00020489908935076266,0.8360375085992718,0.05839497783092532,0.018987742882351374,7.162393607852203e-07,0.027069851924786437,0.0,0.028576513237652708,6.695509760813584e-08,1.2281714968513317e-11,1.1031772412925659e-07,5.420679633247673e-09,1.8285688790084555e-09,8.219446336152972e-09,4.736976644303634e-07,1.720283537751494e-06,0.000951045161952869,6.666830200449904e-10,2.61450563870752e-07,4.831968973607098e-20,5.1882104958722394e-15
0.003927546531840967,0.05595639656,0.054,0.0,0.0,0.00020418921635972654,0.8359687602225431,0.058531752948698314,0.019033344664057008,7.18896622089638e-07,0.026978669445697566,0.0,0.02857725242861658,6.672041660906164e-08,1.21950624463201e-11,1.0956235509692615e-07,5.38266918634351e-09,1.822723028447521e-09,8.21001264809852e-09,4.720372743526738e-07,1.7142979970436227e-06,0.000951030950232582,6.632647100725137e-10,2.6102604610855204e-07,4.8678888708861405e-20,5.188478907059231e-15
0.003951682178264166,0.05595639656,0.054,0.0,0.0,0.00020348443279427427,0.8359004920905019,0.05866757273430566,0.01907862793027783,7.215511113334489e-07,0.026888123845541193,0.0,0.02857798633211524,6.648743616634659e-08,1.2109367694255458e-11,1.0881491969961573e-07,5.345066986704837e-09,1.8169194542336611e-09,8.200519146128512e-09,4.7038891581987104e-07,1.708355524404068e-06,0.0009510168284889817,6.598705716101169e-10,2.606013493918726e-07,4.903904105123968e-20,5.1887454051578595e-15
0.003975817824687366,0.05595639656,0.054,0.0,0.0,0.00020278468284974546,0.8358326990643372,0.058802447408804887,0.019123596088724597,7.242028796257868e-07,0.026798208310405077,0.0,0.028578715006020626,6.625613745182719e-08,1.2024616359863197e-11,1.0807530517749962e-07,5.307867108380717e-09,1.8111576875174494e-09,8.19096777976038e-09,4.6875245562137434e-07,1.7024556461640354e-06,0.000951002795837089,6.565004225342957e-10,2.6017650840790833e-07,4.9400149577092215e-20,5.189010011035842e-15
0.003999953471110565,0.05595639656,0.054,0.0,0.0,0.00020208991154726272,0.8357653760795566,0.05893638704545172,0.0191682524978319,7.26851976840492e-07,0.026708916124909353,0.0,0.02857943850734973,6.602650191844124e-08,1.1940794361913967e-11,1.0734340079591878e-07,5.271063733989752e-09,1.8054372664616185e-09,8.181360451905538e-09,4.671277625353878e-07,1.6965978956816585e-06,0.0009509888514035895,6.531540811932087e-10,2.597515568810826e-07,4.976221703785899e-20,5.189272745253342e-15
0.004024089117533765,0.05595639656,0.054,0.0,0.0,0.0002014000647183415,0.8356985181446317,0.059069401572396,0.019212600467656996,7.294984516511763e-07,0.02662024067040921,0.0,0.028580156892280557,6.579851129500228e-08,1.1857887884057348e-11,1.0661909780022484e-07,5.234651152253944e-09,1.7997577361098375e-09,8.17169902010639e-09,4.6551470729142986e-07,1.6907818132107477e-06,0.0009509749943266466,6.498313664584841e-10,2.593265276002401e-07,5.0125246123606546e-20,5.189533628069073e-15
0.004048224763956964,0.05595639656,0.054,0.0,0.0,0.00020071508898983695,0.8356321203396725,0.05920150077531863,0.0192566432607589,7.321423515651664e-07,0.026532175423237,0.0,0.02858087021616769,6.557214758088059e-08,1.1775883368656482e-11,1.059022893719141e-07,5.198623755599896e-09,1.7941186482554926e-09,8.16198529773017e-09,4.639131625337651e-07,1.6850069457724287e-06,0.0009509612237556992,6.465320977585464e-10,2.589014524453374e-07,5.048923946420622e-20,5.1897926794460064e-15
0.004072360410380164,0.05595639656,0.054,0.0,0.0,0.00020003493176923317,0.8355661778151292,0.059332694300010765,0.0193003840930583,7.347837229563609e-07,0.02644471395298285,0.0,0.02858157853355747,6.534739304098555e-08,1.169476751131583e-11,1.0519287058946524e-07,5.1629760380247486e-09,1.7885195613161712e-09,8.1522210549479e-09,4.6232300278586077e-07,1.679272847029749e-06,0.0009509475388512811,6.432560951316342e-10,2.584763624079933e-07,5.085419963150224e-20,5.1900499190561966e-15
0.004096496056803363,0.05595639656,0.054,0.0,0.0,0.0001993595412302646,0.8355006857905238,0.059462991654896644,0.019343826134678537,7.374226110970428e-07,0.026357849920812797,0.0,0.028582281898202874,6.512423020109047e-08,1.1614527255013547e-11,1.044907383864549e-07,5.127702592813085e-09,1.78296004021388e-09,8.142408019875667e-09,4.607441044153727e-07,1.6735790771650462e-06,0.000950933938784852,6.400031792758463e-10,2.580512876163459e-07,5.1220129140262505e-20,5.1903053662865475e-15
0.0041206317032265625,0.05595639656,0.054,0.0,0.0,0.00019868886629884592,0.83543563955321,0.05959240221350126,0.01938697251076841,7.400590601886741e-07,0.026271577077823672,0.0,0.02858298036307806,6.490264184274891e-08,1.1535149784273475e-11,1.0379579150998638e-07,5.0927981102641184e-09,1.7774396562506324e-09,8.132547879720169e-09,4.5917634559993744e-07,1.667925202759981e-06,0.0009509204227386012,6.367731715598064e-10,2.576262573612076e-07,5.158703044900331e-20,5.190559040244393e-15
0.004144767349649762,0.05595639656,0.054,0.0,0.0,0.00019802285663931995,0.8353710344571578,0.05972093521686468,0.019429826302306986,7.426931133917207e-07,0.02618588926343369,0.0,0.028583673980392584,6.468261099831007e-08,1.1456622520264265e-11,1.0310793048543232e-07,5.058257375774398e-09,1.7719579869876043e-09,8.122642281625228e-09,4.576196062940434e-07,1.6623107966783768e-06,0.0009509069899052739,6.335658940760577e-10,2.5720130011332327e-07,5.195490596231908e-20,5.1908109597616475e-15
0.0041689029960729615,0.05595639656,0.054,0.0,0.0,0.00019736146264101695,0.8353068659217665,0.05984859977590396,0.01947239054689107,7.453248128545303e-07,0.026100780403807797,0.0,0.02858436280160528,6.446412094700781e-08,1.1378933115400882e-11,1.0242705757777212e-07,5.02407526773558e-09,1.7665146161396447e-09,8.112692833714758e-09,4.560737681962858e-07,1.6567354379515395e-06,0.0009508936394880241,6.303811696998094e-10,2.56776443545555e-07,5.23237580317775e-20,5.191061143400297e-15
0.004193038642496161,0.05595639656,0.054,0.0,0.0,0.0001967046354050926,0.8352431294307021,0.059975404873724415,0.019514668239505713,7.479541997413073e-07,0.026016244510316925,0.0,0.028585046877437886,6.424715521042423e-08,1.1302069447756095e-11,1.0175307675166071e-07,4.990246755350402e-09,1.7611091334605481e-09,8.10270110621824e-09,4.5453871471731227e-07,1.651198711666042e-06,0.0009508803707002188,6.272188220658413e-10,2.5635171455949974e-07,5.2693588956279776e-20,5.191309609457919e-15
0.00421717428891936,0.05595639656,0.054,0.0,0.0,0.0001960523267316599,0.8351798205307603,0.06010135936788116,0.01955666233327827,7.505813142592101e-07,0.025932275678030258,0.0,0.02858572625788837,6.403169754676371e-08,1.1226019616711888e-11,1.0108589363992917e-07,4.956766896923237e-09,1.755741134616503e-09,8.092668632186787e-09,4.5301433094895186e-07,1.6457002088542078e-06,0.000950867182765271,6.240786756218327e-10,2.5592713929953307e-07,5.3064400984602397e-20,5.191556375971201e-15
0.00424130993534256,0.05595639656,0.054,0.0,0.0,0.00019540448910721796,0.8351169348307531,0.06022647199259258,0.019598375740216233,7.532061956846029e-07,0.025848868084239734,0.0,0.028586400992243848,6.381773194757457e-08,1.1150771938044018e-11,1.0042541550825917e-07,4.923630837946131e-09,1.7504102210950638e-09,8.082596908427065e-09,4.515005036335728e-07,1.6402395263867502e-06,0.0009508540749165191,6.209605557152984e-10,2.5550274317155284e-07,5.3436196316347407e-20,5.191801460721039e-15
0.004265445581765759,0.05595639656,0.054,0.0,0.0,0.0001947610756923269,0.8350544680004195,0.06035075136090639,0.01963981133192942,7.558288823884908e-07,0.02576601598701593,0.0,0.028587071129093432,6.360524263535418e-08,1.1076314938456671e-11,9.977155121615364e-08,4.890833808961893e-09,1.7451160001183847e-09,8.072487396639624e-09,4.4999712113396977e-07,1.634816266867681e-06,0.0009508410463970265,6.178642885204163e-10,2.550785508713025e-07,5.3808977101691705e-20,5.192044881238214e-15
0.004289581228188959,0.05595639656,0.054,0.0,0.0,0.00019412204030955747,0.8349924157693591,0.06047420596681995,0.01968097194033687,7.584494118611666e-07,0.025683713723794646,0.0,0.028587736716340614,6.339421405606797e-08,1.1002637351764932e-11,9.912421118900794e-08,4.858371124051082e-09,1.739858084494109e-09,8.062341524009204e-09,4.4850407340462804e-07,1.6294300385319622e-06,0.0009508280964594175,6.147897010830041e-10,2.5465458639553424e-07,5.4182745444172893e-20,5.192286654806233e-15
0.004313716874612158,0.05595639656,0.054,0.0,0.0,0.00019348733743172915,0.8349307739259894,0.06059684418735565,0.01972186035835873,7.61067820736097e-07,0.025601955709993286,0.0,0.02858839780121545,6.31846308738275e-08,1.092972811452046e-11,9.848330738645935e-08,4.82623817912595e-09,1.7346360925123019e-09,8.052160684007839e-09,4.470212519630377e-07,1.6240804551448824e-06,0.000950815224365792,6.117366214699906e-10,2.5423087305590747e-07,5.455750340186457e-20,5.1925267984659264e-15
0.004337852521035358,0.05595639656,0.054,0.0,0.0,0.0001928569221703554,0.8348695383165226,0.06071867428459271,0.019762479340593622,7.636841448130741e-07,0.025520736437656368,0.0,0.028589054430286517,6.297647797462812e-08,1.085757636052398e-11,9.784875326342863e-08,4.794430449794027e-09,1.729449647939067e-09,8.04194623758422e-09,4.455485498613026e-07,1.6187671359034466e-06,0.0009508024293875137,6.087048786254613e-10,2.5380743351049487e-07,5.493325298632982e-20,5.192765329021499e-15
0.004361988167458557,0.05595639656,0.054,0.0,0.0,0.00019223075026434554,0.834808704843966,0.06083970440765635,0.019802831603981857,7.662984190806566e-07,0.025440050474129484,0.0,0.028589706649472604,6.276974045988282e-08,1.0786171417489032e-11,9.722046374546547e-08,4.762943490025069e-09,1.724298379858743e-09,8.031699513638556e-09,4.4408586165943995e-07,1.6134897053408305e-06,0.0009507897108050395,6.056943023823498e-10,2.5338428977294346e-07,5.530999616564618e-20,5.193002263042691e-15
0.004386123813881757,0.05595639656,0.054,0.0,0.0,0.00019160877806900878,0.8347482694671431,0.06095994259466535,0.01984291982845466,7.689106777379273e-07,0.02535989246076095,0.0,0.028590354504054043,6.25644036284726e-08,1.0715502803352863e-11,9.659835520140345e-08,4.731772930687942e-09,1.7191819224371461e-09,8.021421809659304e-09,4.426330833985514e-07,1.6082477932320076e-06,0.0009507770679078909,6.027047237313522e-10,2.5296146321922914e-07,5.568773486605856e-20,5.193237616868686e-15
0.004410259460304956,0.05595639656,0.054,0.0,0.0,0.0001909909625452057,0.8346882281997338,0.061079396774639076,0.019882746657569977,7.715209542155846e-07,0.025280257111630438,0.0,0.02859099803868396,6.236045298780856e-08,1.064556022060589e-11,9.598234540355123e-08,4.700914477360341e-09,1.7140999150520165e-09,8.011114393006558e-09,4.411901125739059e-07,1.6030410345009236e-06,0.0009507644999944175,5.997359745856258e-10,2.525389746239492e-07,5.60664709699147e-20,5.193471406614794e-15
0.004434395106728156,0.05595639656,0.054,0.0,0.0,0.00019037726124871885,0.8346285771093357,0.06119807476936495,0.01992231469913513,7.741292811963992e-07,0.025201139212304068,0.0,0.028591637297399306,6.21578742706064e-08,1.0576333553264049e-11,9.537235350580762e-08,4.6703639091528155e-09,1.7090520023427393e-09,8.00077850129106e-09,4.397568481101651e-07,1.5978690691313682e-06,0.0009507520063716003,5.96787887702396e-10,2.5211684416934094e-07,5.64462063188589e-20,5.193703648173984e-15
0.004458530753151355,0.05595639656,0.054,0.0,0.0,0.00018976763232000888,0.8345693123165444,0.061315984295227416,0.01996162652581647,7.767356906350496e-07,0.025122533618615106,0.0,0.028592272323631335,6.195665338688656e-08,1.0507812864136278e-11,9.476830002163533e-08,4.640117077547833e-09,1.704037833566391e-09,7.990415342791622e-09,4.3833319033638957e-07,1.5927315420785865e-06,0.000950739586355118,5.938602971598635e-10,2.5169509144139987e-07,5.682694271632326e-20,5.193934357219795e-15
0.004482666399574555,0.05595639656,0.054,0.0,0.0,0.00018916203447404505,0.834510429994052,0.06143313296499907,0.020000684675736537,7.793402137773579e-07,0.025044435255469982,0.0,0.02859290316021623,6.17567764043015e-08,1.043998838895763e-11,9.417010678242435e-08,4.610169904082867e-09,1.699057062584881e-09,7.980026097881386e-09,4.369190409603787e-07,1.5876281031816907e-06,0.000950727239269081,5.909530380220725e-10,2.5127373547245443e-07,5.720868192419504e-20,5.194163549213944e-15
0.004506802045997754,0.05595639656,0.054,0.0,0.0,0.00018856042699019073,0.8344519263657662,0.061549528289595104,0.0200394916530591,7.819428811789535e-07,0.024966839115678572,0.0,0.02859352984940561,6.155822965133751e-08,1.0372850533178241e-11,9.357769691750768e-08,4.580518379293344e-09,1.6941093489040455e-09,7.969611919343241e-09,4.355143030456047e-07,1.5825584070801934e-06,0.0009507149644457429,5.8806594605735e-10,2.5085279475352313e-07,5.759142566600208e-20,5.1943912394074e-15
0.0045309376924209535,0.05595639656,0.054,0.0,0.0,0.00018796276970267848,0.8343937977059452,0.06166517767979206,0.02007804992856198,7.845437227233806e-07,0.02488974025880841,0.0,0.028594152432876118,6.136099968540213e-08,1.0306389870362327e-11,9.299099483894027e-08,4.5511585619722836e-09,1.6891943567138821e-09,7.959173932489697e-09,4.3411888098800373e-07,1.577522113131179e-06,0.0009507027612257229,5.851988585513352e-10,2.5043228721468244e-07,5.797517563074152e-20,5.194617442841827e-15
0.004555073338844153,0.05595639656,0.054,0.0,0.0,0.0001873690229912855,0.834336040338351,0.06178008844791132,0.020116361940198387,7.871427676396518e-07,0.024813133810062542,0.0,0.02859477095173932,6.11650730705019e-08,1.0240597136830675e-11,9.24099261971217e-08,4.522086576621887e-09,1.6843117529468447e-09,7.948713236793432e-09,4.3273268049170947e-07,1.5725188853276836e-06,0.0009506906289577781,5.823516139014518e-10,2.500122302749724e-07,5.835993346802229e-20,5.194842174358404e-15
0.0045792089852673525,0.05595639656,0.054,0.0,0.0,0.00018677914777151446,0.8342786506354204,0.06189426780946838,0.020154430093646897,7.897400445192903e-07,0.024737014959179952,0.0,0.028595385446552102,6.097043656482235e-08,1.017546322759441e-11,9.183441786126189e-08,4.493298612393865e-09,1.679461210250958e-09,7.938230906194346e-09,4.313556085474072e-07,1.5675483922199923e-06,0.0009506785669982757,5.795240509261066e-10,2.4959264086429473e-07,5.874570079089982e-20,5.19506544859881e-15
0.004603344631690552,0.05595639656,0.054,0.0,0.0,0.00018619310548537282,0.8342216250174521,0.062007722884789,0.020192256762850087,7.923355813328857e-07,0.024661378959357782,0.0,0.028595995957325374,6.077707750227876e-08,1.0110979194579333e-11,9.126439791291546e-08,4.464790923030186e-09,1.6746424091088114e-09,7.927727988788526e-09,4.2998757341002614e-07,1.5626103068347393e-06,0.0009506665747115209,5.767160101826133e-10,2.4917353538036847e-07,5.913247918171087e-20,5.195287280004613e-15
0.0046274802781137514,0.05595639656,0.054,0.0,0.0,0.0001856108580934486,0.8341649599518101,0.06212046070059323,0.020229844290542514,7.949294054461327e-07,0.024586221126195948,0.0,0.028596602523532716,6.058498314219677e-08,1.0047136243739039e-11,9.069979559828124e-08,4.436559824040337e-09,1.6698550297252779e-09,7.917205508744384e-09,4.286284845767382e-07,1.557704306602738e-06,0.0009506546514698605,5.739273336078254e-10,2.4875492974570863e-07,5.952027018547144e-20,5.1955076828273945e-15
0.004651615924536951,0.05595639656,0.054,0.0,0.0,0.00018503236806585244,0.8341086519521442,0.06223248819154615,0.02026719498876813,7.975215436353793e-07,0.024511536836663534,0.0,0.02859720518412087,6.039414014004984e-08,9.983925732162537e-12,9.01405413070003e-08,4.408601691184505e-09,1.6650987518289993e-09,7.906664466742224e-09,4.2727825276814227e-07,1.5528300732904196e-06,0.0009506427966529311,5.711578630690112e-10,2.4833683945101273e-07,5.99090753117716e-20,5.195726671130182e-15
0.00467575157096015,0.05595639656,0.054,0.0,0.0,0.00018445759837159453,0.8340526975776249,0.062343812201778266,0.02030431113938704,8.001120221027815e-07,0.024437321528084074,0.0,0.028597803977519067,6.020453631795081e-08,9.921339160324995e-12,8.958656657652896e-08,4.380912961436194e-09,1.6603732726222254e-09,7.896105838978187e-09,4.2593678990308076e-07,1.5479872929065657e-06,0.0009506310096474141,5.684074423787695e-10,2.479192794768355e-07,6.029889604347551e-20,5.195944258784496e-15
0.00469988721738335,0.05595639656,0.054,0.0,0.0,0.0001838865124717174,0.8339970934321935,0.06245443948637764,0.020341194994572456,8.027008664910415e-07,0.024363570697140707,0.0,0.028598398941645148,6.001616095460297e-08,9.8593681699207e-12,8.903780404091797e-08,4.353490130515547e-09,1.6556782966997622e-09,7.88553057937022e-09,4.2460400907747457e-07,1.5431756556346039e-06,0.0009506192898476931,5.656759172697841e-10,2.475022643513332e-07,6.068973382827585e-20,5.1961604594816075e-15
0.004724022863806549,0.05595639656,0.054,0.0,0.0,0.0001833190743150623,0.8339418361638288,0.06256437671285027,0.02037784877729783,8.052881018975542e-07,0.024290279898905382,0.0,0.02859899011391348,5.982900048353958e-08,9.798004556969764e-12,8.849418740592617e-08,4.326329749935136e-09,1.6510135007426826e-09,7.874939620569355e-09,4.2327982455818064e-07,1.5383948558105847e-06,0.0009506076366564736,5.629631326352202e-10,2.4708580824056774e-07,6.108159007871635e-20,5.196375286734164e-15
0.004748158510229749,0.05595639656,0.054,0.0,0.0,0.00018275524832480833,0.8338869224638257,0.06267363046254802,0.020414274681813855,8.078737528881573e-07,0.024217444745886017,0.0,0.028599577531249424,5.964303995805641e-08,9.737240253699863e-12,8.79556514662861e-08,4.299428428057317e-09,1.6463785757079976e-09,7.864333872002953e-09,4.219641517518672e-07,1.5336445918057444e-06,0.0009505960494826364,5.602689354048275e-10,2.46669924822958e-07,6.147446618478202e-20,5.196588753871492e-15
0.004772294156652948,0.05595639656,0.054,0.0,0.0,0.00018219499938344668,0.8338323490660907,0.06278220723207414,0.020450474874116536,8.104578435108739e-07,0.02414506090708308,0.0,0.02860016123009737,5.945827252945499e-08,9.677067294055346e-12,8.742213204897653e-08,4.272782830449907e-09,1.6417732848834859e-09,7.853714221747126e-09,4.2065690716257285e-07,1.5289245658825045e-06,0.000950584527739068,5.575931754431833e-10,2.462546273159692e-07,6.186836350375197e-20,5.196800874053735e-15
0.004796429803076148,0.05595639656,0.054,0.0,0.0,0.00018163829284130505,0.8337781127464486,0.06289011343466783,0.020486451492406244,8.130403973090459e-07,0.024073124107072127,0.0,0.028600741246412924,5.9274691387373496e-08,9.61747787192723e-12,8.689356598415316e-08,4.246389676675171e-09,1.6371973351748332e-09,7.843081538891469e-09,4.193580084172987e-07,1.5242344842893288e-06,0.000950573070849786,5.549357006555711e-10,2.458399286549369e-07,6.226328335704441e-20,5.197011660270046e-15
0.004818151884857028,0.05595639656,0.054,0.0,0.0,0.00018114025744902734,0.8337295856290027,0.06298666091670212,0.02051864103826608,8.153634008037293e-07,0.024008759715679305,0.0,0.028601260141866282,5.911045846864953e-08,9.564340024142342e-12,8.642204027761059e-08,4.22284900525475e-09,1.6331037191859295e-09,7.833501682839714e-09,4.181960680800581e-07,1.5200387737260262e-06,0.0009505628146349479,5.52559483293172e-10,2.454672222126616e-07,6.261958657050617e-20,5.197200237912536e-15
0.0048181669159150405,0.05595639656,0.054,0.0,0.0,0.0001811399138022526,0.8337295521427999,0.06298672753944135,0.020518663250711132,8.153650078345748e-07,0.024008715300931387,0.0,0.02860126049990907,5.911034459872812e-08,9.564303422148628e-12,8.64217154105746e-08,4.222832810409096e-09,1.6331008986039745e-09,7.833495050631923e-09,4.1819526635795534e-07,1.5200358786938015e-06,0.0009505628075561514,5.525578441880527e-10,2.4546696448306446e-07,6.261983340961524e-20,5.197200368033925e-15
0.004818178044782437,0.05595639656,0.054,0.0,0.0,0.00018113965936958628,0.8337295273499691,0.06298677686621332,0.020518679696570712,8.15366197666222e-07,0.024008682416721324,0.0,0.028601260765000327,5.9110260567097844e-08,9.564276312373987e-12,8.642147482045732e-08,4.222820787728792e-09,1.6330988065385196e-09,7.833490140152153e-09,4.181946727708191e-07,1.5200337352405302e-06,0.0009505628023149729,5.525566305366827e-10,2.454667736630089e-07,6.262001616730454e-20,5.1972004643746e-15
0.004818189173649833,0.05595639656,0.054,0.0,0.0,0.00018113940493766185,0.8337295025572211,0.06298682619282078,0.02051869614237545,8.153673874974961e-07,0.024008649532620878,0.0,0.028601261030090773,5.9110176619763434e-08,9.564249204446447e-12,8.642123423786535e-08,4.2228087706726615e-09,1.633096714736718e-09,7.833485229678152e-09,4.181940791854129e-07,1.5200315917934676e-06,0.0009505627970737586,5.525554168866766e-10,2.4546658284339365e-07,6.262019892516976e-20,5.197200560714982e-15
0.00481819918963049,0.05595639656,0.054,0.0,0.0,0.00018113917594934985,0.8337294802437932,0.06298687058667707,0.02051871094356957,8.153684583454379e-07,0.02400861993699074,0.0,0.028601261268671713,5.911010110120527e-08,9.564224808656464e-12,8.642101772018498e-08,4.222797959280275e-09,1.6330948323695583e-09,7.833480810246158e-09,4.1819354495953947e-07,1.5200296626946474e-06,0.0009505627923566519,5.525543246050312e-10,2.454664111058268e-07,6.262036340750723e-20,5.19720064742116e-15
0.0048182092056111465,0.05595639656,0.054,0.0,0.0,0.00018113894696176336,0.8337294579304362,0.06298691498039269,0.020518725744716783,8.153695291930607e-07,0.02400859034145436,0.0,0.02860126150725189,5.911002558911365e-08,9.564200413722843e-12,8.642080120858829e-08,4.222787149953212e-09,1.6330929501615113e-09,7.83347639082166e-09,4.181930107353676e-07,1.5200277336019465e-06,0.0009505627876395531,5.525532323273647e-10,2.454662393684985e-07,6.262052788995515e-20,5.1972007341270615e-15
0.004818218219993738,0.05595639656,0.054,0.0,0.0,0.0001811387408733007,0.8337294378484503,0.062986954934666,0.02051873906572569,8.153704929557608e-07,0.024008563705518786,0.0,0.02860126172197366,5.910995763117567e-08,9.564178458739484e-12,8.642060635143657e-08,4.2227774225958e-09,1.6330912562533713e-09,7.833472413332523e-09,4.181925299344808e-07,1.5200259974216107e-06,0.0009505627833941681,5.525522492799417e-10,2.454660848049012e-07,6.262067592438327e-20,5.1972008121622314e-15
0.004818227234376329,0.05595639656,0.054,0.0,0.0,0.00018113853478532167,0.8337294177665107,0.06298699488884743,0.02051875238670397,8.153714567182527e-07,0.024008537069644453,0.0,0.028601261936694936,5.910988967410737e-08,9.56415650385251e-12,8.64204114954368e-08,4.2227676952925925e-09,1.6330895623509274e-09,7.833468435844413e-09,4.181920491347301e-07,1.5200242612453588e-06,0.0009505627791487917,5.52551266234727e-10,2.4546593024138903e-07,6.262082395891446e-20,5.197200890197222e-15
0.00481823624875892,0.05595639656,0.054,0.0,0.0,0.00018113832869782703,0.8337293976846172,0.062987034842937,0.02051876570765162,8.15372420480536e-07,0.024008510433831363,0.0,0.028601262151415705,5.910982171749307e-08,9.564134549061662e-12,8.642021664030723e-08,4.222757968062473e-09,1.6330878684556683e-09,7.833464458354762e-09,4.1819156833612066e-07,1.5200225250732011e-06,0.0009505627749034236,5.525502831920177e-10,2.454657756779622e-07,6.26209719935886e-20,5.197200968232028e-15
0.004818254277524102,0.05595639656,0.054,0.0,0.0,0.00018113791652397572,0.8337293575209387,0.06298711475090053,0.02051879234947503,8.153743480046141e-07,0.024008457162348923,0.0,0.028601262580856057,5.910968580487321e-08,9.564090639699102e-12,8.641982693189971e-08,4.222738513727887e-09,1.6330844806773747e-09,7.83345650336444e-09,4.181906067415898e-07,1.5200190527385146e-06,0.0009505627664127085,5.525483171128205e-10,2.4546546655122443e-07,6.262126806338678e-20,5.1972011243012135e-15
0.004818272306289284,0.05595639656,0.054,0.0,0.0,0.0001811375043519079,0.83372931735743,0.06298719465852624,0.0205188189911858,8.153762755279261e-07,0.024008403891091698,0.0,0.02860126301029455,5.910954989302181e-08,9.564046730651023e-12,8.641943722618417e-08,4.22271905955568e-09,1.6330810929164223e-09,7.833448548364669e-09,4.1818964515126367e-07,1.5200155804189082e-06,0.0009505627579220261,5.525463510428562e-10,2.454651574246867e-07,6.262156413376716e-20,5.197201280369723e-15
0.004818290335054466,0.05595639656,0.054,0.0,0.0,0.00018113709218175135,0.8337292771941032,0.06298727456579,0.020518845632775895,8.153782030504173e-07,0.024008350620075766,0.0,0.02860126343973107,5.910941398183447e-08,9.56400282191894e-12,8.641904752315569e-08,4.222699605523333e-09,1.6330777051715849e-09,7.833440593357961e-09,4.181886835654407e-07,1.5200121081154588e-06,0.0009505627494313786,5.525443849826981e-10,2.4546484829842875e-07,6.26218602047214e-20,5.1972014364375206e-15
0.0048183263925848305,0.05595639656,0.054,0.0,0.0,0.00018113626784729234,0.833729196868007,0.06298743437920892,0.020518898915586475,8.153820580928861e-07,0.02400824407878296,0.0,0.028601264298598,5.910914216138585e-08,9.563915005409868e-12,8.64182681252199e-08,4.22266069786994e-09,1.633070929730161e-09,7.83342468332604e-09,4.181867604075833e-07,1.5200051635580398e-06,0.0009505627324501908,5.525404528925721e-10,2.4546423004693295e-07,6.262245234834346e-20,5.197201748570899e-15
0.004818362450115195,0.05595639656,0.054,0.0,0.0,0.0001811354435205961,0.8337291165426497,0.06298759419115778,0.020518952197906927,8.153859131320217e-07,0.02400813753847018,0.0,0.028601265157456868,5.9108870343512096e-08,9.563827190170157e-12,8.641748873807088e-08,4.2226217907645105e-09,1.633064154352811e-09,7.83340877326863e-09,4.181848372680121e-07,1.5199982190662374e-06,0.0009505627154691455,5.525365208425823e-10,2.454636117968054e-07,6.262304449425309e-20,5.1972020607013594e-15
0.004818434565175923,0.05595639656,0.054,0.0,0.0,0.0001811337948904879,0.8337289558941517,0.06298791381064604,0.020519058761077666,8.153936232002948e-07,0.024007924460784213,0.0,0.02860126687515039,5.9108326715511e-08,9.56365156350012e-12,8.641592999614528e-08,4.222543978201841e-09,1.633050603790637e-09,7.833376953077286e-09,4.181809910437175e-07,1.5199843302794463e-06,0.0009505626815074818,5.525286568631462e-10,2.454623753007236e-07,6.262422879293547e-20,5.197202684953505e-15
0.0048185787952973805,0.05595639656,0.054,0.0,0.0,0.0001811304977234041,0.8337286346060213,0.06298855303198564,0.02051927188153879,8.154090432968518e-07,0.024007498317170098,0.0,0.028601270310440612,5.9107239490515563e-08,9.563300325398546e-12,8.641281264179485e-08,4.222388359673075e-09,1.6330235034366884e-09,7.83331331238854e-09,4.1817329881451127e-07,1.519956553493084e-06,0.0009505626135858624,5.525129293863867e-10,2.454599023252343e-07,6.262659741775259e-20,5.197203933422724e-15
0.004818867255540295,0.05595639656,0.054,0.0,0.0,0.00018112390376173417,0.83372799206522,0.06298983140412312,0.02051969809894169,8.154398833300297e-07,0.024006646076969083,0.0,0.028601277180633825,5.9105065164546046e-08,9.562597910143337e-12,8.640657845104836e-08,4.222077149000105e-09,1.6329693058101913e-09,7.833186029787291e-09,4.181579152335524e-07,1.5199010030689576e-06,0.000950562477749455,5.524814763611373e-10,2.454549564409407e-07,6.263133477719798e-20,5.197206430220881e-15
0.004819444176026123,0.05595639656,0.054,0.0,0.0,0.00018111071732814467,0.8337267071254335,0.06299238786627576,0.020520550439684926,8.155015627568009e-07,0.024004941784646166,0.0,0.02860129091947151,5.910071700860984e-08,9.561193323375544e-12,8.639411214097124e-08,4.221454833171289e-09,1.6328609228807697e-09,7.832931459693839e-09,4.18127151580878e-07,1.5197899148130647e-06,0.000950562206103961,5.524185780225959e-10,2.4544506493911316e-07,6.264080993534516e-20,5.19721142325614e-15
0.004820021096511952,0.05595639656,0.054,0.0,0.0,0.00018109753288057608,0.8337254223747058,0.0629949439523232,0.020521402655030736,8.155632413310011e-07,0.02400323774305678,0.0,0.02860130465624455,5.909636951390458e-08,9.55978906151991e-12,8.638164859215529e-08,4.220832657999247e-09,1.6327525563801433e-09,7.832676883089843e-09,4.180963926064481e-07,1.519678843344327e-06,0.0009505619344948897,5.523556899653058e-10,2.4543517379315e-07,6.265028567917467e-20,5.197216415543454e-15
0.0048205980169977805,0.05595639656,0.054,0.0,0.0,0.00018108435041859201,0.833724137812996,0.0629974996623463,0.020522254745006057,8.156249190529212e-07,0.02400153395214704,0.0,0.028601318390953392,5.909202268028317e-08,9.558385124476409e-12,8.636918780379086e-08,4.220210623441885e-09,1.632644206304654e-09,7.832422299986926e-09,4.1806563830922477e-07,1.5195677886590444e-06,0.0009505616629222339,5.522928121873584e-10,2.4542528300323337e-07,6.26597620087015e-20,5.197221407082984e-15
0.004821174937483609,0.05595639656,0.054,0.0,0.0,0.0001810711699417417,0.8337228534402625,0.06300005499642854,0.02052310670963873,8.156865959228613e-07,0.02399983041186129,0.0,0.028601332123598514,5.9087676507594104e-08,9.556981512143541e-12,8.635672977505587e-08,4.219588729456497e-09,1.6325358726505316e-09,7.832167710396424e-09,4.1803488868813596e-07,1.5194567507533956e-06,0.0009505613913859858,5.522299446867709e-10,2.45415392569532e-07,6.266923892394207e-20,5.197226397874903e-15
0.004822328778455266,0.05595639656,0.054,0.0,0.0,0.000181044814941772,0.8337202852615683,0.06300516453707983,0.02052481026297928,8.158099471079135e-07,0.023996424082955534,0.0,0.028601359582699312,5.907898614444998e-08,9.554175261217876e-12,8.633182199331005e-08,4.2183453630370664e-09,1.632319254592389e-09,7.831658511800604e-09,4.1797340347038555e-07,1.5192347252668299e-06,0.0009505608484226858,5.52104240510375e-10,2.45395612771547e-07,6.268819451161651e-20,5.19723637721653e-15
0.004823482619426923,0.05595639656,0.054,0.0,0.0,0.00018101846787705442,0.8337177178382862,0.06301027257494603,0.02052651331527543,8.159332948885624e-07,0.023993018755893488,0.0,0.0286013870335507,5.907029842325735e-08,9.551370307930694e-12,8.630692524033643e-08,4.217102558399078e-09,1.6321027021754894e-09,7.831149287392641e-09,4.179119369446088e-07,1.5190127668540003e-06,0.0009505603056049285,5.519785774202329e-10,2.4537583440054147e-07,6.270715244233016e-20,5.19724635356968e-15
0.004824636460398581,0.05595639656,0.054,0.0,0.0,0.00018099212874378806,0.8337151511700632,0.06301537911073118,0.0205282158667619,8.160566392673375e-07,0.023989614430205846,0.0,0.02860141447615661,5.9061613342742666e-08,9.548566651450502e-12,8.628203950938844e-08,4.215860315192551e-09,1.6318862153681463e-09,7.830640037258875e-09,4.178504891017799e-07,1.5187908754827004e-06,0.0009505597629326508,5.518529553994873e-10,2.453560574576841e-07,6.272611271623446e-20,5.197256326935784e-15
0.004825790301370238,0.05595639656,0.054,0.0,0.0,0.00018096579753820692,0.8337125852565481,0.06302048414513278,0.020529917917671236,8.161799802467441e-07,0.02398621110542761,0.0,0.02860144191052096,5.9052930901639656e-08,9.545764290949558e-12,8.625716479374226e-08,4.214618633068398e-09,1.6316697941388438e-09,7.830130761486107e-09,4.177890599329503e-07,1.5185690511209974e-06,0.0009505592204057892,5.517273744315499e-10,2.453362819442179e-07,6.274507533347763e-20,5.197266297316244e-15
0.004828097983313552,0.05595639656,0.054,0.0,0.0,0.00018091315889567024,0.8337074556922986,0.06303068971245811,0.02053332051864965,8.164266520170457e-07,0.023979407456817512,0.0,0.028601496754539945,5.9035573932827544e-08,9.540163454644891e-12,8.620744838212078e-08,4.212136950705157e-09,1.63123714829395e-09,7.829112133383472e-09,4.176662575829955e-07,1.518125603304093e-06,0.0009505581357880735,5.514763355902907e-10,2.45296735210669e-07,6.278300759850771e-20,5.197286229125679e-15
0.004830174897062535,0.05595639656,0.054,0.0,0.0,0.00018086581119357338,0.8337028416621769,0.06303986959507935,0.02053638114981031,8.166486450087386e-07,0.023973287591671864,0.0,0.028601546086008775,5.901996167542854e-08,9.535127126062416e-12,8.616274121788942e-08,4.2099053520476845e-09,1.630847991005544e-09,7.82819528130039e-09,4.175557992463743e-07,1.5177267291323313e-06,0.0009505571601288425,5.512505408726065e-10,2.4526114805198135e-07,6.281715465260963e-20,5.1973041575569746e-15
0.004832251810811518,0.05595639656,0.054,0.0,0.0,0.00018081848912056088,0.8336982300720368,0.06304904462370453,0.02053944016259738,8.168706270241012e-07,0.02396717096248168,0.0,0.028601595390833696,5.9004357950709265e-08,9.530094983808267e-12,8.611806964075396e-08,4.2076755659760145e-09,1.6304590457169521e-09,7.827278347531132e-09,4.1744540127895777e-07,1.5173280715917484e-06,0.000950556184939813,5.510248789160333e-10,2.4522556554461814e-07,6.285130930123651e-20,5.197322076336028e-15
0.004834328724560501,0.05595639656,0.054,0.0,0.0,0.00018077119265540257,0.8336936209199021,0.06305821480226621,0.02054249755832199,8.170925980772252e-07,0.02396105756662529,0.0,0.028601644669036745,5.898876275153919e-08,9.525067023148825e-12,8.607343361233807e-08,4.205447590497677e-09,1.6300703122507757e-09,7.826361332591864e-09,4.173350636302915e-07,1.5169296305023786e-06,0.0009505552102206296,5.507993496267594e-10,2.451899876960576e-07,6.28854715451806e-20,5.197339985470801e-15
0.0048384825520584665,0.05595639656,0.054,0.0,0.0,0.00018067667646385436,0.8336844099217505,0.06307654062490642,0.020548607503820676,8.175365073529754e-07,0.023948840464442615,0.0,0.028601743145665277,5.8957597901361606e-08,9.515023627712755e-12,8.598426804840416e-08,4.20099706336369e-09,1.6292934800769775e-09,7.824527061263071e-09,4.171145690876905e-07,1.5161333969584665e-06,0.0009505532621903826,5.503486886753709e-10,2.451188460052395e-07,6.295381882217795e-20,5.1973757748392964e-15
0.004842636379556432,0.05595639656,0.054,0.0,0.0,0.00018058226244947238,0.833675208651941,0.06309484709439055,0.020554710996772172,8.179803729482775e-07,0.02393663626419707,0.0,0.028601841516070235,5.892646706797591e-08,9.504996902007403e-12,8.58952442199966e-08,4.196553754754353e-09,1.6285174930680278e-09,7.82269247142137e-09,4.168943152158573e-07,1.5153380270641148e-06,0.0009505513160352652,5.498985572689921e-10,2.4504772303899495e-07,6.302219648991751e-20,5.197411525725974e-15
0.004846790207054398,0.05595639656,0.054,0.0,0.0,0.0001804879504431463,0.8336660170947238,0.06311313424204669,0.0205608080476214,8.184241949750416e-07,0.023924444945003634,0.0,0.028601939780427164,5.8895370194580334e-08,9.494986808391359e-12,8.580636182183646e-08,4.1921176488213585e-09,1.6277423498107495e-09,7.8208575671564e-09,4.166743016129104e-07,1.5145435193857888e-06,0.0009505493717524462,5.494489546589957e-10,2.449766188564306e-07,6.309060455469622e-20,5.197447238194235e-15
0.004850944034552364,0.05595639656,0.054,0.0,0.0,0.0001803937402761454,0.8336568352343836,0.06313140209913413,0.020566898666790345,8.188679735447724e-07,0.02391226648602314,0.0,0.028602037938911196,5.8864307224501515e-08,9.484993309330501e-12,8.57176205494755e-08,4.1876887297603025e-09,1.6269680488951636e-09,7.81902235254136e-09,4.164545278778767e-07,1.5137498724931782e-06,0.0009505474293391003,5.48999880097766e-10,2.449055335163366e-07,6.315904302278665e-20,5.197482912307333e-15
0.00485509786205033,0.05595639656,0.054,0.0,0.0,0.00018029963178012298,0.8336476630552405,0.0631496506968425,0.02057298286467777,8.193117087685688e-07,0.023900100866462843,0.0,0.02860213599169705,5.883327810119596e-08,9.47501636739852e-12,8.562902009930074e-08,4.183266981810927e-09,1.6261945889145286e-09,7.817186831633032e-09,4.162349936107041e-07,1.5129570849592374e-06,0.0009505454887924088,5.485513328387223e-10,2.448344670771894e-07,6.322751190043716e-20,5.197518548128368e-15
0.004863405517046261,0.05595639656,0.054,0.0,0.0,0.00018011171912942818,0.8336293476779891,0.06318609023855397,0.020585132038094298,8.201990496208559e-07,0.02387580806264955,0.0,0.028602331780871362,5.8771321169341875e-08,9.455112005740791e-12,8.545224045511403e-08,4.1744449364207874e-09,1.6246501861463738e-09,7.813514887079828e-09,4.1579664188405236e-07,1.5113740822744978e-06,0.0009505416132877413,5.476558172455062e-10,2.4469239113399277e-07,6.336454090930949e-20,5.197589705146041e-15
0.004871713172042193,0.05595639656,0.054,0.0,0.0,0.00017992421115185417,0.8336110708382181,0.06322245311532622,0.020597255650603743,8.210862184127176e-07,0.02385156636813641,0.0,0.028602527149340137,5.870949894923039e-08,9.435273426142074e-12,8.527602047690861e-08,4.165651387442779e-09,1.6231091303161561e-09,7.80984176562422e-09,4.153592432506573e-07,1.5097944999794928e-06,0.0009505377452160084,5.467624019270365e-10,2.445503914883662e-07,6.350169163082995e-20,5.1976607097493e-15
0.004880020827038124,0.05595639656,0.054,0.0,0.0,0.00017973710651421045,0.8335928324117257,0.06325873957421278,0.020609353784574916,8.219732160186382e-07,0.02382737561822378,0.0,0.028602722098487177,5.864781099311006e-08,9.415500333020612e-12,8.510035776544751e-08,4.156886210362623e-09,1.6215714102844905e-09,7.806167499134611e-09,4.149227945426347e-07,1.5082183267732754e-06,0.0009505338845548685,5.458710809472749e-10,2.444084685968621e-07,6.363896411413967e-20,5.197731562437948e-15
0.004888328482034056,0.05595639656,0.054,0.0,0.0,0.00017955040388921786,0.8335746322748486,0.06329494986119459,0.02062142652201903,8.228600433069001e-07,0.023803235648927105,0.0,0.02860291662969017,5.858625685523146e-08,9.395792432471129e-12,8.49252499344834e-08,4.148149281352559e-09,1.6200370149618791e-09,7.802492119220465e-09,4.1448729260626317e-07,1.5066455514051347e-06,0.0009505300312820705,5.449818483860973e-10,2.442666229110318e-07,6.377635840802064e-20,5.19780226370958e-15
0.004896636137029987,0.05595639656,0.054,0.0,0.0,0.0001793641019554679,0.8335564703044598,0.06333108422118719,0.020633473944592116,8.237467011396449e-07,0.023779146296972014,0.0,0.02860311074432071,5.852483609183329e-08,9.3761494322513e-12,8.475069461065648e-08,4.139440477265914e-09,1.618505933308365e-09,7.798815657234655e-09,4.1405273430188714e-07,1.5050761626742487e-06,0.0009505261853754531,5.440946983392479e-10,2.4412485487747454e-07,6.391387456089761e-20,5.197872814059602e-15
0.0049132514470218505,0.05595639656,0.054,0.0,0.0,0.00017899269490530447,0.8335202603733045,0.06340312613455994,0.02065749316997989,8.255195118567102e-07,0.02373111879552724,0.0,0.028603497729320526,5.8402392923334094e-08,9.337056972091014e-12,8.440323205501842e-08,4.122106754659997e-09,1.6154536670955245e-09,7.791459611189228e-09,4.131864361005539e-07,1.5019475005694468e-06,0.0009505185155725637,5.423266222512971e-10,2.4384155352910915e-07,6.418927263556803e-20,5.198013463965523e-15
0.004929866757013714,0.05595639656,0.054,0.0,0.0,0.0001786228749091669,0.8334842016438931,0.06347486725247174,0.020681412106923775,8.272916549455752e-07,0.023683291821816912,0.0,0.028603883064338417,5.8280477977034975e-08,9.298220647500289e-12,8.405795136681816e-08,4.104884070851823e-09,1.6124145243109203e-09,7.784099606773597e-09,4.1232387510097305e-07,1.4988322518440717e-06,0.0009505108749707004,5.405668057694406e-10,2.435585680274694e-07,6.446515871844414e-20,5.198153516075381e-15
0.004946482067005577,0.05595639656,0.054,0.0,0.0,0.00017825463160493272,0.8334482931502949,0.06354630949628241,0.020705231396014594,8.290631370864024e-07,0.023635664094955527,0.0,0.028604266760130368,5.815908777364499e-08,9.25963817939707e-12,8.37148340158061e-08,4.0877714647888874e-09,1.6093884183991073e-09,7.7767358857958e-09,4.1146502668686137e-07,1.4957303286687137e-06,0.0009505032633957786,5.388152022362976e-10,2.4327590177213665e-07,6.474153318419295e-20,5.198292974274341e-15
0.00496309737699744,0.05595639656,0.054,0.0,0.0,0.00017788795472182834,0.83341253393492,0.06361745477076246,0.02072895167231229,8.308339648654687e-07,0.02358823434511691,0.0,0.0286046488273577,5.8038218864792876e-08,9.221307314299076e-12,8.337386167053644e-08,4.070767985916397e-09,1.606375263575087e-09,7.769368686158102e-09,4.1060986646070745e-07,1.492641643990139e-06,0.0009504956806751083,5.370717652506211e-10,2.42993558087838e-07,6.501839640195382e-20,5.198431842413467e-15
0.004979712686989303,0.05595639656,0.054,0.0,0.0,0.00017752283407935693,0.8333769230484248,0.06368830496428357,0.020752573565409486,8.326041447768202e-07,0.023541001313407174,0.0,0.028605029276588166,5.7917867832663335e-08,9.183225823970549e-12,8.303501619573468e-08,4.053872694036056e-09,1.6033749748152237e-09,7.761998241917672e-09,4.097583702411882e-07,1.489566111522161e-06,0.000950488126637379,5.353364486667668e-10,2.4271154022570067e-07,6.529574873543137e-20,5.198570124310134e-15
0.004996327996981166,0.05595639656,0.054,0.0,0.0,0.00017715925958629113,0.8333414595496196,0.06375886194899809,0.020776097699491285,8.343736832238321e-07,0.023493963751745166,0.0,0.028605408118296986,5.7798031289653536e-08,9.145391505080284e-12,8.26982796497536e-08,4.037084659169463e-09,1.6003874678486773e-09,7.754624783347116e-09,4.0891051406073807e-07,1.486503645737066e-06,0.0009504806011126431,5.336092065943736e-10,2.42429851364519e-07,6.557359054297997e-20,5.1987078237483775e-15
0.005012943306973029,0.05595639656,0.054,0.0,0.0,0.00017679722123978582,0.8333061425053909,0.06382912758099689,0.020799524693387906,8.361425865205761e-07,0.023447120422757144,0.0,0.028605785362867783,5.767870587806835e-08,9.10780217887691e-12,8.236363428217016e-08,4.020402961428761e-09,1.5974126591497971e-09,7.747248536995995e-09,4.0806627416340167e-07,1.4834541618580453e-06,0.000950473103932304,5.318899933984912e-10,2.421484946120794e-07,6.585192217766217e-20,5.198844944479243e-15
0.005029558616964892,0.05595639656,0.054,0.0,0.0,0.00017643670912425232,0.8332709709905993,0.06389910370050994,0.02082285516064159,8.379108608935565e-07,0.023400470099643078,0.0,0.028606161020593747,5.755988826974062e-08,9.070455690837499e-12,8.203106253114763e-08,4.003826690875576e-09,1.5944504659286427e-09,7.73986972574814e-09,4.072256270021276e-07,1.4804175758496259e-06,0.0009504656349291009,5.301787636986094e-10,2.418674730063119e-07,6.613074398735517e-20,5.198981490221206e-15
0.005046173926956755,0.05595639656,0.054,0.0,0.0,0.00017607771341042445,0.8332359440879966,0.06396879213207285,0.020846089709562074,8.396785124831374e-07,0.02335401156606565,0.0,0.02860653510167858,5.744157516571177e-08,9.03334991035339e-12,8.170054702110024e-08,3.987354947395571e-09,1.5915008061230163e-09,7.732488568876656e-09,4.063885492365192e-07,1.4773938044097236e-06,0.0009504581939370946,5.284754723682301e-10,2.4158678951644036e-07,6.641005631484129e-20,5.1991174646604976e-15
0.0050627892369486185,0.05595639656,0.054,0.0,0.0,0.0001757202243544617,0.8332010608881455,0.06403819468468701,0.02086922894328,8.414455473449062e-07,0.02330774361604351,0.0,0.028606907616237444,5.732376329592409e-08,8.996482730410124e-12,8.137207056031172e-08,3.970986840570559e-09,1.5885635983907828e-09,7.725105282103685e-09,4.055550177306617e-07,1.4743827649619878e-06,0.000950450780791656,5.267800745346665e-10,2.413064470442591e-07,6.668985949786284e-20,5.199252871451457e-15
0.005096019856932345,0.05595639656,0.054,0.0,0.0,0.00017500972766242948,0.8331317219975084,0.06417614931237685,0.02091522385205982,8.449777906916625e-07,0.023215774693870393,0.0,0.028607647985800903,5.708963032148581e-08,8.923455860177719e-12,8.072116692497085e-08,3.93855802294081e-09,1.5827262173318715e-09,7.710333164326557e-09,4.038985019637618e-07,1.4683985553197767e-06,0.0009504360373884359,5.234127811348502e-10,2.407467964301458e-07,6.725093975668189e-20,5.199521996548335e-15
0.005129250476916071,0.05595639656,0.054,0.0,0.0,0.00017430514277112186,0.8330629471962746,0.06431298175111001,0.020960844610512713,8.485076377352016e-07,0.02312455388825578,0.0,0.02860838220847062,5.685746375212441e-08,8.851358684094042e-12,8.007821768065911e-08,3.906533303836028e-09,1.5769376861202696e-09,7.695555029277641e-09,4.022558986197851e-07,1.4624643005305523e-06,0.0009504214034281031,5.200765295791619e-10,2.4018854307379504e-07,6.781398736769902e-20,5.199788894121606e-15
0.005162481096899797,0.05595639656,0.054,0.0,0.0,0.0001736063947116995,0.8329947294817427,0.06444870593031753,0.021006095862788135,8.520351340079705e-07,0.023034071913061654,0.0,0.028609110362077098,5.662723843599416e-08,8.780175163949049e-12,7.944309167791397e-08,3.874905896367662e-09,1.5711973791473565e-09,7.68077248047059e-09,4.0062702974748877e-07,1.4565793653147078e-06,0.0009504068776394323,5.167709699760992e-10,2.3963170787851836e-07,6.837900485889606e-20,5.2000535922925054e-15
0.0051957117168835235,0.05595639656,0.054,0.0,0.0,0.0001729134097950985,0.8329270619683734,0.06458333554640575,0.021050982175345293,8.555603238152688e-07,0.022944319637496716,0.0,0.028609832523124233,5.639892965402783e-08,8.709889609945352e-12,7.881566049173629e-08,3.8436691571303845e-09,1.5655046815860764e-09,7.665987069719032e-09,3.9901172045754826e-07,1.450743125263594e-06,0.0009503924587709182,5.134957564419795e-10,2.390763107753436e-07,6.894599468466266e-20,5.200316118704303e-15
0.00522894233686725,0.05595639656,0.054,0.0,0.0,0.00017222611558464395,0.8328599378853264,0.0647168840676515,0.02109550803858511,8.590832502750429e-07,0.02285528808285311,0.0,0.028610548766817685,5.6172513110601456e-08,8.640486671592141e-12,7.81957983533746e-08,3.812816582548948e-09,1.559858989158044e-09,7.651200298736271e-09,3.9740979885654933e-07,1.4449549666064091e-06,0.0009503781455904052,5.102505470802633e-10,2.385223707563039e-07,6.951495922797029e-20,5.200576500532491e-15
0.005262172956850976,0.05595639656,0.054,0.0,0.0,0.00017154444086941737,0.8327933505740677,0.06484936473896169,0.02113967786843705,8.626039553561109e-07,0.022766968419333358,0.0,0.02861125916709238,5.594796492446175e-08,8.571951328881164e-12,7.758338208414721e-08,3.7823418053356675e-09,1.5542597079071951e-09,7.636413620683047e-09,3.958210959828043e-07,1.4392142859835039e-06,0.0009503639368847106,5.070350039590254e-10,2.3796990590662064e-07,7.008590080244854e-20,5.20083476449467e-15
0.005295403576834702,0.05595639656,0.054,0.0,0.0,0.00017086831563817732,0.8327272934860253,0.06498079058653426,0.02118349600791307,8.661224799151559e-07,0.022679351962943163,0.0,0.028611963796639623,5.572526161984752e-08,8.504268883720777e-12,7.697829103110942e-08,3.752238591048751e-09,1.548706253978277e-09,7.621628441659677e-09,3.9424544574351654e-07,1.4335204902244044e-06,0.0009503498314592513,5.038487930866416e-10,2.3741893343561257e-07,7.06588216544388e-20,5.201090936860291e-15
0.005328634196818428,0.05595639656,0.054,0.0,0.0,0.00017019767105387409,0.8326617601802989,0.06511117442241574,0.02122696672862709,8.696388637324796e-07,0.02259243017245302,0.0,0.028612662726933368,5.550438011781459e-08,8.43742495161902e-12,7.638040700450184e-08,3.7225008347477463e-09,1.5431980534004371e-09,7.606846122148542e-09,3.926826848533972e-07,1.4278729961309102e-06,0.0009503358281376805,5.006915843855197e-10,2.3686946970650797e-07,7.123372396499032e-20,5.2013450434600994e-15
0.005361864816802155,0.05595639656,0.054,0.0,0.0,0.00016953243942885627,0.8325967443214265,0.06524052884893988,0.021270094232274776,8.731531455464018e-07,0.02250619464643931,0.0,0.028613356028255963,5.5285297727796616e-08,8.371405453621236e-12,7.578961421704106e-08,3.6931225577489247e-09,1.5377345418766978e-09,7.592067978410359e-09,3.911326527749586e-07,1.4222712302661102e-06,0.0009503219257615439,4.9756305166484e-10,2.3632153026527018e-07,7.181060985178627e-20,5.20159710969538e-15
0.005395095436785881,0.05595639656,0.054,0.0,0.0,0.00016887255420076,0.8325322396772139,0.06536886626304576,0.02131288265207314,8.766653630863216e-07,0.02242063712040566,0.0,0.028614043769723083,5.5067992139398017e-08,8.306196608497079e-12,7.520579922502308e-08,3.6640979044788484e-09,1.5323151645792292e-09,7.57729528383506e-09,3.895951916604577e-07,1.4167146287492017e-06,0.0009503081231899431,4.94462872592473e-10,2.357751298684533e-07,7.238948137099962e-20,5.20184716054693e-15
0.005428326056769607,0.05595639656,0.054,0.0,0.0,0.00016821794990900846,0.8324682401166179,0.06549619886048694,0.02135533605416393,8.801755531045662e-07,0.02233574946397671,0.0,0.028614726019308024,5.4852441414396164e-08,8.241784925161109e-12,7.462885087112096e-08,3.635421139419857e-09,1.5269393759498547e-09,7.562529270248406e-09,3.880701462953171e-07,1.411202637055512e-06,0.0009502944192991996,4.913907286657721e-10,2.3523028251009845e-07,7.297034051908796e-20,5.202095220583782e-15
0.005461556676753333,0.05595639656,0.054,0.0,0.0,0.00016756856217187735,0.8324047396076801,0.06562253863994105,0.021397458438983677,8.836837514071218e-07,0.02225152367815861,0.0,0.028615402843865545,5.463862397894001e-08,8.178157195315486e-12,7.405866022878969e-08,3.607086644142818e-09,1.52160663950546e-09,7.547771129175786e-09,3.865573640429151e-07,1.4057347098213314e-06,0.0009502808129825245,4.88346305181274e-10,2.3468700144769169e-07,7.355318923453466e-20,5.2023413139717914e-15
0.0054947872967370595,0.05595639656,0.054,0.0,0.0,0.00016692432766412458,0.8323417322155107,0.06574789740702044,0.021439253742600854,8.87189992883276e-07,0.02216795189266527,0.0,0.028616074309154912,5.442651861594101e-08,8.115300486309212e-12,7.349512054824065e-08,3.5790889144250298e-09,1.516316427648193e-09,7.53302201306486e-09,3.8505669479075243e-07,1.400310310653574e-06,0.0009502673031497015,4.853292912035004e-10,2.3414529922723245e-07,7.413802939953778e-20,5.2025854644818896e-15
0.005528017916720786,0.05595639656,0.054,0.0,0.0,0.00016628518409518857,0.8322792121003204,0.06587228677818348,0.02148072583801983,8.906943115341922e-07,0.02208502636331092,0.0,0.02861674047986257,5.421610445765704e-08,8.053202134209409e-12,7.293812720395893e-08,3.551422557451648e-09,1.5110682214805068e-09,7.518283036468834e-09,3.8356799089798966e-07,1.394928911944285e-06,0.0009502538887267767,4.823393795330146e-10,2.3360518770745123e-07,7.472486284164504e-20,5.2028276954982775e-15
0.005561248536704512,0.05595639656,0.054,0.0,0.0,0.00016565107018793557,0.8322171735155042,0.06599571818454847,0.02152187853645251,8.94196740500447e-07,0.02200273946946741,0.0,0.028617401419624086,5.400736097846593e-08,7.991849737077164e-12,7.23875776437112e-08,3.5240822890978352e-09,1.505861510624927e-09,7.50355527719147e-09,3.8209110714431805e-07,1.3895899946898166e-06,0.000950240568655755,4.793762666738149e-10,2.3306667808320728e-07,7.531369133533587e-20,5.203068030026277e-15
0.005594479156688238,0.05595639656,0.054,0.0,0.0,0.00016502192565793112,0.8321556108057689,0.06611820287561515,0.02156271558855894,8.976973120885861e-07,0.021921083711583484,0.0,0.028618057191045654,5.3800267987818374e-08,7.931231148439765e-12,7.184337133898625e-08,3.4970629312884243e-09,1.5006957930482843e-09,7.488839777395297e-09,3.8062590068009635e-07,1.3842930483144834e-06,0.0009502273418943015,4.764396528000653e-10,2.3252978090808867e-07,7.590451660355309e-20,5.203306490700088e-15
0.005627709776671964,0.05595639656,0.054,0.0,0.0,0.00016439769119321837,0.8320945184053079,0.06623975192289637,0.02160324068565818,9.011960577967491e-07,0.021840051708763554,0.0,0.028618707855724998,5.3594805623363043e-08,7.871334470952295e-12,7.13054097368167e-08,3.4703594094323407e-09,1.495570574890276e-09,7.47413754467423e-09,3.791722309777164e-07,1.3790375704985208e-06,0.0009502142074154502,4.735292417222489e-10,2.319945061162471e-07,7.649734031918745e-20,5.203543099790296e-15
0.005660940396655691,0.05595639656,0.054,0.0,0.0,0.0001637783084345915,0.8320338908360182,0.06636037622346284,0.021643457460910096,9.046930083393929e-07,0.021759636196404603,0.0,0.028619353474271848,5.33909543442426e-08,7.812148050242895e-12,7.077359621294256e-08,3.4439667499295753e-09,1.490485370296281e-09,7.459449553092002e-09,3.777299597841675e-07,1.3738230670102775e-06,0.0009502011642073184,4.706447408528041e-10,2.3146086304349582e-07,7.709216410651618e-20,5.203777879211234e-15
0.005694171016639417,0.05595639656,0.054,0.0,0.0,0.00016316371995635278,0.8319737227057618,0.0664800865034028,0.02168336949046871,9.081881936711449e-07,0.021679830023889922,0.0,0.02861999410632781,5.3188694924555165e-08,7.753660468935979e-12,7.024783602627677e-08,3.417880077748533e-09,1.4854397012542892e-09,7.444776744187427e-09,3.762989510747719e-07,1.3686490515425255e-06,0.0009501882112728316,4.677858611713432e-10,2.309288604476961e-07,7.768898954259637e-20,5.204010850528134e-15
0.005727401636623143,0.05595639656,0.054,0.0,0.0,0.00016255386924753865,0.8319140087066667,0.06659889332119814,0.021722980294607935,9.116816430098199e-07,0.0216006261523382,0.0,0.028620629810585878,5.2988008446973946e-08,7.695860540847419e-12,6.972803627463147e-08,3.3920946140714695e-09,1.4804330974358133e-09,7.430120027947735e-09,3.748790710080544e-07,1.363515045552766e-06,0.0009501753476294503,4.64952317189481e-10,2.3039850652845952e-07,7.828781815861505e-20,5.204242034964146e-15
0.005760632256606869,0.05595639656,0.054,0.0,0.0,0.00016194870069359972,0.8318547436134707,0.06671680707102069,0.0217622933388204,9.151733848586379e-07,0.0215220176524062,0.0,0.02862126064480932,5.2788876296524295e-08,7.638737305345731e-12,6.921410585166191e-08,3.366605674005683e-09,1.4754650960407256e-09,7.415480283751076e-09,3.734701878817103e-07,1.3584205781074e-06,0.000950162572308904,4.62143826915323e-10,2.2986980894618718e-07,7.888865144119763e-20,5.204471453407127e-15
0.005793862876590596,0.05595639656,0.054,0.0,0.0,0.00016134815955852225,0.8317959222819024,0.06683383798595026,0.02180131203489039,9.186634470276696e-07,0.021443997702143426,0.0,0.02862188666585029,5.259128015451308e-08,7.582280021873879e-12,6.870595540499009e-08,3.3414086643583747e-09,1.4705352416458508e-09,7.400858361279261e-09,3.720721720896424e-07,1.353365185729667e-06,0.00095014988435693,4.593601118176835e-10,2.2934277484047304e-07,7.94914908336751e-20,5.204699126416335e-15
0.005827093496574322,0.05595639656,0.054,0.0,0.0,0.00016075219196737983,0.8317375396471018,0.06694999614111666,0.021840039741941427,9.221518566545461e-07,0.021366559584897395,0.0,0.028622507929667824,5.239520199260067e-08,7.526478164626652e-12,6.82034972954716e-08,3.3164990814731796e-09,1.4656430860571802e-09,7.3862550814018136e-09,3.706848960800358e-07,1.3483484122512407e-06,0.0009501372828330208,4.5660089679005794e-10,2.2881741084789423e-07,8.009633773731345e-20,5.2049250742288996e-15
0.005860324116558048,0.05595639656,0.054,0.0,0.0,0.00016016074488930132,0.8316795907220781,0.06706529145676815,0.021878479767459172,9.25638640224452e-07,0.021289696687268194,0.0,0.028623124491345523,5.2200624067017265e-08,7.471321417378404e-12,6.770664555757035e-08,3.2918725091264327e-09,1.4607881881656992e-09,7.371671237032197e-09,3.693082343144438e-07,1.3433698086673843e-06,0.0009501247668101746,4.538659101144152e-10,2.282937231192053e-07,8.070319351250399e-20,5.205149316766204e-15
0.005893554736541774,0.05595639656,0.054,0.0,0.0,0.0001595737661208456,0.8316220705962017,0.0671797337012676,0.021916635368290433,9.291238235894394e-07,0.02121340249711095,0.0,0.028623736405108745,5.20075289129227e-08,7.41679966845644e-12,6.721531586080667e-08,3.2675246164812798e-09,1.4559701138066975e-09,7.35710759395729e-09,3.679420632278531e-07,1.3384289329955554e-06,0.0009501123353746516,4.5115488342483644e-10,2.2777171733596364e-07,8.131205947991833e-20,5.205371873640042e-15
0.0059267853565255005,0.05595639656,0.054,0.0,0.0,0.00015899120426976962,0.8315649744337333,0.06729333249401905,0.02195450975161882,9.326074319870776e-07,0.021137670601584908,0.0,0.02862434372434147,5.1815899338894325e-08,7.362903005855237e-12,6.67294254722447e-08,3.243451156097778e-09,1.4511884356223471e-09,7.342564891640912e-09,3.665862611897023e-07,1.3335253501373748e-06,0.0009500999876257367,4.484675516710355e-10,2.2725139872660094e-07,8.19229369216272e-20,5.205592764158702e-15
0.005960015976509227,0.05595639656,0.054,0.0,0.0,0.00015841300873918135,0.8315082974723881,0.0674060973083262,0.021992106075917745,9.36089490058475e-07,0.02106249468524777,0.0,0.028624946501602633,5.162571842154406e-08,7.309621712487114e-12,6.624889321998771e-08,3.2196479619972666e-09,1.4464427329276074e-09,7.328043844002453e-09,3.652407084658299e-07,1.328658631743868e-06,0.0009500877226755053,4.458036530818274e-10,2.267327720819643e-07,8.253582708218548e-20,5.205812007332845e-15
0.005993246596492953,0.05595639656,0.054,0.0,0.0,0.0001578391297120642,0.8314520350219287,0.06751803747418483,0.022029427451881477,9.395700218656889e-07,0.020987868528194127,0.0,0.028625544788642245,5.143696950027502e-08,7.256946261564772e-12,6.577363945764991e-08,3.196110947779286e-09,1.4417325915794082e-09,7.3135451401712215e-09,3.6390528718131946e-07,1.3238283560838707e-06,0.0009500755396485965,4.4316292912852875e-10,2.2621584177034375e-07,8.315073116968414e-20,5.206029621881305e-15
0.006026477216476679,0.05595639656,0.054,0.0,0.0,0.0001572695181361648,0.8313961824627963,0.06762916218101099,0.022066476943334586,9.430490509085516e-07,0.02091378600423678,0.0,0.028626138636416967,5.124963617215497e-08,7.2048673121118534e-12,6.530358602977495e-08,3.1728361047894378e-09,1.437057603848749e-09,7.299069445217548e-09,3.625798812842249e-07,1.3190341079155322e-06,0.0009500634376819893,4.40545124488374e-10,2.2570061175200293e-07,8.376765035677056e-20,5.206245626236679e-15
0.006059707836460405,0.05595639656,0.054,0.0,0.0,0.00015670412570923298,0.8313407352447696,0.06773948048030626,0.022103257568120673,9.465266001409302e-07,0.020840241079129795,0.0,0.02862672809510548,5.106370228689505e-08,7.15337570459715e-12,6.483865623817216e-08,3.149819500336568e-09,1.432417368295792e-09,7.284617400861239e-09,3.612643765101435e-07,1.3142754783608177e-06,0.0009500514159247848,4.3794998700793224e-10,2.2518708559323187e-07,8.438658578163756e-20,5.206460038550884e-15
0.006092938456444132,0.05595639656,0.054,0.0,0.0,0.00015614290486460527,0.8312856888856535,0.0678490012882625,0.022139772298970666,9.500026919864451e-07,0.020767227808832153,0.0,0.028627313214123328,5.087915194197039e-08,7.102462456688657e-12,6.437877480914278e-08,3.1270572759578165e-09,1.4278114896481772e-09,7.270189626158311e-09,3.5995866034762117e-07,1.309552064782935e-06,0.0009500394735379914,4.3537726766658485e-10,2.2467526647993912e-07,8.500753854898272e-20,5.2066728767004734e-15
0.006126169076427858,0.05595639656,0.054,0.0,0.0,0.00015558580875712182,0.8312310389700024,0.067957733388307,0.02217602406435146,9.534773483536657e-07,0.020694740337810966,0.0,0.02862789404213761,5.069596947786074e-08,7.052118759123847e-12,6.392386786156935e-08,3.104545645730017e-09,1.4232395786819499e-09,7.255786718166591e-09,3.586626220043617e-07,1.3048634706666048e-06,0.0009500276096943174,4.3282672054007006e-10,2.241651572307969e-07,8.563050973093915e-20,5.206884158291947e-15
0.006159399696411584,0.05595639656,0.054,0.0,0.0,0.00015503279124936842,0.8311767811478664,0.06806568543359016,0.022212015749295225,9.569505906508032e-07,0.02062277289738311,0.0,0.028628470627081154,5.0514139473353576e-08,7.002335971692504e-12,6.347386287584163e-08,3.082280894626015e-09,1.4187012521049431e-09,7.2414092525909934e-09,3.573761523742216e-07,1.3002093055010935e-06,0.000950015823577965,4.3029810276413395e-10,2.2365676030995747e-07,8.62555003679779e-20,5.207093900666832e-15
0.00619263031639531,0.05595639656,0.054,0.0,0.0,0.00015448380689823366,0.8311229111335712,0.06817286594941677,0.022247750196210034,9.604224397999186e-07,0.020551319804094338,0.0,0.028629043016166474,5.0333646740981536e-08,6.953105619328309e-12,6.30286886635945e-08,3.0602593769145775e-09,1.4141961324435038e-09,7.2270577844090634e-09,3.5609914400496513e-07,1.2955891846659363e-06,0.0009500041143844292,4.277911744982815e-10,2.2315007783935208e-07,8.688251146978361e-20,5.2073021209067274e-15
0.0062258609363790365,0.05595639656,0.054,0.0,0.0,0.0001539388109417746,0.8310694247045223,0.06827928333562276,0.02228323020567226,9.63892916250665e-07,0.02048037545813486,0.0,0.028629611255899374,5.015447632263282e-08,6.9044193883059524e-12,6.25882753382334e-08,3.0384775146025706e-09,1.4097238479318391e-09,7.212732848477509e-09,3.548314910667646e-07,1.2910027293192834e-06,0.000949992481320304,4.253056988896965e-10,2.2264511161059087e-07,8.751154401610398e-20,5.207508835838187e-15
0.006259091556362763,0.05595639656,0.054,0.0,0.0,0.0001533977592863806,0.8310163177000347,0.06838494586889861,0.022318458537201193,9.67362039993578e-07,0.0204099343417904,0.0,0.028630175392092283,4.9976613485162695e-08,6.8562691225411904e-12,6.215255428622357e-08,3.0169317959180796e-09,1.4052840324027648e-09,7.198434960120285e-09,3.5357308932142e-07,1.2864495662887875e-06,0.0009499809236030877,4.228414420372841e-10,2.2214186309647354e-07,8.81425989575739e-20,5.2077140620375185e-15
0.006292322176346489,0.05595639656,0.054,0.0,0.0,0.0001528606084942295,0.8309635860201953,0.0684898617050609,0.02235343791001637,9.708298305729378e-07,0.020339991017927855,0.0,0.028630735469877183,4.980004371605185e-08,6.808646819989643e-12,6.172145813912095e-08,2.9956187738332647e-09,1.4008763251818363e-09,7.184164615698918e-09,3.5232383609228383e-07,1.281929327964979e-06,0.0009499694404609965,4.2039817295593497e-10,2.2164033346212782e-07,8.877567721651504e-20,5.207917815835463e-15
0.006325552796330215,0.05595639656,0.054,0.0,0.0,0.00015232731577102633,0.8309112256247411,0.0685940388812736,0.022388171003778094,9.742963070992106e-07,0.0202705401285146,0.0,0.02863129153371838,4.9624752719392894e-08,6.761544629141034e-12,6.129492074632213e-08,2.974535064625796e-09,1.396500370985259e-09,7.169922293165558e-09,3.510836302348688e-07,1.2774416521970503e-06,0.0009499580311327795,4.179756635409293e-10,2.2114052357578377e-07,8.941077968771237e-20,5.208120113321752e-15
0.0063587834163139415,0.05595639656,0.054,0.0,0.0,0.00015179783895401882,0.830859232531971,0.06869748531821956,0.022422660459311548,9.777614882610876e-07,0.02020157639317061,0.0,0.028631843627424883,4.945072641190404e-08,6.7149548456080726e-12,6.08728771485128e-08,2.953677346477716e-09,1.3921558198174213e-09,7.155708452599386e-09,3.498523721081211e-07,1.272986182190989e-06,0.0009499466948675378,4.1557368853260666e-10,2.206424340192019e-07,9.00479072391664e-20,5.2083209703495956e-15
0.006392014036297668,0.05595639656,0.054,0.0,0.0,0.00015127213650028147,0.8308076028176761,0.06880020882222489,0.02245690887931488,9.812253923371403e-07,0.020133094607752443,0.0,0.02863239179416255,4.927795091862956e-08,6.668869908805827e-12,6.045526355179351e-08,2.9330423581104513e-09,1.3878423268702849e-09,7.141523536726944e-09,3.486299635463434e-07,1.268562566410009e-06,0.0009499354309245496,4.13192025481201e-10,2.201460650977626e-07,9.068706071282509e-20,5.208520402540054e-15
0.006425244656281394,0.05595639656,0.054,0.0,0.0,0.00015075016747526153,0.8307563326140952,0.06890221708733597,0.02249091882905181,9.846880372070985e-07,0.020065089642968513,0.0,0.028632936076465977,4.910641256914674e-08,6.623282398716084e-12,6.004201730246411e-08,2.912626897455131e-09,1.3835595524304305e-09,7.127367971426829e-09,3.474163078317485e-07,1.2641704584772028e-06,0.0009499242385730948,4.1083045471196437e-10,2.1965141685022958e-07,9.132824092529257e-20,5.208718425286304e-15
0.00645847527626512,0.05595639656,0.054,0.0,0.0,0.00015023189154157848,0.830705418108894,0.06900351769735148,0.022524692837029032,9.881494403627725e-07,0.019997556443024464,0.0,0.02863347651625009,4.893609789438272e-08,6.578185032738345e-12,5.963307686244568e-08,2.8924278203571806e-09,1.379307161785036e-09,7.1132421662192375e-09,3.4621130966762434e-07,1.2598095170803537e-06,0.0009499131170922872,4.084887592904874e-10,2.1915848905819716e-07,9.197144866851852e-20,5.208915053757821e-15
0.006491705896248846,0.05595639656,0.054,0.0,0.0,0.00014971726894807464,0.8306548555441651,0.06910411812780967,0.022558233395658787,9.91609618918622e-07,0.01993049002429828,0.0,0.0286340131548215,4.876699362231393e-08,6.5335706626273745e-12,5.922838178532422e-08,2.8724420393139224e-09,1.3750848251219195e-09,7.099146514741073e-09,3.450148751521042e-07,1.2554794058788895e-06,0.0009499020657709077,4.061667249883213e-10,2.1866728125523688e-07,9.26166847104658e-20,5.209110302904478e-15
0.006524936516232573,0.05595639656,0.054,0.0,0.0,0.00014920626051910583,0.8306046412154513,0.06920402574793284,0.0225915429619072,9.950685896219971e-07,0.019863885474044052,0.0,0.02863454603288958,4.859908667347855e-08,6.489432271504266e-12,5.882787269299521e-08,2.8526665222441216e-09,1.3708922174437765e-09,7.085081395206841e-09,3.438269117525165e-07,1.2511797934128755e-06,0.0009498910839072417,4.0386414024883343e-10,2.1817779273574872e-07,9.326394979576052e-20,5.209304187460514e-15
0.006558167136216299,0.05595639656,0.054,0.0,0.0,0.00014869882764406573,0.8305547714707873,0.0693032478225296,0.022624623957928382,9.985263688630529e-07,0.01979773794912386,0.0,0.028635075190577345,4.843236415923845e-08,6.445762970941935e-12,5.843149125289353e-08,2.8330982912894076e-09,1.3667290184914964e-09,7.071047170855702e-09,3.4264732828029645e-07,1.2469103530139996e-06,0.0009498801708089199,4.0158079615336155e-10,2.1769002256352235e-07,9.391324464632165e-20,5.209496721948471e-15
0.006591397756200025,0.05595639656,0.054,0.0,0.0,0.00014819493226714218,0.8305052427097666,0.06940179151385589,0.022657478771685013,1.0019829726843528e-06,0.019732042674766973,0.0,0.028635600667432072,4.826681337896244e-08,6.402555998140757e-12,5.8039180155792234e-08,2.8137344216460086e-09,1.362594912640366e-09,7.057044190385448e-09,3.4147603486645777e-07,1.2426707627185292e-06,0.0009498693257927606,3.9931648638763635e-10,2.1720396958002925e-07,9.456456996197343e-20,5.2096879206830116e-15
0.006624628376183751,0.05595639656,0.054,0.0,0.0,0.00014769453687730154,0.8304560513826236,0.06949966388343652,0.02269010975755553,1.0054384167901718e-06,0.019666794943355763,0.0,0.028636122502435673,4.8102421812366564e-08,6.359804713173365e-12,5.7650883094152943e-08,2.7945720404247653e-09,1.3584895888042246e-09,7.043072788374016e-09,3.403129429376121e-07,1.2384607051822124e-06,0.0009498585481846206,3.970710072085169e-10,2.1671963241245823e-07,9.52179264210391e-20,5.209877797774662e-15
0.0066578589961674775,0.05595639656,0.054,0.0,0.0,0.00014719760449848196,0.8304071939893386,0.06959687189384708,0.022722519236928286,1.0088927165555105e-06,0.019601990113237506,0.0,0.02863664073401483,4.793917711745959e-08,6.317502596272802e-12,5.726654474101063e-08,2.7756083255405224e-09,1.3544127403961418e-09,7.02913328568788e-09,3.391579651924946e-07,1.2342798675969536e-06,0.0009498478373192404,3.9484415741099833e-10,2.1623700948147554e-07,9.587331468091852e-20,5.210066367133446e-15
0.006691089616151204,0.05595639656,0.054,0.0,0.0,0.00014670409867999568,0.83035866707876,0.06969342241045835,0.022754709498783162,1.012345887034829e-06,0.019537623607561616,0.0,0.028637155400050997,4.777706713581204e-08,6.275643245216271e-12,5.6886110729381605e-08,2.756840504631342e-09,1.3503640652415865e-09,7.0152259898782825e-09,3.3801101557899077e-07,1.230127941609274e-06,0.0009498371925400978,3.926357382955418e-10,2.1575609900872982e-07,9.65307353786485e-20,5.210253642472512e-15
0.00672432023613493,0.05595639656,0.054,0.0,0.0,0.00014621398348715968,0.8303104672477473,0.06978932220314364,0.022786682800260673,1.015797942970511e-06,0.01947369091314152,0.0,0.028637666537890086,4.761607988150064e-08,6.234220372814673e-12,5.650952763217965e-08,2.7382658540018814e-09,1.3463432654133456e-09,7.001351195567265e-09,3.368720092717136e-07,1.2260046232407093e-06,0.0009498266131992682,3.9044555363571394e-10,2.1527689902416133e-07,9.719018913144749e-20,5.210439637311605e-15
0.006757550856118656,0.05595639656,0.054,0.0,0.0,0.00014572722349212342,0.8302625911403293,0.06988457794794958,0.022818441367219118,1.0192488988010658e-06,0.019410187579340626,0.0,0.028638174184351953,4.745620352377719e-08,6.193227804385487e-12,5.6136742942618814e-08,2.719881697590275e-09,1.3423500472233458e-09,6.987509184822049e-09,3.3574086265005323e-07,1.2219096128098849e-06,0.000949816098657285,3.8827340964615435e-10,2.1479940737306575e-07,9.785167653724417e-20,5.210624364980488e-15
0.006790781476102382,0.05595639656,0.054,0.0,0.0,0.0001452437837648481,0.8302150354468828,0.06997919622873205,0.022849987394779975,1.0226987686690819e-06,0.01934710921698185,0.0,0.028638678375739794,4.729742640985363e-08,6.1526594752592345e-12,5.576770505509309e-08,2.701685405968147e-09,1.338384121284119e-09,6.9737002275154936e-09,3.3461749327659816e-07,1.2178426148558876e-06,0.0009498056482829863,3.8611911495081056e-10,2.1432362172284792e-07,9.851519817519101e-20,5.210807838622335e-15
0.006824012096086109,0.05595639656,0.054,0.0,0.0,0.00014476362986431442,0.830167796903327,0.07007318353875765,0.022881323047861817,1.0261475664289364e-06,0.019284451497279927,0.0,0.028639179147849195,4.71397370794197e-08,6.112509428539391e-12,5.540236324653327e-08,2.683674395367188e-09,1.3344452021996405e-09,6.95992458167851e-09,3.3350181987610206e-07,1.2138033380635806e-06,0.0009497952614533851,3.8398248055151583e-10,2.138495395696284e-07,9.91807546061648e-20,5.2109900711969835e-15
0.006857242716069835,0.05595639656,0.054,0.0,0.0,0.00014428672782999788,0.8301208722903348,0.07016654628227167,0.022912450461703038,1.029595305654269e-06,0.019222210150796216,0.0,0.028639676535977043,4.698312419333456e-08,6.0727718128637616e-12,5.504066765821221e-08,2.6658461267117443e-09,1.330533008345088e-09,6.946182493847554e-09,3.323937623150843e-07,1.2097914951911758e-06,0.0009497849375535675,3.8186331979701605e-10,2.1337715824480113e-07,9.984834637325082e-20,5.211171075484145e-15
0.006890473336053561,0.05595639656,0.054,0.0,0.0,0.00014381304417340204,0.830074258432562,0.07025929077603321,0.02294337174237374,1.0330419996452247e-06,0.01916038096641525,0.0,0.0286401705749303,4.682757652770898e-08,6.033440879843188e-12,5.468256927796303e-08,2.648198104680372e-09,1.326647262397402e-09,6.932474199393813e-09,3.312932415815861e-07,1.205806802998325e-06,0.0009497746759765316,3.7976144835216516e-10,2.129064749211398e-07,1.0051797400221207e-19,5.211350864086574e-15
0.006923703956037287,0.05595639656,0.054,0.0,0.0,0.00014334254586964777,0.8300279521978907,0.07035142325081845,0.02297408896727688,1.036487661435488e-06,0.01909895979034247,0.0,0.028640661299034635,4.667308313084363e-08,5.9945109819143145e-12,5.4328019922847403e-08,2.630727876828002e-09,1.3227876912240865e-09,6.918799922834774e-09,3.302001797650739e-07,1.2018489821746992e-06,0.0009497644761230038,3.776766841673127e-10,2.1243748661846775e-07,1.0118963800194979e-19,5.2115294494331685e-15
0.0069569345760210136,0.05595639656,0.054,0.0,0.0,0.00014287520034958633,0.8299819504966882,0.07044294985289304,0.023004604185639127,1.039932303799115e-06,0.019037942525122736,0.0,0.028641148742142578,4.6519633244901155e-08,5.955976570869255e-12,5.39769722222863e-08,2.613433032698174e-09,1.3189540245135656e-09,6.905159878159874e-09,3.291145000375619e-07,1.197917757272975e-06,0.0009497543374014124,3.756088474484188e-10,2.119701902098315e-07,1.0186333886495276e-19,5.211706843781927e-15
0.00699016519600474,0.05595639656,0.054,0.0,0.0,0.0001424109754921914,0.8299362502810844,0.07053387664545384,0.023034919418991585,1.0433759392571206e-06,0.01897732512867942,0.0,0.02864163293764167,4.6367215966550534e-08,5.917832195277921e-12,5.3629379601518656e-08,2.5963112028855713e-09,1.315145995565297e-09,6.891554269154351e-09,3.2803612663539546e-07,1.1940128566441882e-06,0.0009497442592278449,3.73557760627643e-10,2.1150458242770662e-07,1.0253907706772115e-19,5.211883059222861e-15
0.007023395815988466,0.05595639656,0.054,0.0,0.0,0.0001419498396162421,0.8298908485442598,0.07062420961004078,0.023065036661640562,1.0468185800838805e-06,0.018917103613372902,0.0,0.028642113918462983,4.621582058978766e-08,5.880072497241298e-12,5.328519626538282e-08,2.5793600582283346e-09,1.3113633436459256e-09,6.877983289655826e-09,3.269649848394286e-07,1.1901340123671659e-06,0.0009497342410256614,3.715232483332945e-10,2.1104065986829432e-07,1.0321685307118147e-19,5.212058107681082e-15
0.007056626435972192,0.05595639656,0.054,0.0,0.0,0.00014149176147231616,0.8298457423197512,0.07071395464792032,0.02309495788112877,1.0502602383134237e-06,0.01885727404507784,0.0,0.02864259171708888,4.606543723865268e-08,5.842692212217113e-12,5.294437718269135e-08,2.5625773091349906e-09,1.3076058106208654e-09,6.864447123812827e-09,3.2590100095592925e-07,1.1862809601805785e-06,0.0009497242822253008,3.6950513736021175e-10,2.105784189959434e-07,1.0389666732111877e-19,5.212232000919599e-15
0.0070898570559559185,0.05595639656,0.054,0.0,0.0,0.0001410367102369566,0.8298009286807693,0.07080311758144106,0.023124685018687065,1.05370092574548e-06,0.01879783254228035,0.0,0.02864306636555953,4.5916055735996086e-08,5.805686168842648e-12,5.260687807104041e-08,2.54596070462213e-09,1.3038731372285619e-09,6.8509459464697e-09,3.2484410230247816e-07,1.1824534394332064e-06,0.0009497143822648435,3.675032566427985e-10,2.1011785615139746e-07,1.0457852024857687e-19,5.212404750541654e-15
0.007123087675939645,0.05595639656,0.054,0.0,0.0,0.00014058465550573495,0.8297564047395325,0.07089170415536025,0.023154219989677028,1.0571406539511771e-06,0.018738775275194148,0.0,0.028643537895481214,4.576766458523934e-08,5.7690492819235126e-12,5.227265538145487e-08,2.5295080312400347e-09,1.3001650725853423e-09,6.837479923458776e-09,3.237942171913633e-07,1.1786511930250043e-06,0.0009497045405897748,3.655174372270839e-10,2.0965896755738892e-07,1.0526241227018523e-19,5.2125763679937325e-15
0.007156318295923371,0.05595639656,0.054,0.0,0.0,0.00014013556728212866,0.8297121676466124,0.0709797200381437,0.023183564684024573,1.0605794342787882e-06,0.01868009846489199,0.0,0.028644006338036224,4.5620254170644544e-08,5.732776549287317e-12,5.194166628347697e-08,2.513217112812314e-09,1.2964813774352823e-09,6.824049211595658e-09,3.2275127490340994e-07,1.1748739673131355e-06,0.000949694756651281,3.635475122381214e-10,2.0920174931549382e-07,1.0594834378855345e-19,5.212746864569126e-15
0.007189548915907097,0.05595639656,0.054,0.0,0.0,0.00013968941597144305,0.829668214590293,0.07106717082324192,0.023212720966644767,1.0640172778596489e-06,0.018621798382454143,0.0,0.02864447172398712,4.547381784254093e-08,5.696863062621893e-12,5.16138686518122e-08,2.497085810167746e-09,1.2928218001510682e-09,6.810653958995875e-09,3.2171520567336125e-07,1.1711215120602223e-06,0.0009496850299071049,3.615933168530648e-10,2.0874619741254195e-07,1.0663631519277715e-19,5.212916251409467e-15
0.007222779535890823,0.05595639656,0.054,0.0,0.0,0.00013924617238350272,0.8296245427959439,0.07115406203033992,0.0232416906778581,1.067454195613211e-06,0.018563871348140713,0.0,0.028644934083678925,4.532834355355274e-08,5.661304002224357e-12,5.128922105256127e-08,2.4811120189758233e-09,1.2891860813172362e-09,6.79729430595907e-09,3.2068594069536025e-07,1.1673935804560794e-06,0.0009496753598249661,3.596546882845384e-10,2.0829230774395375e-07,1.0732632685868532e-19,5.213084539505486e-15
0.00725601015587455,0.05595639656,0.054,0.0,0.0,0.0001388058077199095,0.8295811495254034,0.07124039910657566,0.02327047563379848,1.0708901982513907e-06,0.01850631373057899,0.0,0.028645393447055197,4.5183814624782913e-08,5.626094607215631e-12,5.09676827271569e-08,2.4652936684410556e-09,1.2855740076117199e-09,6.783970384802586e-09,3.196634120931376e-07,1.1636899290102963e-06,0.0009496657458786704,3.577314657471554e-10,2.0784007610609694e-07,1.080183791488733e-19,5.213251739702863e-15
0.007285917713859903,0.05595639656,0.054,0.0,0.0,0.0001384119174889179,0.8295423314855953,0.07131763313784575,0.023296225610246735,1.073981826893425e-06,0.01845482476309681,0.0,0.028645804336683393,4.505455125654614e-08,5.594701252830493e-12,5.068092350960641e-08,2.4511883732888487e-09,1.2823431737357532e-09,6.772009508125418e-09,3.1874884053725266e-07,1.1603772034401326e-06,0.000949657140885326,3.560136062953435e-10,2.0743448165276184e-07,1.086429712335238e-19,5.2134012985794986e-15
0.007285938181334952,0.05595639656,0.054,0.0,0.0,0.00013841164871314956,0.8295423049962676,0.07131768584215269,0.023296243181963428,1.0739839424247233e-06,0.01845478962715564,0.0,0.028645804617060653,4.505446331362846e-08,5.594679861135904e-12,5.068072809007838e-08,2.451178753682806e-09,1.2823409672829976e-09,6.772001332548577e-09,3.187482164822129e-07,1.1603749429799043e-06,0.0009496571350116503,3.560124348696698e-10,2.074342045389819e-07,1.0864339924418166e-19,5.213401400634178e-15
0.007285953982615602,0.05595639656,0.054,0.0,0.0,0.0001384114412139004,0.8295422845460627,0.07131772653076077,0.023296256747623135,1.073985575654988e-06,0.01845476250162037,0.0,0.02864580483351649,4.5054395281362426e-08,5.594663349985907e-12,5.0680577247366605e-08,2.451171339263271e-09,1.2823392657108719e-09,6.771995020886221e-09,3.1874773470161365e-07,1.160373197867974e-06,0.0009496571304771338,3.560115305094685e-10,2.0743399060232044e-07,1.086437296770876e-19,5.213401479422061e-15
0.007285969783896252,0.05595639656,0.054,0.0,0.0,0.00013841123371544577,0.829542264095929,0.07131776721922772,0.023296270313235792,1.0739872088850204e-06,0.018454735376179206,0.0,0.02864580504997152,4.5054327208845055e-08,5.594646838114517e-12,5.06804264015838e-08,2.451163922317269e-09,1.2823375639730085e-09,6.77198870923506e-09,3.187472529228734e-07,1.1603714527627567e-06,0.0009496571259426564,3.5601062615329097e-10,2.074337766662363e-07,1.0864406011040098e-19,5.213401558209653e-15
0.007285984005048838,0.05595639656,0.054,0.0,0.0,0.00013841104696729007,0.82954224569085,0.07131780383876563,0.023296282522259716,1.0739886787919142e-06,0.01845471096333709,0.0,0.028645805244780588,4.505426592840039e-08,5.59463197699968e-12,5.068029063819683e-08,2.451157245562442e-09,1.282336032283656e-09,6.7719830287486685e-09,3.187468193230743e-07,1.1603698821718996e-06,0.000949657121861645,3.560098122355119e-10,2.074335841240043e-07,1.0864435750088636e-19,5.213401629118319e-15
0.007285998226201423,0.05595639656,0.054,0.0,0.0,0.0001384108602197683,0.8295422272858317,0.07131784045818271,0.023296294731243356,1.0739901486986087e-06,0.018454686550575514,0.0,0.028645805439588994,4.5054204645442315e-08,5.5946171157277115e-12,5.0680154873758455e-08,2.451150568231074e-09,1.2823345005404319e-09,6.771977348273657e-09,3.187463857247542e-07,1.1603683115863838e-06,0.0009496571177806481,3.5600899832085446e-10,2.0743339158223056e-07,1.0864465489163938e-19,5.213401700026743e-15
0.007286012447354009,0.05595639656,0.054,0.0,0.0,0.00013841067347274705,0.8295422088808616,0.07131787707750399,0.023296306940195053,1.0739916186051456e-06,0.01845466213787782,0.0,0.028645805634396882,4.505414336140746e-08,5.594602254415563e-12,5.0680019109074825e-08,2.451143890656151e-09,1.2823329687748047e-09,6.771971667803704e-09,3.187459521276062e-07,1.1603667410050916e-06,0.000949657113699662,3.5600818440896206e-10,2.0743319904075362e-07,1.0864495228279048e-19,5.21340177093498e-15
0.007286026668506594,0.05595639656,0.054,0.0,0.0,0.00013841048672602087,0.82954219047592,0.07131791369676858,0.023296319149127855,1.0739930885115892e-06,0.0184546377252179,0.0,0.028645805829204462,4.5054082077091335e-08,5.594587393131606e-12,5.06798833445985e-08,2.4511372130497753e-09,1.2823314370062566e-09,6.771965987330617e-09,3.1874551853115526e-07,1.1603651704262967e-06,0.0009496571096186819,3.560073704992023e-10,2.0743300649939207e-07,1.08645249674451e-19,5.213401841843106e-15
0.007286040889659179,0.05595639656,0.054,0.0,0.0,0.00013841029997973796,0.8295421720710212,0.0713179503159479,0.023296331358032215,1.0739945584178928e-06,0.018454613312614842,0.0,0.028645806024011587,4.505402079278251e-08,5.594572531899757e-12,5.067974758058344e-08,2.4511305354674836e-09,1.2823299052417317e-09,6.7719603068640075e-09,3.1874508493574067e-07,1.1603635998512397e-06,0.0009496571055377104,3.560065565916726e-10,2.0743281395825217e-07,1.086455470663958e-19,5.213401912751065e-15
0.007286055110811765,0.05595639656,0.054,0.0,0.0,0.00013841011323394772,0.8295421536661699,0.07131798693503233,0.023296343566904958,1.07399602832404e-06,0.018454588900075026,0.0,0.028645806218818196,4.505395950861182e-08,5.594557670728327e-12,5.067961181710357e-08,2.4511238579117825e-09,1.282328373481241e-09,6.771954626403223e-09,3.187446513414791e-07,1.1603620292803378e-06,0.0009496571014567487,3.5600574268678136e-10,2.0743262141737702e-07,1.0864584445871593e-19,5.213401983658837e-15
0.0072860835531169356,0.05595639656,0.054,0.0,0.0,0.00013840973974391116,0.8295421168566173,0.07131806017290396,0.023296367984551317,1.0739989681358453e-06,0.018454540075193565,0.0,0.028645806608429806,4.505383694080462e-08,5.594527948573059e-12,5.067934029181585e-08,2.4511105028857676e-09,1.2823253099731764e-09,6.771943265501169e-09,3.1874378415656845e-07,1.160358888151555e-06,0.0009496570932948554,3.560041148852305e-10,2.0743223633650542e-07,1.0864643924447838e-19,5.2134021254737996e-15
0.007286111995422106,0.05595639656,0.054,0.0,0.0,0.00013840936625593314,0.8295420800472635,0.07131813341037922,0.023296392402065526,1.0740019079469981e-06,0.018454491250576344,0.0,0.028645806998039272,4.505371437368757e-08,5.594498226667061e-12,5.0679068768746564e-08,2.451097147971585e-09,1.2823222464821244e-09,6.771931904625119e-09,3.187429169764742e-07,1.1603557470401333e-06,0.0009496570851330022,3.560024870946792e-10,2.0743185125682011e-07,1.0864703403173687e-19,5.213402267287984e-15
0.007286168880032448,0.05595639656,0.054,0.0,0.0,0.00013840861928618206,0.829542006429157,0.07131827988413507,0.023296441236695605,1.0740077875673378e-06,0.018454393602138363,0.0,0.02864580777725175,4.5053469241512314e-08,5.594438783604132e-12,5.067852572927388e-08,2.4510704384770515e-09,1.282316119551031e-09,6.771909182951946e-09,3.1874118263080254e-07,1.160349464869618e-06,0.0009496570688094171,3.559992315467542e-10,2.074310811010699e-07,1.0864822361074035e-19,5.2134025509140076e-15
0.007286282649253131,0.05595639656,0.054,0.0,0.0,0.00013840712537150572,0.8295418591953462,0.0713185728268667,0.02329653890436204,1.0740195468001496e-06,0.018454198308449056,0.0,0.028645809335650873,4.5052978985373385e-08,5.594319900473888e-12,5.067743967698857e-08,2.451017020820532e-09,1.2823038658926736e-09,6.771863739921478e-09,3.18737713997541e-07,1.1603369007379526e-06,0.0009496570361627311,3.5599272058365016e-10,2.0742954080406328e-07,1.0865060278669255e-19,5.213403118156672e-15
0.007286510187694498,0.05595639656,0.054,0.0,0.0,0.00013840413764147923,0.8295415647373373,0.07131915869320546,0.02329673423331852,1.0740430652342983e-06,0.018453807733819973,0.0,0.028645812452345733,4.5051998505939944e-08,5.594082146196928e-12,5.0675267679068535e-08,2.4509101908371556e-09,1.2822793593913498e-09,6.771772855124914e-09,3.187307769633992e-07,1.1603117733122758e-06,0.0009496569708712982,3.5597969918852507e-10,2.07426460268055e-07,1.086553612103764e-19,5.213404252604465e-15
0.007286965264577232,0.05595639656,0.054,0.0,0.0,0.0001383981625787055,0.8295409758597674,0.0713203303493898,0.02329712486572753,1.0740901019767037e-06,0.01845302663555676,0.0,0.028645818685321966,4.505003767844471e-08,5.593606685572573e-12,5.0670924109792205e-08,2.4506965521873455e-09,1.2822303496500889e-09,6.771591090589583e-09,3.1871690382457935e-07,1.1602615218113218e-06,0.0009496568402961872,3.5595365852244094e-10,2.0742029942804978e-07,1.086648783448619e-19,5.213406521349916e-15
0.0072878754183427,0.05595639656,0.054,0.0,0.0,0.00013838621404200339,0.8295397982583932,0.07132267335583692,0.023297906028546846,1.07418417495805e-06,0.01845146464297592,0.0,0.028645831149620757,4.504611654885336e-08,5.592655955999662e-12,5.066223867712853e-08,2.4502693601372554e-09,1.282132343210903e-09,6.771227581750445e-09,3.1868916126415504e-07,1.1601610322087155e-06,0.00094965657917698,3.5590158568543806e-10,2.0740797867601983e-07,1.0868391376230914e-19,5.213411058240375e-15
0.007288785572108168,0.05595639656,0.054,0.0,0.0,0.00013837426762337444,0.8295386208620029,0.07132501595446195,0.02329868705539233,1.0742782472682515e-06,0.01844990292227367,0.0,0.02864584361171506,4.5042196119664696e-08,5.5917054819236706e-12,5.065355551837808e-08,2.4498422817224156e-09,1.2820343541596205e-09,6.770864099891415e-09,3.1866142365910243e-07,1.1600605604685665e-06,0.0009496563180991187,3.5584952417304166e-10,2.073956591613129e-07,1.0870295071105696e-19,5.213415594330396e-15
0.007289695725873636,0.05595639656,0.054,0.0,0.0,0.00013836232332227764,0.8295374436705453,0.07132735814536727,0.0232994679462981,1.0743723189075077e-06,0.018448341473381782,0.0,0.028645856071605434,4.5038276390698054e-08,5.590755263253549e-12,5.064487463275889e-08,2.44941531690311e-09,1.2819363824917549e-09,6.770500645015784e-09,3.186336910081453e-07,1.1599601065862987e-06,0.0009496560570625933,3.557974739821877e-10,2.073833408838718e-07,1.0872198919111004e-19,5.213420129620176e-15
0.007290605879639104,0.05595639656,0.054,0.0,0.0,0.0001383503811381512,0.8295362666839665,0.0713296999286591,0.0233002487012996,1.074466389876025e-06,0.01844678029622938,0.0,0.028645868529292462,4.5034357361766186e-08,5.589805299896673e-12,5.063619601947477e-08,2.4489884656389246e-09,1.2818384282026577e-09,6.770137217126194e-09,3.1860596330996e-07,1.1598596705571634e-06,0.0009496557960673933,3.5574543510972036e-10,2.073710238436166e-07,1.0874102920247442e-19,5.213424664109933e-15
0.00729242618717004,0.05595639656,0.054,0.0,0.0,0.00013832650311872317,0.8295339133252482,0.0713343822727972,0.023301809803721412,1.074654529801605e-06,0.01844365875687992,0.0,0.028645893438058647,4.5026521403310085e-08,5.587906138764953e-12,5.06188456068432e-08,2.4481351036200107e-09,1.2816425717434759e-09,6.769410442320662e-09,3.185505227669802e-07,1.1596588520406386e-06,0.0009496552742009318,3.5564139130802004e-10,2.0734639347450688e-07,1.0877911381914904e-19,5.213433730690151e-15
0.007294246494700976,0.05595639656,0.054,0.0,0.0,0.00013830263356057873,0.8295315607854188,0.07133906298772986,0.02330337036294235,1.0748426670466452e-06,0.018440538303656228,0.0,0.02864591833801831,4.501868824279256e-08,5.58600799778652e-12,5.060150427410391e-08,2.4472821953418897e-09,1.281446784744727e-09,6.768683775495197e-09,3.184951020195305e-07,1.1594581048808492e-06,0.0009496547524996516,3.5553739274262237e-10,2.0732176805332315e-07,1.0881720456113026e-19,5.213442794072754e-15
0.007296066802231912,0.05595639656,0.054,0.0,0.0,0.00013827877245897022,0.8295292090640268,0.0713437420743554,0.023304930379261932,1.0750308016128844e-06,0.01843741893595943,0.0,0.028645943229176386,4.5010857878635425e-08,5.584110876201272e-12,5.058417201471565e-08,2.4464297404729143e-09,1.2812510671671995e-09,6.76795721666274e-09,3.184397010564269e-07,1.1592574290376564e-06,0.0009496542309634651,3.5543343938714664e-10,2.0729714757913465e-07,1.088553014284856e-19,5.213451854259504e-15
0.007297887109762848,0.05595639656,0.054,0.0,0.0,0.000138254919809193,0.8295268581606249,0.07134841953356405,0.02330648985297695,1.0752189335020464e-06,0.01843430065319606,0.0,0.02864596811153777,4.5003030309270806e-08,5.582214773252737e-12,5.0566848822164374e-08,2.4455777386826164e-09,1.2810554189719425e-09,6.767230765837244e-09,3.183843198665947e-07,1.1590568244713109e-06,0.0009496537095922858,3.5532953121546124e-10,2.0727253205108668e-07,1.0889340442127874e-19,5.2134609112522385e-15
0.007301527724824721,0.05595639656,0.054,0.0,0.0,0.00013820723984710938,0.8295221588060762,0.07135776957314105,0.02330960717373043,1.0755951892557406e-06,0.018428067340196003,0.0,0.028646017849889186,4.498738354892178e-08,5.578425620305757e-12,5.053222961213411e-08,2.4438750930474528e-09,1.280664330579292e-09,6.765778188287626e-09,3.182736167642491e-07,1.1586558290167217e-06,0.0009496526673446182,3.5512185032216377e-10,2.0722331583064046e-07,1.089696287833793e-19,5.213479015662238e-15
0.007304608525629207,0.05595639656,0.054,0.0,0.0,0.00013816691796001915,0.8295181846192882,0.07136567678778129,0.02331224345387589,1.075913580134777e-06,0.018422795903268483,0.0,0.028646059912572887,4.4974151496621824e-08,5.575222298344185e-12,5.050296204145555e-08,2.4424356745622667e-09,1.2803335959704235e-09,6.764549309999125e-09,3.1817999807116776e-07,1.1583167166586603e-06,0.0009496517858773194,3.54946245295929e-10,2.071816829947674e-07,1.090341513311387e-19,5.213494326207735e-15
0.007307689326433693,0.05595639656,0.054,0.0,0.0,0.0001381266202214733,0.8295142127697601,0.07137357935236824,0.023314878183625657,1.0762319633678948e-06,0.01841752756634457,0.0,0.028646101950122623,4.496092742945113e-08,5.572021884211483e-12,5.047372035622948e-08,2.440997549532699e-09,1.2800030595965684e-09,6.763320741337468e-09,3.180864358731693e-07,1.157977807951252e-06,0.0009496509048815497,3.5477076935297335e-10,2.071400643169786e-07,1.0909869142547897e-19,5.213509627627112e-15
0.007310770127238179,0.05595639656,0.054,0.0,0.0,0.00013808634660943827,0.8295102432553956,0.07138147727107141,0.0233175113643699,1.0765503389631523e-06,0.018412262326644623,0.0,0.02864614396256131,4.4947711340072575e-08,5.568824374315031e-12,5.044450452555441e-08,2.439560716391036e-09,1.2796727212754907e-09,6.762092482389825e-09,3.1799293011833325e-07,1.1576391027082107e-06,0.0009496500243569038,3.5459542236988726e-10,2.0709845979369027e-07,1.0916324906665912e-19,5.213524919928626e-15
0.007316931728847151,0.05595639656,0.054,0.0,0.0,0.0001380058716769232,0.8295023112237886,0.07139725918747548,0.02332277308439275,1.0771870672722417e-06,0.01840174112781748,0.0,0.02864622791219699,4.4921303065388975e-08,5.562438052888533e-12,5.038615030447684e-08,2.436690919511868e-09,1.2790126380638588e-09,6.759636893983369e-09,3.1780608773085206e-07,1.156962301871462e-06,0.0009496482647193669,3.5424511479057565e-10,2.0701529319634278e-07,1.0929241699056643e-19,5.213555477211276e-15
0.007323093330456123,0.05595639656,0.054,0.0,0.0,0.00013792549298666156,0.8294943885077425,0.07141302257026483,0.023328028625037484,1.07782376512627e-06,0.018391232284606412,0.0,0.028646311761662695,4.489492661401848e-08,5.55606330542459e-12,5.032789913183107e-08,2.4338262714249743e-09,1.2783533448812271e-09,6.757182545464803e-09,3.1761947049446754e-07,1.15628631266207e-06,0.0009496465069614774,3.5389532157327186e-10,2.0693218317396169e-07,1.094216551049181e-19,5.213585998121911e-15
0.007329254932065095,0.05595639656,0.054,0.0,0.0,0.0001378452103632342,0.8294864750905693,0.07142876745263776,0.023333277997372774,1.0784604325892558e-06,0.018380735774879472,0.0,0.028646395511140798,4.4868581927541594e-08,5.549700103370949e-12,5.026975076195219e-08,2.4309667596680888e-09,1.2776948402766014e-09,6.754729437508826e-09,3.1743307799585727e-07,1.155611133597019e-06,0.0009496447510800106,3.535460417353279e-10,2.0684912969761921e-07,1.095509634117621e-19,5.213616482726583e-15
0.007335416533674067,0.05595639656,0.054,0.0,0.0,0.0001377650236316522,0.8294785709556213,0.07144449386771258,0.02333852121244062,1.0790970697249946e-06,0.018370251576558118,0.0,0.028646479160813223,4.484226894768295e-08,5.5433484182639105e-12,5.021170494991019e-08,2.428112371816766e-09,1.2770371228025714e-09,6.752277570781794e-09,3.1724690982271884e-07,1.15493676319694e-06,0.0009496429970717494,3.5319727429632995e-10,2.0676613273829024e-07,1.096803419131318e-19,5.2136469310912e-15
0.007341578135283039,0.05595639656,0.054,0.0,0.0,0.00013768493261736312,0.8294706760862912,0.07146020184852632,0.02334375828125592,1.079733676597058e-06,0.01835977966761794,0.0,0.02864656271086144,4.48159876163134e-08,5.53700822172904e-12,5.015376145151633e-08,2.425263095484705e-09,1.2763801910153633e-09,6.749826945941834e-09,3.170609655637854e-07,1.1542631999861625e-06,0.0009496412449334829,3.528490182781291e-10,2.066831922668561e-07,1.0980979061104634e-19,5.213677343281497e-15
0.007353901338500983,0.05595639656,0.054,0.0,0.0,0.0001375250370445025,0.8294549140782499,0.07149156263913743,0.023354214024061393,1.081006799803405e-06,0.01833887263003768,0.0,0.028646729512809038,4.476351966721298e-08,5.52436218131228e-12,5.003818042251771e-08,2.4195798280185566e-09,1.275068678743423e-09,6.744929424510801e-09,3.1668974714832907e-07,1.1529184892471899e-06,0.0009496377462541318,3.52154036602253e-10,2.0651748067060137e-07,1.1006889860452916e-19,5.213738059401318e-15
0.007366224541718927,0.05595639656,0.054,0.0,0.0,0.0001373655222568365,0.8294391889343945,0.07152285008716584,0.0233646453133745,1.0822798027124807e-06,0.018318014487011137,0.0,0.02864689591842641,4.4711177618090406e-08,5.511761756891687e-12,4.992300573611627e-08,2.413916858934115e-09,1.2737602919822976e-09,6.7400368783153466e-09,3.1631941947975647e-07,1.1515769896476242e-06,0.0009496342550164246,3.51461088927235e-10,2.063519946739792e-07,1.1032828740808826e-19,5.213798631608711e-15
0.007378547744936871,0.05595639656,0.054,0.0,0.0,0.0001372063868733917,0.8294235005233154,0.0715540644540323,0.023375052236355737,1.08355268582498e-06,0.018297205064260105,0.0,0.028647061929149297,4.4658961009088896e-08,5.499206724639889e-12,4.9808235465115086e-08,2.4082740904949086e-09,1.272455019310535e-09,6.73514931232481e-09,3.159499793045611e-07,1.1502386895129567e-06,0.0009496307711949454,3.5077016750821756e-10,2.061867340406135e-07,1.1058795703738019e-19,5.213859060423779e-15
0.007390870948154815,0.05595639656,0.054,0.0,0.0,0.00013704762951991453,0.8294078487142319,0.07158520599990607,0.023385434879748406,1.084825449638179e-06,0.018276444188340596,0.0,0.02864722754640646,4.460686938260489e-08,5.486696862115429e-12,4.969386769382887e-08,2.4026514255568412e-09,1.2711528493627107e-09,6.730266731376626e-09,3.1558142338517494e-07,1.1489035772256126e-06,0.0009496272947643922,3.5008126463543363e-10,2.0602169853255403e-07,1.108479075078521e-19,5.21391934636411e-15
0.007403194151372759,0.05595639656,0.054,0.0,0.0,0.0001368892488288201,0.8293922333769872,0.07161627498371474,0.023395793329881762,1.0860980946459708e-06,0.01825573168663654,0.0,0.02864739277161973,4.4554902283270905e-08,5.474231948250569e-12,4.9579900517984906e-08,2.3970487675630467e-09,1.2698537708290057e-09,6.725389140177963e-09,3.1521374849984814e-07,1.1475716412245194e-06,0.0009496238256995773,3.4939437263396765e-10,2.0585688791030422e-07,1.1110813883474292e-19,5.213979489944775e-15
0.007427840557808646,0.05595639656,0.054,0.0,0.0,0.0001365736119966318,0.8293611116004957,0.07167819629466511,0.023416437993626648,1.0886430302041604e-06,0.018214451119531287,0.0,0.028647722051567476,4.445133985571012e-08,5.4494360890465e-12,4.9353160392196626e-08,2.3859030890958954e-09,1.267264843041366e-09,6.715648945216301e-09,3.144810290230904e-07,1.144917252118009e-06,0.0009496169095669783,3.480265907190321e-10,2.0552794035772555e-07,1.1162944411771388e-19,5.214099352074982e-15
0.0074524869642445335,0.05595639656,0.054,0.0,0.0,0.0001362594655686077,0.8293301341649908,0.07173983043363374,0.02343698690999944,1.091187496383906e-06,0.018173361998461826,0.0,0.028648049780229664,4.4348270127866824e-08,5.4248174056329404e-12,4.912800007924729e-08,2.374836294247462e-09,1.2646881465731538e-09,6.70592876255988e-09,3.1375179541441237e-07,1.142275430827068e-06,0.0009496100225979133,3.466667610575858e-10,2.0519988943746732e-07,1.1215187300408628e-19,5.214218650885316e-15
0.007477133370680421,0.05595639656,0.054,0.0,0.0,0.00013594679884132416,0.8292993000514357,0.07180117942784994,0.023457440754900763,1.0937314970170129e-06,0.018132462971959397,0.0,0.028648375968734624,4.424568953632234e-08,5.4003741780074485e-12,4.8904404748578975e-08,2.363847631323034e-09,1.2621235929232656e-09,6.6962286253516995e-09,3.1302602246242913e-07,1.1396460868731499e-06,0.0009496031645949445,3.4531482349357037e-10,2.0487273318159737e-07,1.1267542560839815e-19,5.2143373904073645e-15
0.007501779777116308,0.05595639656,0.054,0.0,0.0,0.0001356356012148166,0.8292686082504842,0.07186224528526686,0.023477800197804436,1.0962750358837003e-06,0.018091752701405825,0.0,0.02864870062810325,4.414359455232999e-08,5.376104707238846e-12,4.868235974499668e-08,2.352936357644673e-09,1.2595710944527653e-09,6.686548564798608e-09,3.1230368520106237e-07,1.1370291306541831e-06,0.0009495963353624093,3.4397071841495765e-10,2.0454646960034515e-07,1.132001020420035e-19,5.2144555746338935e-15
0.007526426183552195,0.05595639656,0.054,0.0,0.0,0.00013532586219125716,0.8292380577623587,0.071923029994804,0.02349806590183835,1.0988181167135459e-06,0.018051229860871855,0.0,0.028649023769250367,4.404198168137038e-08,5.352007315150356e-12,4.846185058611783e-08,2.3421017394183823e-09,1.257030564373812e-09,6.676888610211546e-09,3.115847589063902e-07,1.1344244734333493e-06,0.0009495895347063992,3.426343867480205e-10,2.0422109668277244e-07,1.1372590241313967e-19,5.2145732075193094e-15
0.0075510725899880825,0.05595639656,0.054,0.0,0.0,0.00013501757137371134,0.8292076475967347,0.07198353552657569,0.023518238523860584,1.1013607431863752e-06,0.018010893136964815,0.0,0.028649345402986044,4.3940847462731926e-08,5.328080344013498e-12,4.824286295991058e-08,2.3313430516058236e-09,1.2545019167392135e-09,6.667248789046563e-09,3.108692190936799e-07,1.1318320273285306e-06,0.0009495827624347406,3.4130576995194004e-10,2.0389661239748452e-07,1.1425282682698789e-19,5.214690292980164e-15
0.00757571899642397,0.05595639656,0.054,0.0,0.0,0.00013471071846504193,0.8291773767726415,0.072043763832092,0.02353831871452649,1.103902918933039e-06,0.01797074122869464,0.0,0.028649665540016703,4.3840188469138894e-08,5.304322156257987e-12,4.8025382722369706e-08,2.320659577802951e-09,1.2519850664331764e-09,6.657629126948835e-09,3.10157041514767e-07,1.1292517053029976e-06,0.0009495760183569766,3.399848100140153e-10,2.0357301469345798e-07,1.1478087538571442e-19,5.2148068348955365e-15
0.007600365402859857,0.05595639656,0.054,0.0,0.0,0.00013440529326651915,0.8291472443183319,0.07210371684451415,0.023558307118373784,1.1064446475364048e-06,0.017930772847303676,0.0,0.028649984190946592,4.3740001306286806e-08,5.280731134156855e-12,4.780939589496683e-08,2.310050610107589e-09,1.249479929159728e-09,6.648029647788326e-09,3.0944820215475085e-07,1.126683421153629e-06,0.0009495693022843479,3.3867144944359487e-10,2.032503015005745e-07,1.153100481885478e-19,5.214922837107572e-15
0.007625011809295744,0.05595639656,0.054,0.0,0.0,0.0001341012856766696,0.8291172492711769,0.07216339647886597,0.02357820437389296,1.1089859325321685e-06,0.017890986716125736,0.0,0.028650301366278944,4.3640282612453515e-08,5.2573056795470396e-12,4.759488866240496e-08,2.299515449002374e-09,1.2469864214330282e-09,6.63845037369611e-09,3.0874267722925007e-07,1.1241270895011444e-06,0.0009495626140297716,3.373656312670215e-10,2.029284707302405e-07,1.158403453318454e-19,5.2150383034218995e-15
0.0076496582157316315,0.05595639656,0.054,0.0,0.0,0.0001337986856901718,0.8290873906775633,0.07222280463223661,0.02359801111359511,1.1115267774096322e-06,0.017851381570450738,0.0,0.028650617076417157,4.35410290581243e-08,5.2340442135439114e-12,4.738184737032151e-08,2.289053403235025e-09,1.2445044605680524e-09,6.628891325106402e-09,3.0804044318176296e-07,1.1215826257807153e-06,0.0009495559534078267,3.3606729902264457e-10,2.0260752027616232e-07,1.1637176690913088e-19,5.2151532376080425e-15
0.007674304622167519,0.05595639656,0.054,0.0,0.0,0.0001334974833967524,0.8290576675927922,0.07228194318398354,0.023617727964079346,1.1140671856124698e-06,0.017811956157389706,0.0,0.028650931331665904,4.344223734562074e-08,5.210945176260892e-12,4.717025852302969e-08,2.2786637897006915e-09,1.242033964671354e-09,6.619352520796779e-09,3.073414766810304e-07,1.119049946232602e-06,0.000949549320234734,3.3477639675599745e-10,2.0228744801507017e-07,1.169043130111366e-19,5.215267643399855e-15
0.007723597435039294,0.05595639656,0.054,0.0,0.0,0.0001328992327162981,0.8289986242149072,0.07239941891266044,0.023656894474659018,1.1191467055456045e-06,0.01773363957580293,0.0,0.028651555518227446,4.3246026412203406e-08,5.1652282416717865e-12,4.675138496032045e-08,2.2580991669655807e-09,1.2371270441081806e-09,6.600335712039291e-09,3.0595325410435277e-07,1.1140196085804302e-06,0.0009495361355080842,3.32216660842776e-10,2.016499294969766e-07,1.1797277913867897e-19,5.215494884560045e-15
0.007767960966623892,0.05595639656,0.054,0.0,0.0,0.00013236548969986858,0.8289459393166019,0.0725042435290209,0.02369184308053538,1.1237168136986828e-06,0.017663757006001223,0.0,0.02865211241180849,4.307098362703589e-08,5.124623237356024e-12,4.637923389764848e-08,2.239832034615288e-09,1.2327492201047016e-09,6.583289975251085e-09,3.047147992512022e-07,1.1095317824247453e-06,0.0009495243613184575,3.2993775791212717e-10,2.010791446221921e-07,1.189382453831895e-19,5.215697631238039e-15
0.00781232449820849,0.05595639656,0.054,0.0,0.0,0.0001318361253085399,0.8288936791713235,0.07260822307549673,0.02372650992736057,1.1282855585786745e-06,0.017594437810524385,0.0,0.028652664747419208,4.289738733852056e-08,5.0845210824626555e-12,4.601158589271243e-08,2.221789319426573e-09,1.228407304163302e-09,6.566310049853791e-09,3.0348657841044273e-07,1.1050808701334353e-06,0.0009495126732780692,3.276820805471159e-10,2.0051117135563988e-07,1.1990735637730868e-19,5.215898722401074e-15
0.007856688029793087,0.05595639656,0.054,0.0,0.0,0.00013131108503489935,0.8288418385782864,0.07271136789843496,0.02376089846472693,1.132852958719798e-06,0.017525675091894462,0.0,0.02865321258174038,4.2725219416071094e-08,5.044913331450213e-12,4.564836769163083e-08,2.2039673173303708e-09,1.2241008460665916e-09,6.549395989948217e-09,3.02268463307167e-07,1.1006664110788445e-06,0.0009495010703721032,3.254493200961099e-10,1.999459967755723e-07,1.208801125564493e-19,5.216098178589767e-15
0.007901051561377685,0.05595639656,0.054,0.0,0.0,0.00013079031528247129,0.8287904124222575,0.07281368817400209,0.023795012085487403,1.1374190322360496e-06,0.017457462066085377,0.0,0.02865375597050669,4.255446203404662e-08,5.005791717387913e-12,4.528950753790827e-08,2.186362401031733e-09,1.2198294031784855e-09,6.532547834930889e-09,3.0106032782401095e-07,1.0962879523478732e-06,0.0009494895516015845,3.232391728376686e-10,1.9938360782722957e-07,1.218565143307634e-19,5.216296020002643e-15
0.007945415092962283,0.05595639656,0.054,0.0,0.0,0.00013027376334669844,0.8287393956717957,0.07291519391168283,0.02382885412692195,1.1419837968337075e-06,0.017389792060190642,0.0,0.028654294968526426,4.238509766535049e-08,4.96714814743003e-12,4.493493513577501e-08,2.168971018104679e-09,1.2155925402848064e-09,6.5157656100724385e-09,2.9986204795584423e-07,1.0919450485806369e-06,0.0009494781159830638,3.210513398930599e-10,1.9882399133248238e-07,1.2283656208601401e-19,5.216492266503275e-15
0.00798977862454688,0.05595639656,0.054,0.0,0.0,0.0001297613773963015,0.8286887833775287,0.07301589495771013,0.02386242787188118,1.1465472698234592e-06,0.017322658510136632,0.0,0.028654829629700868,4.22171090751648e-08,4.928974698450117e-12,4.458458161476253e-08,2.1517896891526425e-09,1.2113898294371784e-09,6.4990493270588505e-09,2.9867350176538824e-07,1.087637261812343e-06,0.0009494667625483128,3.18885527140141e-10,1.9826713399862407e-07,1.2382025618445692e-19,5.216686937627143e-15
0.008034142156131479,0.05595639656,0.054,0.0,0.0,0.0001292531064550919,0.8286385706704684,0.07311580099841405,0.023895736549902884,1.151109468132111e-06,0.017256054958449986,0.0,0.0286553600070431,4.205047931481116e-08,4.89126361268697e-12,4.423837949434905e-08,2.1348150059726654e-09,1.2072208498004488e-09,6.48239898455945e-09,2.9749456933984693e-07,1.0833641613188975e-06,0.000949455490344031,3.167414451269874e-10,1.9771302242797517e-07,1.248075969655366e-19,5.2168800525885505e-15
0.008078505687716077,0.05595639656,0.054,0.0,0.0,0.00012874890038424138,0.8285887527603696,0.07321492156348863,0.023928783338301153,1.155670408313892e-06,0.01718997505207988,0.0,0.028655886152696455,4.1885191715780823e-08,4.854007293591381e-12,4.389626265020917e-08,2.118043629803561e-09,1.2030851875041365e-09,6.465814568744817e-09,2.9632513274869415e-07,1.0791253234665324e-06,0.0009494442984315554,3.1461880898830493e-10,1.9716164312634254e-07,1.2579858474667856e-19,5.2170716302873015e-15
0.008122869219300674,0.05595639656,0.054,0.0,0.0,0.000128248709865022,0.8285393249341297,0.0733132660291726,0.023961571363226897,1.1602301065613474e-06,0.01712441254027748,0.0,0.028656408117952364,4.1721229883950935e-08,4.817198301869025e-12,4.355816628200758e-08,2.101472289655569e-09,1.1989824354980985e-09,6.4492960537580706e-09,2.951650760026131e-07,1.0749203315654502e-06,0.0009494331858865826,3.125173383651801e-10,1.966129825103862e-07,1.2679321982412915e-19,5.217261689314995e-15
0.008167232750885272,0.05595639656,0.054,0.0,0.0,0.00012775248638198226,0.82849028255423,0.07341084362135074,0.023994103700701843,1.1647885787158436e-06,0.01705936127252839,0.0,0.028656925953267878,4.1558577693900954e-08,4.780829351480324e-12,4.3224026880826265e-08,2.0850977806207397e-09,1.1949121934113756e-09,6.432843402233741e-09,2.9401428501337794e-07,1.0707487757269777e-06,0.0009494221517988944,3.1043675732298924e-10,1.9606702691634366e-07,1.277915024735435e-19,5.217450247961438e-15
0.00821159628246987,0.05595639656,0.054,0.0,0.0,0.0001272601822065301,0.8284416210572142,0.07350766341858073,0.024026383377627695,1.1693458402777053e-06,0.016994815196534854,0.0,0.028657439708282655,4.139721928336574e-08,4.7448933058254294e-12,4.289378219808027e-08,2.0689169622609365e-09,1.1908740674145045e-09,6.416456565769189e-09,2.9287264755477537e-07,1.0666102527243455e-06,0.0009494111952720826,3.0837679427139715e-10,1.955237626076847e-07,1.2879343295067591e-19,5.2176373242208916e-15
0.008255959814054468,0.05595639656,0.054,0.0,0.0,0.00012677175038091406,0.8283933359522024,0.0736037343550483,0.024058413372771342,1.1739019064160086e-06,0.016930768356245723,0.0,0.02865794943183559,4.123713904790083e-08,4.709383174165597e-12,4.256737121630301e-08,2.052926757094725e-09,1.1868676700859706e-09,6.400135485328007e-09,2.917400532245371e-07,1.0625043658569153e-06,0.0009494003154232887,3.0633718189050847e-10,1.9498317578104696e-07,1.2979901149219628e-19,5.217822935797851e-15
0.008300323345639066,0.05595639656,0.054,0.0,0.0,0.0001262871447025958,0.8283454228194412,0.07369906522345131,0.02409019661772651,1.1784567919780417e-06,0.016867214889933604,0.0,0.028658455171981047,4.107832163561719e-08,4.674292107938562e-12,4.224473411905523e-08,2.0371241490382067e-09,1.1828926202812312e-09,6.383880091713683e-09,2.906163934070761e-07,1.0584307248174708e-06,0.0009493895113829529,3.0431765705276753e-10,1.9444525257413106e-07,1.30808238316183e-19,5.218007100112971e-15
0.008344686877223664,0.05595639656,0.054,0.0,0.0,0.00012580631970900217,0.8282978773088889,0.07379366467781442,0.024121735997852115,1.1830105114984396e-06,0.016804149028318605,0.0,0.028658956976004672,4.092075194196589e-08,4.639613397231484e-12,4.19258122621104e-08,2.021506181911852e-09,1.1789485430042504e-09,6.367690306004901e-09,2.895015612371915e-07,1.0543889455629182e-06,0.000949378782294554,3.023179607446775e-10,1.9390997907280814e-07,1.3182111362270861e-19,5.218189834308996e-15
0.008389050408808262,0.05595639656,0.054,0.0,0.0,0.00012532923066265332,0.8282506951388341,0.07388754123623546,0.024153034353187938,1.1875630792080062e-06,0.016741565092737422,0.0,0.02865945489043882,4.0764415104822554e-08,4.6053404675602585e-12,4.161054814708142e-08,2.0060699580765996e-09,1.1750350692840126e-09,6.351566039892264e-09,2.883954515647776e-07,1.050378650188316e-06,0.0009493681273143674,3.0033783800046304e-10,1.933773413156064e-07,1.328376375946601e-19,5.218371155256025e-15
0.00843341394039286,0.05595639656,0.054,0.0,0.0,0.00012485583353665235,0.8282038720945486,0.0739807032835663,0.024184094479348436,1.1921145090422373e-06,0.016679457493356063,0.0,0.028659948961077614,4.060929649969066e-08,4.5714668764751986e-12,4.129888539362561e-08,1.9908126369952923e-09,1.1711518360537448e-09,6.3355071961108355e-09,2.8729796092021855e-07,1.0463994668036115e-06,0.0009493575456112345,2.9837703782871686e-10,1.9284732530083394e-07,1.33857810398146e-19,5.218551079556975e-15
0.008477777471977458,0.05595639656,0.054,0.0,0.0,0.0001243860850005172,0.8281574040269715,0.07407315907403036,0.024214919128395445,1.1966648146495554e-06,0.0166178207274249,0.0,0.028660439232991653,4.045538173471646e-08,4.537986310273828e-12,4.0990768712520553e-08,1.975731433838099e-09,1.167298486030136e-09,6.319513668852409e-09,2.862089874806513e-07,1.042451029413484e-06,0.0009493470363663129,2.964353131329528e-10,1.9231991699351033e-07,1.3488163218295712e-19,5.2187296235532484e-15
0.008522141003562056,0.05595639656,0.054,0.0,0.0,0.0001239199424063553,0.8281112868514232,0.0741649167337785,0.02424551100969029,1.2012140093992705e-06,0.01655664937757482,0.0,0.028660925750542368,4.030265664606839e-08,4.504892581120595e-12,4.068614388200169e-08,1.960823618260875e-09,1.163474667598454e-09,6.303585344035481e-09,2.851284310372215e-07,1.0385329778003548e-06,0.0009493365987728525,2.945124206540315e-10,1.9179510232834468e-07,1.359091030834169e-19,5.218906803329516e-15
0.008566504535146654,0.05595639656,0.054,0.0,0.0,0.00012345736377537229,0.8280655165463525,0.07425598426338462,0.024275872790725867,1.205762106389274e-06,0.01649593811015345,0.0,0.028661408557395986,4.0151107293790206e-08,4.472179623923777e-12,4.038495772212637e-08,1.9460865130801445e-09,1.1596800347031337e-09,6.287722099696924e-09,2.8405619296290353e-07,1.0346449574097293e-06,0.0009493262320359861,2.926081209036402e-10,1.9127286721600943e-07,1.369402232187227e-19,5.2190826347187316e-15
0.008610868066731251,0.05595639656,0.054,0.0,0.0,0.00012299830778469295,0.8280200891521097,0.07434636954028268,0.02430600709793913,1.2103091184534766e-06,0.016435681673600537,0.0,0.028661887696537273,4.000071995701967e-08,4.439841493235497e-12,4.008715806932172e-08,1.931517492954781e-09,1.1559142467333993e-09,6.27192380639631e-09,2.8299217618108683e-07,1.030786619238377e-06,0.0009493159353724893,2.9072217807898697e-10,1.907531975503563e-07,1.3797499269325214e-19,5.219257133307601e-15
0.00865523159831585,0.05595639656,0.054,0.0,0.0,0.00012254273375449822,0.8279750007697512,0.07443608032114667,0.02433591651750461,1.2148550581690005e-06,0.01637587489686131,0.0,0.028662363210282808,3.985148112919914e-08,4.407872360699561e-12,3.979269375533229e-08,1.917113983301178e-09,1.152176968412802e-09,6.256190327418589e-09,2.819362851351928e-07,1.0269576197256567e-06,0.0009493057080105688,2.888543600150407e-10,1.9023607920982777e-07,1.390134115974707e-19,5.219430314440929e-15
0.008699595129900447,0.05595639656,0.054,0.0,0.0,0.00012209060163547388,0.8279302475598702,0.07452512424421547,0.024365603596109495,1.219399937863137e-06,0.016316512687836633,0.0,0.028662835140294073,3.970337751488531e-08,4.3762665121918145e-12,3.9501514583706216e-08,1.9028734590801224e-09,1.1484678697043755e-09,6.240521519121315e-09,2.808884257587292e-07,1.023157620646768e-06,0.0009492955491896786,2.870044381296752e-10,1.8972149806264742e-07,1.4005548000823636e-19,5.2196021932261305e-15
0.008743958661485045,0.05595639656,0.054,0.0,0.0,0.00012164187199653952,0.8278858257414555,0.07461350883156355,0.024395070841710737,1.2239437696200718e-06,0.01625759003186921,0.0,0.028663303527590146,3.955639602577895e-08,4.345018344847472e-12,3.9213571305352236e-08,1.8887934435300244e-09,1.1447866257056912e-09,6.2249172313491174e-09,2.798485054459884e-07,1.019386289008546e-06,0.0009492854581602847,2.8517218732544404e-10,1.8920943997491474e-07,1.411011979889087e-19,5.2197727845386255e-15
0.008788322193069643,0.05595639656,0.054,0.0,0.0,0.0001211965060128699,0.8278417315907759,0.07470124149131956,0.024424320724274702,1.2284865652873968e-06,0.01619910199026453,0.0,0.028663768412560166,3.9410523774567067e-08,4.3141223648285404e-12,3.8928815599994353e-08,1.874871507213272e-09,1.1411329165314542e-09,6.209377307569015e-09,2.7881643302385275e-07,1.0156432969484946e-06,0.0009492754341836639,2.833573859513486e-10,1.8869989081043838e-07,1.4215056559033822e-19,5.219942103025761e-15
0.008832685724654241,0.05595639656,0.054,0.0,0.0,0.0001207544654542087,0.82779796144029,0.07478832951983383,0.024453355676499852,1.2330283364824039e-06,0.01614104369884595,0.0,0.028664229834975432,3.926574807221066e-08,4.283573184736007e-12,3.86472000548622e-08,1.8611052669197227e-09,1.137506427233566e-09,6.193901585163921e-09,2.777921187239149e-07,1.011928321635306e-06,0.0009492654765317497,2.815598157690889e-10,1.8819283643435708e-07,1.4320358285117967e-19,5.220110163110789e-15
0.008877049256238839,0.05595639656,0.054,0.0,0.0,0.00012031571267343004,0.8277545116775833,0.07487478010379614,0.024482178094522817,1.2375690945981835e-06,0.016083410366542764,0.0,0.028664687834001296,3.912205642756687e-08,4.2533655206888485e-12,3.836867814073501e-08,1.8474923844236844e-09,1.1339068477258961e-09,6.17848989587863e-09,2.7677547415506803e-07,1.0082410451715471e-06,0.000949255584486897,2.7977926183204686e-10,1.8768826272285604e-07,1.4426024979774604e-19,5.22027697899825e-15
0.008921412787823437,0.05595639656,0.054,0.0,0.0,0.00011988021059537271,0.8277113787443252,0.07496060032230539,0.024510790338608424,1.2421088508095222e-06,0.016026197274010567,0.0,0.028665142448208773,3.897943653879352e-08,4.223494190403246e-12,3.809320419577377e-08,1.8340305656544697e-09,1.1303338726414202e-09,6.163142065889651e-09,2.757664122773619e-07,1.004581154499894e-06,0.0009492457573416845,2.7801551245278945e-10,1.8718615556154745e-07,1.4532056644509775e-19,5.2204425646775646e-15
0.008965776319408035,0.05595639656,0.054,0.0,0.0,0.0001194479227059594,0.8276685591352542,0.07504579714889219,0.02453919473382403,1.2466476160786123e-06,0.015969399772282844,0.0,0.028665593715585788,3.883787628578931e-08,4.193954110920087e-12,3.782073340665699e-08,1.8207175597295347e-09,1.1267872012368852e-09,6.147857916028516e-09,2.747648473760512e-07,1.0009483413104017e-06,0.0009492359943988021,2.762683592072799e-10,1.866865008466816e-07,1.4638453279743383e-19,5.2206069339263635e-15
0.009010139850992633,0.05595639656,0.054,0.0,0.0,0.00011901881304151748,0.8276260493971831,0.07513037745349552,0.024567393570698585,1.2511854011605793e-06,0.015913013281453135,0.0,0.02866604167354826,3.869736373930772e-08,4.164740295632493e-12,3.755122178452421e-08,1.8075511577036726e-09,1.1232665374060432e-09,6.1326372622841735e-09,2.737706950358588e-07,9.973423019493378e-07,0.00094922629497081,2.7453759677859326e-10,1.861892844973789e-07,1.4745214884761533e-19,5.220770100315968e-15
0.00905450338257723,0.05595639656,0.054,0.0,0.0,0.00011859284617835021,0.8275838461280282,0.07521434800439518,0.024595389105866904,1.2557222166088418e-06,0.01585703328938689,0.0,0.028666486358951023,3.8557887157522877e-08,4.135847852641272e-12,3.7284626150979135e-08,1.7945291918535568e-09,1.1197715895300938e-09,6.11747991581287e-09,2.727838721167382e-07,9.937627373321292e-07,0.000949216658379928,2.7282302291885874e-10,1.85694492452951e-07,1.485234145783578e-19,5.2209320772147615e-15
0.009098866914161828,0.05595639656,0.054,0.0,0.0,0.00011816998722262419,0.8275419459758585,0.07529771547010061,0.024623183562699387,1.2602580727802903e-06,0.015801455350462162,0.0,0.028666927808098187,3.841943495546774e-08,4.107271982922981e-12,3.7020904122121995e-08,1.7816495348648075e-09,1.1163020702270481e-09,6.102385683065722e-09,2.718042967297773e-07,9.902093528570539e-07,0.0009492070839579904,2.711244385194163e-10,1.8520211067037692e-07,1.495983299628038e-19,5.221092877790694e-15
0.009143230445746426,0.05595639656,0.054,0.0,0.0,0.00011775020180039454,0.82750034563797,0.07538048642119757,0.024650779131917735,1.2647929798403098e-06,0.015746275084338617,0.0,0.028667366056753588,3.828199571837591e-08,4.079007977195487e-12,3.6760014083740196e-08,1.7689100985359268e-09,1.112857696509667e-09,6.08735436637671e-09,2.7083188821292843e-07,9.866818583195475e-07,0.0009491975710461921,2.694416474058661e-10,1.8471212514008098e-07,1.5067689496362264e-19,5.22125251501698e-15
0.009187593977331024,0.05595639656,0.054,0.0,0.0,0.00011733345604779581,0.8274590418599743,0.07546266733215362,0.024678177972196937,1.269326947767652e-06,0.015691488174753767,0.0,0.028667801140150967,3.814555824750075e-08,4.051051214373318e-12,3.650191517912813e-08,1.7563088331607246e-09,1.109438189889575e-09,6.072385763922846e-09,2.6986656710846125e-07,9.831799678311138e-07,0.000949188118994832,2.67774456268917e-10,1.8422452188303058e-07,1.5175910953428362e-19,5.2214110016754005e-15
0.009231957508915622,0.05595639656,0.054,0.0,0.0,0.00011691971660166959,0.8274180314349138,0.07554426458308372,0.02470538221075386,1.2738599863591512e-06,0.015637090368346054,0.0,0.028668233093003627,3.801011149102413e-08,4.023397160419193e-12,3.624656729674298e-08,1.74384372691272e-09,1.1060432756702064e-09,6.057479669717526e-09,2.6890825514068266e-07,9.797033997392167e-07,0.0009491787271633641,2.6612267484404743e-10,1.8373928694245646e-07,1.528449736199603e-19,5.221568350357809e-15
0.00927632104050022,0.05595639656,0.054,0.0,0.0,0.00011650895059034989,0.8273773112023931,0.07562528446147652,0.02473239394392284,1.2783921052342814e-06,0.015583077473503933,0.0,0.02866866194951407,3.787564447015595e-08,3.996041365148434e-12,3.599393104395053e-08,1.7315128044561367e-09,1.102672682879442e-09,6.042635874322764e-09,2.6795687519314306e-07,9.762518765471627e-07,0.0009491693949201697,2.6448611564828155e-10,1.8325640640439598e-07,1.5393448715609737e-19,5.221724573472026e-15
0.009320684572084818,0.05595639656,0.054,0.0,0.0,0.00011610112562428961,0.8273368780477299,0.07570573316388286,0.024759215237718717,1.282923313839587e-06,0.015529445359240243,0.0,0.028669087743383802,3.774214646432965e-08,3.968979460243461e-12,3.574396773604081e-08,1.7193141263913585e-09,1.0993261455326117e-09,6.027854164777806e-09,2.67012351287436e-07,9.728251248377991e-07,0.0009491601216421745,2.62864593829471e-10,1.8277586639617064e-07,1.550276500696956e-19,5.22187968324544e-15
0.009365048103669416,0.05595639656,0.054,0.0,0.0,0.00011569620978720338,0.8272967289011243,0.07578561679756722,0.02478584812838728,1.287453621453006e-06,0.015476189954091144,0.0,0.0286695105078222,3.760960706363381e-08,3.942207158805318e-12,3.5496639388577785e-08,1.7072457889203543e-09,1.0960034017041525e-09,6.013134324389678e-09,2.6607460856227163e-07,9.694228751977907e-07,0.0009491509067149681,2.6125792751886546e-10,1.8229765306903016e-07,1.5612446228076328e-19,5.222033691725194e-15
0.009409411635254014,0.05595639656,0.054,0.0,0.0,0.00011529417162795653,0.8272568607368485,0.07586494138212294,0.024812294622943893,1.2919830371880102e-06,0.015423307245039567,0.0,0.02866993027555531,3.747801570558205e-08,3.915720253131864e-12,3.525190868906799e-08,1.6953059223163094e-09,1.0927041910583675e-09,5.998476133627173e-09,2.651435732527577e-07,9.66044862145348e-07,0.0009491417495327513,2.596659375139452e-10,1.818217526249339e-07,1.572249237002404e-19,5.22218661078428e-15
0.009453775166838612,0.05595639656,0.054,0.0,0.0,0.00011489498015176933,0.8272172705724502,0.07594371285105252,0.024838556699700372,1.296511569997591e-06,0.015370793276461809,0.0,0.028670347078835198,3.73473617897938e-08,3.889514611721381e-12,3.5009738986113696e-08,1.6834926903257133e-09,1.0894282580975863e-09,5.983879370077196e-09,2.642191726709971e-07,9.62690824060464e-07,0.0009491326494978481,2.5808844695498046e-10,1.813481513201008e-07,1.5832903423114084e-19,5.222338452125722e-15
0.00949813869842321,0.05595639656,0.054,0.0,0.0,0.00011449860481080815,0.8271779554679772,0.07602193705331305,0.024864636308780302,1.301039228678248e-06,0.015318644149096325,0.0,0.02867076094944867,3.7217635683797756e-08,3.8635861774346655e-12,3.477009428784288e-08,1.671804290252947e-09,1.0861753554455335e-09,5.969343807886834e-09,2.633013351841667e-07,9.593605031048384e-07,0.0009491236060205478,2.5652528193586e-10,1.8087683543251882e-07,1.5943679377083341e-19,5.222489227281388e-15
0.009542502230007808,0.05595639656,0.054,0.0,0.0,0.00011410501549719167,0.8271389125252163,0.0760996197548293,0.024890535372623288,1.3055660218738707e-06,0.015266856019035812,0.0,0.02867117191872512,3.7088827932374504e-08,3.83793096857689e-12,3.453293923116334e-08,1.6602389513467308e-09,1.0829452344183682e-09,5.954869218869528e-09,2.623899901956076e-07,9.56053645156544e-07,0.0009491146185192736,2.549762711698712e-10,1.8040779129492575e-07,1.6054820220827747e-19,5.222638947618097e-15
0.009586865761592405,0.05595639656,0.054,0.0,0.0,0.00011371418253714479,0.8271001388869492,0.07617676663997357,0.024916255786478544,1.3100919580792126e-06,0.015215425096741815,0.0,0.028671580017544124,3.6960927263740016e-08,3.812545078498319e-12,3.4298239069528224e-08,1.6487949338904187e-09,1.0797376427454826e-09,5.940455372726899e-09,2.61485068132841e-07,9.527699997675108e-07,0.0009491056864208538,2.5344124534043716e-10,1.7994100531374095e-07,1.6166325942474294e-19,5.222787624342475e-15
0.009631229293177003,0.05595639656,0.054,0.0,0.0,0.00011332607667969114,0.8270616317362248,0.0762533833130132,0.02494179941888752,1.314617045643351e-06,0.015164347646077827,0.0,0.028671985276345152,3.6833923425592634e-08,3.787424664820992e-12,3.406595967878092e-08,1.6374705296973894e-09,1.0765523469807797e-09,5.926102035953336e-09,2.605865004217376e-07,9.495093200682607e-07,0.0009490968091595941,2.519200380748887e-10,1.7947646391370378e-07,1.6278196529717498e-19,5.222935268498367e-15
0.009675592824761601,0.05595639656,0.054,0.0,0.0,0.00011294066908544003,0.8270233882956468,0.07632947529952769,0.02496716811215641,1.319141292773725e-06,0.015113619983362435,0.0,0.02867238772513714,3.670781061899647e-08,3.7625659493691664e-12,3.38360675239719e-08,1.6262640608886739e-09,1.0733891251501021e-09,5.91180897281235e-09,2.596942194567422e-07,9.462713626631675e-07,0.0009490879861756649,2.5041248569273887e-10,1.7901415356463615e-07,1.6390431969484656e-19,5.2230818909737385e-15
0.0097199563563462,0.05595639656,0.054,0.0,0.0,0.00011255793132929484,0.8269854058266761,0.07640504804779726,0.024992363682818902,1.323664707539546e-06,0.015063238476449062,0.0,0.028672787393500966,3.658257905843151e-08,3.737965240831813e-12,3.360852964463518e-08,1.615173878577863e-09,1.0702477188790233e-09,5.897575946321541e-09,2.588081586094085e-07,9.43055887663335e-07,0.0009490792169183263,2.489184259863261e-10,1.785540608356826e-07,1.6503032247947623e-19,5.223227502505622e-15
0.009759883534772338,0.05595639656,0.054,0.0,0.0,0.00011221572689956952,0.826951442502696,0.07647262401432986,0.025014893157541695,1.3277350757164555e-06,0.015018188122282457,0.0,0.028673144741869196,3.6470608777766143e-08,3.716042196490818e-12,3.340573169373477e-08,1.6052907999675737e-09,1.0674389073183784e-09,5.884817356028865e-09,2.580159677641857e-07,9.401809871677978e-07,0.0009490713700772651,2.475851769125466e-10,1.78141862368636e-07,1.6604684423995222e-19,5.223357697274122e-15
0.009791638808501571,0.05595639656,0.054,0.0,0.0,0.00011194507584334628,0.8269245785224917,0.07652607460160259,0.025032713298091227,1.3309718877407259e-06,0.014982554626519536,0.0,0.028673427374602316,3.638205601784548e-08,3.6987515000176356e-12,3.324576771601481e-08,1.597496030316696e-09,1.065217368547721e-09,5.874704532181648e-09,2.5738944239707104e-07,9.379072445494872e-07,0.0009490651597451274,2.465324387557076e-10,1.7781529684479304e-07,1.6685742393602484e-19,5.2234606716181475e-15
0.009823394082230805,0.05595639656,0.054,0.0,0.0,0.00011167575557580494,0.826897844675581,0.0765792662705914,0.025050447110992517,1.33420828378295e-06,0.014947093741445795,0.0,0.028673708621394626,3.629394356145934e-08,3.6815881901703555e-12,3.308696718418802e-08,1.589758701653427e-09,1.063006704898019e-09,5.864622145796476e-09,2.567660169510253e-07,9.356447076839954e-07,0.0009490589762193452,2.454864027529605e-10,1.7748984964054693e-07,1.676698727407788e-19,5.223563142016666e-15
0.009851973828587116,0.05595639656,0.054,0.0,0.0,0.00011143449696062874,0.8268738946863776,0.0766269189711377,0.02506633425712105,1.3371206868644487e-06,0.014915325477973553,0.0,0.028673960567062735,3.621501187537156e-08,3.666249073395279e-12,3.2945032047353435e-08,1.5828437468951216e-09,1.0610263349473453e-09,5.855573948441738e-09,2.5620756526972483e-07,9.336179362390404e-07,0.0009490534338084962,2.445506541577009e-10,1.7719789930750269e-07,1.6840267470577442e-19,5.2236549375988e-15
0.009880553574943426,0.05595639656,0.054,0.0,0.0,0.00011119430107957985,0.8268500486391315,0.0766743648644911,0.025082152450296394,1.3400327572745892e-06,0.01488369508476994,0.0,0.028674211405942982,3.613643094532925e-08,3.651011184340916e-12,3.2804021888518884e-08,1.5759744479832e-09,1.05905465302171e-09,5.846550267495733e-09,2.5565158889572917e-07,9.316001131498176e-07,0.0009490479128156233,2.4362024800730454e-10,1.769068473386915e-07,1.6913699055951076e-19,5.223746330727671e-15
0.009909133321299737,0.05595639656,0.054,0.0,0.0,0.00011095516083198496,0.826826305849051,0.07672160531303904,0.02509790214475806,1.3429444970043695e-06,0.014852201653587015,0.0,0.028674461145425663,3.605819767363629e-08,3.6358736159997923e-12,3.266392860455182e-08,1.5691504006467808e-09,1.057091598167002e-09,5.837551037232187e-09,2.550980711915724e-07,9.295911784994358e-07,0.0009490424131029003,2.426951439948146e-10,1.76616690210711e-07,1.6987282025821928e-19,5.223837324085371e-15
0.009934855093020417,0.05595639656,0.054,0.0,0.0,0.00011074083135824978,0.8268050250617633,0.07676394717771444,0.025112018675560788,1.3455647816582152e-06,0.014823973923864432,0.0,0.02867468497702977,3.598808269812661e-08,3.622334835814845e-12,3.2538621948157775e-08,1.5630471161656714e-09,1.055332176840148e-09,5.829472580795369e-09,2.5460199379033954e-07,9.277906878409155e-07,0.0009490374814429965,2.418670507007014e-10,1.7635631098054965e-07,1.7053636128762282e-19,5.2239188785003305e-15
0.009960576864741097,0.05595639656,0.054,0.0,0.0,0.00011052734615926509,0.8267838268722961,0.07680612470213526,0.02512608041258587,1.3481848014790523e-06,0.014795855753368238,0.0,0.028674907929349524,3.591824593777613e-08,3.6088759391025768e-12,3.241404568239999e-08,1.556979871449494e-09,1.0535796555411476e-09,5.821413827630005e-09,2.541078826356027e-07,9.259973057860109e-07,0.000949032566810023,2.41043190933843e-10,1.7609665116978307e-07,1.7120112846215623e-19,5.224000113175527e-15
0.009986298636461777,0.05595639656,0.054,0.0,0.0,0.00011031470018975776,0.8267627107939067,0.07684813885467585,0.025140087678703286,1.3508045578755358e-06,0.014767846496522795,0.0,0.028675130007636038,3.584868525994737e-08,3.595496285748881e-12,3.229019408379565e-08,1.5509483812063833e-09,1.0518339911069328e-09,5.813374729325502e-09,2.5361572590760646e-07,9.242109897639191e-07,0.000949027669105947,2.4022353608127184e-10,1.7583770823165482e-07,1.7186712174816105e-19,5.2240810300167815e-15
0.009999999999999998,0.05595639656,0.054,0.0,0.0,0.00011020176969771382,0.8267514961233893,0.07687045241548558,0.025147526884355363,1.3521999314765613e-06,0.01475297088384971,0.0,0.028675247948357633,3.581174398913672e-08,3.588401397942896e-12,3.2224515202676125e-08,1.5477500501094227e-09,1.0509069028066518e-09,5.8091005033374826e-09,2.5335435973433824e-07,9.232623324273445e-07,0.0009490250670947993,2.397886325320471e-10,1.7570006737165738e-07,1.7222238070689685e-19,5.2241240033636006e-15
0.010012020408182457,0.05595639656,0.054,0.0,0.0,0.00011010288844458625,0.8267416763437075,0.07688999059604074,0.02515404079422581,1.3534240522431254e-06,0.014739945512865511,0.0,0.02867535121709859,3.577939880369062e-08,3.58219524029706e-12,3.216706148074869e-08,1.5449523611473993e-09,1.0500951428253584e-09,5.805355237312109e-09,2.5312551188110147e-07,9.224316975429445e-07,0.0009490227882333151,2.3940805776728515e-10,1.755794796260451e-07,1.725343411114049e-19,5.2241616309147794e-15
0.010037742179903136,0.05595639656,0.054,0.0,0.0,0.0001098919059572134,0.8267207230426276,0.07693168087934041,0.025167940076934448,1.3560432859642899e-06,0.014712152166995583,0.0,0.02867557156290578,3.5710385853450056e-08,3.5689721732195688e-12,3.204464225971384e-08,1.538991530889454e-09,1.0483630720959836e-09,5.797355302789269e-09,2.526372289218715e-07,9.206593872178462e-07,0.000949017924094805,2.3859672784875613e-10,1.7532196281707157e-07,1.7320278651711702e-19,5.224241917745489e-15
0.010063463951623816,0.05595639656,0.054,0.0,0.0,0.00010968174780277013,0.8266998504153759,0.07697321065016767,0.02518178584210354,1.3586622604086912e-06,0.014684465828524963,0.0,0.028675791050183575,3.5641644230911645e-08,3.5558264643256504e-12,3.192293086608851e-08,1.5330656142375169e-09,1.046637735962844e-09,5.789374876941884e-09,2.5215086549381524e-07,9.188940172357651e-07,0.0009490130765946458,2.3778951841949354e-10,1.750651552792676e-07,1.7387245793006717e-19,5.224321892369399e-15
0.010089185723344496,0.05595639656,0.054,0.0,0.0,0.00010947240909604686,0.8266790579904024,0.07701458084667166,0.02519557840252556,1.3612809769333223e-06,0.014656885872028139,0.0,0.028676009684016797,3.5573171530222596e-08,3.5427574976418376e-12,3.1801921793205255e-08,1.5271743350201005e-09,1.044919093634978e-09,5.7814139108630315e-09,2.516664101541665e-07,9.171355463788982e-07,0.0009490082456379417,2.3698640180505675e-10,1.748090544954475e-07,1.7454335531448509e-19,5.224401556632093e-15
0.010114907495065176,0.05595639656,0.054,0.0,0.0,0.00010926388498771999,0.8266583452998629,0.07705579239963077,0.025209318068535796,1.3638994368827047e-06,0.014629411676991865,0.0,0.02867622746945189,3.550496764351328e-08,3.5297646612915262e-12,3.168160958957914e-08,1.5213174205915464e-09,1.0432071093024772e-09,5.773472355337225e-09,2.511838515448453e-07,9.153839337329261e-07,0.0009490034311292627,2.3618735055463114e-10,1.7455365795002595e-07,1.7521547863408026e-19,5.224480912365297e-15
0.010140629266785856,0.05595639656,0.054,0.0,0.0,0.00010905617066930861,0.8266377118795801,0.07709684623252676,0.025223005148036527,1.366517641589061e-06,0.014602042627768406,0.0,0.028676444411493696,3.5437030686004365e-08,3.516847354217532e-12,3.156198886406863e-08,1.5154946037682545e-09,1.041501740538835e-09,5.765550161173356e-09,2.507031784039231e-07,9.136391387289484e-07,0.0009489986329748395,2.3539233744818434e-10,1.7429896313847598e-07,1.7588882785215743e-19,5.224559961385621e-15
0.010166351038506535,0.05595639656,0.054,0.0,0.0,0.00010884926137263536,0.8266171572690093,0.07713774326161671,0.02523663994652109,1.3691355923723897e-06,0.014574778113527503,0.0,0.028676660515105916,3.536935716535029e-08,3.5040049799146056e-12,3.1443054269433984e-08,1.5097056163067056e-09,1.0398029452165702e-09,5.757647279227172e-09,2.502243795641795e-07,9.119011211383693e-07,0.0009489938510825037,2.34601335492747e-10,1.7404496756829246e-07,1.7656340293150206e-19,5.224638705494746e-15
0.010192072810227215,0.05595639656,0.054,0.0,0.0,0.00010864315236183988,0.8265966810112022,0.07717848439600218,0.025250222767097527,1.3717532905406922e-06,0.014547617528206477,0.0,0.028676875785216674,3.5301947734962614e-08,3.4912369426699812e-12,3.13248005092851e-08,1.5039501924924647e-09,1.0381106914566438e-09,5.749763659907507e-09,2.497474439347943e-07,9.101698410060069e-07,0.0009489890853585522,2.3381431790927495e-10,1.7379166874424241e-07,1.7723920383438104e-19,5.224717146481544e-15
0.010217794581947895,0.05595639656,0.054,0.0,0.0,0.00010843783894025306,0.8265762826527708,0.07721907053770108,0.025263753910511985,1.3743707373902033e-06,0.014520560270465877,0.0,0.028677090226714018,3.523480164537734e-08,3.4785426594456495e-12,3.12072223509249e-08,1.498228074166641e-09,1.036424938442937e-09,5.7418992536255256e-09,2.492723605172736e-07,9.084452587083026e-07,0.0009489843357107095,2.3303125814334343e-10,1.7353906418096446e-07,1.779162305227316e-19,5.224795286120318e-15
0.010240944176496507,0.05595639656,0.054,0.0,0.0,0.000108253733243266,0.826557990362266,0.07725546628634875,0.025275888002293197,1.3767262257390452e-06,0.014496296590344505,0.0,0.028677282519602314,3.517459046668878e-08,3.467180387507745e-12,3.11019753541853e-08,1.4931064282258715e-09,1.034913281080843e-09,5.734837674446602e-09,2.4884636007545416e-07,9.068988288392009e-07,0.0009489800746993333,2.3232986652214093e-10,1.7331231163034188e-07,1.7852660255696257e-19,5.224865355596459e-15
0.010264093771045119,0.05595639656,0.054,0.0,0.0,0.00010807026482959993,0.826539760480293,0.07729173786360745,0.02528798069324728,1.3790815124885545e-06,0.014472115690448562,0.0,0.028677474148749684,3.511458975097353e-08,3.455876966260163e-12,3.099726763579635e-08,1.488011360457755e-09,1.0334068321612414e-09,5.727791581498022e-09,2.4842184319659223e-07,9.053577639468252e-07,0.0009489758265700939,2.31631640348714e-10,1.730861176283779e-07,1.7913796741773127e-19,5.224935183679917e-15
0.01028492840613887,0.05595639656,0.054,0.0,0.0,0.00010790568536753568,0.8265234066785916,0.07732427664824032,0.02529882889465461,1.3812010989569335e-06,0.014450423303213505,0.0,0.028677646050363756,3.5060768378654536e-08,3.445753862703756e-12,3.0903488704036315e-08,1.4834483722055332e-09,1.0320554575507431e-09,5.721463308577226e-09,2.480410399730396e-07,9.039753692558168e-07,0.0009489720142137065,2.3100592761947904e-10,1.7288301910179763e-07,1.7968904463541522e-19,5.224997823609709e-15
0.01030576304123262,0.05595639656,0.054,0.0,0.0,0.00010774161697383866,0.8265071029318357,0.07735671584077751,0.02530964389038181,1.3833205235420335e-06,0.014428797310150308,0.0,0.0286778174196898,3.500711300280556e-08,3.4356777966864216e-12,3.081014089463061e-08,1.478906629677719e-09,1.0307082521125621e-09,5.715147523901366e-09,2.4766142642100287e-07,9.025972769087872e-07,0.0009489682121928066,2.3038274990128223e-10,1.7268037024844334e-07,1.8024092599827442e-19,5.225060269950615e-15
0.010326597676326372,0.05595639656,0.054,0.0,0.0,0.00010757805723492953,0.826490849007394,0.07738905590404073,0.02532042583474099,1.3854397869052699e-06,0.014407237402711656,0.0,0.02867798825923804,3.495362695670683e-08,3.425648463214855e-12,3.0717221532962935e-08,1.4743859964672957e-09,1.0293652079309697e-09,5.708844200617532e-09,2.472829968897084e-07,9.01223466544884e-07,0.0009489644204579751,2.2976209358888084e-10,1.724781697570102e-07,1.807936114849712e-19,5.225122523613928e-15
0.010345348847910746,0.05595639656,0.054,0.0,0.0,0.00010743128639267784,0.826476262882377,0.0774180775856415,0.025330101452506516,1.3873469866303134e-06,0.014387889735766985,0.0,0.028678141563929695,3.4905632890916715e-08,3.4166617789473922e-12,3.063395825143785e-08,1.4703353692301512e-09,1.0281600055144898e-09,5.703181842287696e-09,2.4694341802044306e-07,8.999906816345903e-07,0.0009489610166528419,2.2920564754614008e-10,1.7229657159270686e-07,1.8129171593119478e-19,5.225178387918733e-15
0.010362224902336684,0.05595639656,0.054,0.0,0.0,0.00010729954181768747,0.8264631695757043,0.0774441290411749,0.025338786816842363,1.3890633555764507e-06,0.014370522207075107,0.0,0.028678279174468333,3.4862550805632374e-08,3.4086057530749194e-12,3.0559314611833295e-08,1.4667042562926704e-09,1.0270781696853257e-09,5.698094315876204e-09,2.46638609806854e-07,8.988841146708657e-07,0.000948957960293243,2.2870657486885025e-10,1.7213344208765471e-07,1.8174056680092344e-19,5.225228533520807e-15
0.010379100956762623,0.05595639656,0.054,0.0,0.0,0.00010716812673953547,0.8264501085485721,0.0774701162714641,0.02534745076739942,1.390779619905352e-06,0.014353197494852449,0.0,0.02867841644182445,3.481957812470693e-08,3.400579868380902e-12,3.048494740625135e-08,1.4630867608924464e-09,1.025999027587014e-09,5.6930149182027015e-09,2.4633456852241213e-07,8.977803214195622e-07,0.0009489549105995356,2.282091326035499e-10,1.7197060445051302e-07,1.8218994521790712e-19,5.225278554306093e-15
0.010395977011188561,0.05595639656,0.054,0.0,0.0,0.00010703703990865751,0.826437079680115,0.07749603951697355,0.02535609338435199,1.3924957799594804e-06,0.01433591543879171,0.0,0.028678553367299162,3.477671349749796e-08,3.3925839731404753e-12,3.0410855261266555e-08,1.4594828160156453e-09,1.0249225665893688e-09,5.6879436352182755e-09,2.4603129124178456e-07,8.966792913397449e-07,0.0009489518675476887,2.277133136962209e-10,1.7180805799832224e-07,1.8263985117051777e-19,5.225328450746933e-15
0.010411165460171906,0.05595639656,0.054,0.0,0.0,0.00010691934138389485,0.8264253810947654,0.07751931592871322,0.025363853565316227,1.3940402351347226e-06,0.01432039792751174,0.0,0.028678676308988342,3.473822719549291e-08,3.385413182028968e-12,3.0344406373495175e-08,1.4562507937474192e-09,1.0239560351356757e-09,5.683386406917502e-09,2.4575899250503264e-07,8.956907181044546e-07,0.0009489491344597331,2.2726845885008887e-10,1.7166201458982593e-07,1.8304521756115526e-19,5.22537325161782e-15
0.01042635390915525,0.05595639656,0.054,0.0,0.0,0.00010680190682826948,0.826413708373278,0.07754254088017419,0.025371596588555128,1.395584606370079e-06,0.014304914722796743,0.0,0.028678798975742808,3.469982802958115e-08,3.378266447542787e-12,3.027817818216846e-08,1.4530296418365438e-09,1.0229916602772204e-09,5.678835729722074e-09,2.4548730813748455e-07,8.947043669164948e-07,0.0009489464067140542,2.268249081488055e-10,1.7151620598918886e-07,1.834510112375851e-19,5.225417952491849e-15
0.010441542358138595,0.05595639656,0.054,0.0,0.0,0.0001066847353439397,0.826402061428799,0.07756571454415402,0.025379322511681943,1.3971288939111273e-06,0.01428946570944992,0.0,0.028678921368497402,3.466151509126032e-08,3.3711436610791236e-12,3.021216970429611e-08,1.449819312517268e-09,1.0220294331283751e-09,5.674291593365979e-09,2.452162360373912e-07,8.937202302021679e-07,0.0009489436842933424,2.2638265652766726e-10,1.7137063170133427e-07,1.8385723219118526e-19,5.22546255370841e-15
0.01045673080712194,0.05595639656,0.054,0.0,0.0,0.00010656782603625376,0.8263904401748665,0.07758883709266981,0.02538703139204973,1.398673098002174e-06,0.014274050772794405,0.0,0.028679043488183342,3.462328818403603e-08,3.364044712459512e-12,3.014637995479808e-08,1.446619755019895e-09,1.02106934661537e-09,5.66975398751183e-09,2.4494577411056623e-07,8.927383004147963e-07,0.0009489409671799837,2.2594169894528873e-10,1.7122529123052975e-07,1.8426388041327995e-19,5.225507055605567e-15
0.010471919256105284,0.05595639656,0.054,0.0,0.0,0.00010645117801368904,0.826378844525409,0.07761190869696237,0.025394723286752834,1.400217218886278e-06,0.01425866979867029,0.0,0.028679165335728226,3.458514783121342e-08,3.356969491944239e-12,3.008080795798676e-08,1.4434309205940435e-09,1.0201113954011102e-09,5.665222901756941e-09,2.4467592027024725e-07,8.917585700342117e-07,0.0009489382553560452,2.255020303833925e-10,1.710801840800561e-07,1.8467095589514982e-19,5.2255514585200784e-15
0.010487107705088629,0.05595639656,0.054,0.0,0.0,0.00010633479039098851,0.8263672743947427,0.07763492952750153,0.025402398252628376,1.401761256805247e-06,0.014243322673432755,0.0,0.028679286912053962,3.454709288072312e-08,3.349917893567838e-12,3.001545275002268e-08,1.4402527634378556e-09,1.0191555701174567e-09,5.660698325843499e-09,2.444066724442835e-07,8.907810315930487e-07,0.0009489355488045753,2.250636458499839e-10,1.709353097582371e-07,1.8507845862804635e-19,5.225595762786641e-15
0.010502296154071973,0.05595639656,0.054,0.0,0.0,0.00010621866228618155,0.8263557296975695,0.07765789975398979,0.025410056346257672,1.4033052119996439e-06,0.01422800928394817,0.0,0.028679408218078753,3.450912277505859e-08,3.342889809292171e-12,2.995031336126329e-08,1.4370852331587528e-09,1.0182018629378243e-09,5.6561802494515965e-09,2.4413802856830326e-07,8.898056776517677e-07,0.0009489328475083867,2.2462654037615906e-10,1.7079066777314634e-07,1.854863886031657e-19,5.22563996873861e-15
0.010517484603055318,0.05595639656,0.054,0.0,0.0,0.00010610279281914028,0.8263442103489749,0.07768081954536632,0.02541769762396774,1.4048490847088067e-06,0.01421272951759071,0.0,0.02867952925471808,3.447123859908122e-08,3.3358851302610148e-12,2.988538883035279e-08,1.4339282809972862e-09,1.0172502698952286e-09,5.651668662115534e-09,2.4386998658240834e-07,8.888325007865581e-07,0.0009489301514494712,2.241907090146046e-10,1.7064625762953957e-07,1.858947458116582e-19,5.225684076708344e-15
0.010532673052038663,0.05595639656,0.054,0.0,0.0,0.00010598718111681863,0.826332716264425,0.07770368906981251,0.02542532214183266,1.4063928751708566e-06,0.014197483262241259,0.0,0.028679650022881194,3.443343908236016e-08,3.328903753099569e-12,2.982067821310825e-08,1.4307818634736295e-09,1.016300781438975e-09,5.647163553578315e-09,2.4360254444317537e-07,8.878614936332379e-07,0.0009489274606111653,2.2375614684468016e-10,1.705020788388221e-07,1.8630353024465297e-19,5.225728087025961e-15
0.010547861501022007,0.05595639656,0.054,0.0,0.0,0.00010587182631012314,0.8263212473597659,0.07772650849475551,0.025432929955675074,1.4079365836226848e-06,0.01418227040628349,0.0,0.028679770523473237,3.439572300204695e-08,3.3219455722038547e-12,2.9756180555088364e-08,1.4276459305835668e-09,1.0153533883627192e-09,5.642664913567523e-09,2.433357001164791e-07,8.868926488610262e-07,0.0009489247749768723,2.2332284896903617e-10,1.7035813091368215e-07,1.8671274189322194e-19,5.225772000020075e-15
0.010563049950005352,0.05595639656,0.054,0.0,0.0,0.00010575672752970453,0.82630980355122,0.07774927798687149,0.02544052112106757,1.4094802102999911e-06,0.014167090838599653,0.0,0.028679890757398067,3.435809231646036e-08,3.315010478907912e-12,2.969189490708268e-08,1.424520432743563e-09,1.0144080887286244e-09,5.638172731528389e-09,2.430694515678592e-07,8.859259591372915e-07,0.0009489220945283355,2.2289081050979618e-10,1.702144133596041e-07,1.871223807483879e-19,5.225815816018839e-15
0.010578238398988696,0.05595639656,0.054,0.0,0.0,0.00010564188391417124,0.826298384755385,0.07777199771209181,0.02544809569333408,1.4110237554372977e-06,0.014151944448570505,0.0,0.028680010725552756,3.432054589566321e-08,3.3080983723694686e-12,2.9627820345684563e-08,1.4214053294234312e-09,1.0134648733336418e-09,5.633686997185053e-09,2.4280379678133086e-07,8.849614171963589e-07,0.0009489194192490312,2.2246002661624441e-10,1.7007092569037143e-07,1.8753244680116566e-19,5.225859535347952e-15
0.010591908003073707,0.05595639656,0.054,0.0,0.0,0.00010553874211877638,0.8262881291563697,0.07779240305063939,0.02545489866677722,1.4124128765370294e-06,0.014138340973411108,0.0,0.028680118470395713,3.428682420585072e-08,3.3018970449223617e-12,2.9570332941051446e-08,1.4186105819376059e-09,1.0126177520050152e-09,5.629655340641304e-09,2.4256521348443533e-07,8.840951598370463e-07,0.0009489170159043289,2.220733897759833e-10,1.699419829417165e-07,1.8790187149514782e-19,5.225898800359255e-15
0.010605577607158717,0.05595639656,0.054,0.0,0.0,0.00010543580568805995,0.8262778936901195,0.07781276833172691,0.025461688284384203,1.4138019319476186e-06,0.014124764203003407,0.0,0.02868022600133768,3.4253170507025866e-08,3.295714174729315e-12,2.9513015071083815e-08,1.4158241766374426e-09,1.0117723087027077e-09,5.625628890763906e-09,2.423271080483464e-07,8.83230631057542e-07,0.0009489146167206763,2.2168776171754052e-10,1.6981322565089157e-07,1.8827164220523538e-19,5.225937987566569e-15
0.010619247211243727,0.05595639656,0.054,0.0,0.0,0.0001053330740007715,0.8262676782966043,0.07783309367478529,0.02546846458597516,1.4151909218375697e-06,0.014111214057727329,0.0,0.02868033331902512,3.4219585008399915e-08,3.289549690196906e-12,2.9455866083365604e-08,1.4130460889179908e-09,1.0109285388159828e-09,5.62160763997222e-09,2.420894790192824e-07,8.823678256179515e-07,0.0009489122216856205,2.2130313895167798e-10,1.6968465346252969e-07,1.8864175892480008e-19,5.225977097204607e-15
0.010632916815328738,0.05595639656,0.054,0.0,0.0,0.00010523054644138468,0.8262574829160352,0.0778533791987673,0.02547522761121053,1.4165798463746252e-06,0.014097690458283133,0.0,0.028680440424099757,3.418606553299347e-08,3.283403517481216e-12,2.9398885300086155e-08,1.4102762816877462e-09,1.010086433175418e-09,5.617591580879555e-09,2.4185232495670336e-07,8.815067383264559e-07,0.0009489098307880664,2.2091951800585325e-10,1.6955626602884716e-07,1.8901222164717018e-19,5.226016129506361e-15
0.010646586419413748,0.05595639656,0.054,0.0,0.0,0.00010512822239274097,0.8262473074888623,0.07787362502214824,0.025481977399591887,1.4179687057257703e-06,0.014084193325687392,0.0,0.028680547317203497,3.415261306607518e-08,3.2772755754710186e-12,2.9342072024036435e-08,1.4075147082748217e-09,1.0092459900191136e-09,5.6135807058068825e-09,2.416156444164833e-07,8.806473639777375e-07,0.0009489074440152559,2.205368954181948e-10,1.6942806299517124e-07,1.8938303036562318e-19,5.226055084704893e-15
0.010660256023498758,0.05595639656,0.054,0.0,0.0,0.00010502610123966453,0.8262371519557745,0.07789383126292912,0.025488713990462746,1.4193575000572485e-06,0.01407072258127253,0.0,0.02868065399897595,3.411922887443897e-08,3.271165797987057e-12,2.9285425641830706e-08,1.4047613572833077e-09,1.00840720623868e-09,5.609575007092121e-09,2.4137943595924636e-07,8.797896973833984e-07,0.0009489050613542822,2.201552677439454e-10,1.693000440044777e-07,1.8975418507348467e-19,5.226093963032433e-15
0.010673925627583769,0.05595639656,0.054,0.0,0.0,0.00010492418237485656,0.8262270162576976,0.07791399803864064,0.025495437423009328,1.4207462295345512e-06,0.014057278146687254,0.0,0.028680760470050543,3.408591021887802e-08,3.2650741146030977e-12,2.922894549481782e-08,1.4020161961010165e-09,1.00757007134546e-09,5.6055744774018565e-09,2.411436981637672e-07,8.789337334210995e-07,0.0009489026827944998,2.1977463155574303e-10,1.6917220871210728e-07,1.9012568576401967e-19,5.226132764718964e-15
0.010687595231668779,0.05595639656,0.054,0.0,0.0,0.0001048224651895722,0.826216900335793,0.07793412546634312,0.025502147736261378,1.4221348943224115e-06,0.014043859943891884,0.0,0.028680866731060788,3.40526574273638e-08,3.2590004366451597e-12,2.9172630845621943e-08,1.3992791566871887e-09,1.0067345837645617e-09,5.6015791090871995e-09,2.409084296056187e-07,8.780794669564633e-07,0.0009489003083236773,2.1939498343427426e-10,1.6904455676841608e-07,1.904975324303911e-19,5.226171489994516e-15
0.010699897875345287,0.05595639656,0.054,0.0,0.0,0.00010473109165645632,0.8262078128662653,0.07795220660510138,0.025508175833324005,1.42338463745757e-06,0.014031805925307077,0.0,0.028680962186887315,3.40227872223999e-08,3.253549473035529e-12,2.9122088692724445e-08,1.3968227692566652e-09,1.0059840497400444e-09,5.597987684266094e-09,2.406970879259052e-07,8.773120742620935e-07,0.0009488981747854538,2.1905414211232405e-10,1.6892982648798838e-07,1.9083249023391302e-19,5.226206277600766e-15
0.010712200519021796,0.05595639656,0.054,0.0,0.0,0.00010463988055301601,0.8261987413254053,0.07797025605109381,0.0255141933634799,1.424634328446179e-06,0.014019773035058877,0.0,0.0286810574735305,3.399297005334494e-08,3.2481130041933284e-12,2.9071679706729312e-08,1.3943729612689238e-09,1.0052348388664454e-09,5.59440042858735e-09,2.4048612415075225e-07,8.76546048691083e-07,0.0009488960445408947,2.187140959051263e-10,1.688152441786297e-07,1.9116772826749862e-19,5.226241003665865e-15
0.010724503162698304,0.05595639656,0.054,0.0,0.0,0.0001045488314425342,0.826189685670805,0.07798827388869213,0.02552020035485974,1.4258839674067968e-06,0.014007761216900907,0.0,0.0286811525914456,3.396320481156729e-08,3.242690945488414e-12,2.9021403239182763e-08,1.391929632047702e-09,1.0044869509512763e-09,5.590817336531732e-09,2.402755372581417e-07,8.757813865597334e-07,0.0009488939175819656,2.183748423460208e-10,1.6870080959355793e-07,1.915032465260139e-19,5.226275668355123e-15
0.010736805806374813,0.05595639656,0.054,0.0,0.0,0.00010445794388399708,0.826180645860209,0.07800626020196438,0.02552619683549349,1.4271335544575314e-06,0.013995770414786179,0.0,0.028681247541090162,3.393349456612467e-08,3.237283244453971e-12,2.8971258839379357e-08,1.3894927666463623e-09,1.0037403894057025e-09,5.587238402311468e-09,2.400653262164612e-07,8.750180841488373e-07,0.0009488917938982691,2.1803637898078619e-10,1.6858652247008993e-07,1.9183904500448187e-19,5.226310271834681e-15
0.010749108450051321,0.05595639656,0.054,0.0,0.0,0.00010436721744377807,0.826171621851512,0.07802421507467956,0.025532182833310855,1.4283830897160172e-06,0.013983800572869987,0.0,0.028681342322916026,3.390383761254493e-08,3.2318899158358197e-12,2.8921246380994202e-08,1.3870624905412624e-09,1.0029951351371253e-09,5.583663620733087e-09,2.398554900113374e-07,8.742561378017453e-07,0.000948889673481908,2.1769870338735727e-10,1.684723825491951e-07,1.9217512369819212e-19,5.2263448142685685e-15
0.010760180829360179,0.05595639656,0.054,0.0,0.0,0.00010428570104811699,0.8261635137196307,0.07804034764744099,0.02553756129154191,1.429507627263113e-06,0.013973045590120999,0.0,0.028681427483445574,3.3877190179972975e-08,3.2270481089191705e-12,2.8876347284771982e-08,1.3848807217662601e-09,1.002325528039384e-09,5.58044986325133e-09,2.3966695707959865e-07,8.735715425239155e-07,0.0009488877678947573,2.173954668750714e-10,1.6836978228247347e-07,1.9247783410214518e-19,5.2263758503998455e-15
0.010771253208669037,0.05595639656,0.054,0.0,0.0,0.00010420431449315294,0.8261554183228222,0.07805645488160788,0.02554293130145435,1.4306321230384492e-06,0.013962307499629846,0.0,0.028681512508734876,3.385058542353227e-08,3.222217790873611e-12,2.8831553961344328e-08,1.3827040867265113e-09,1.001656988103031e-09,5.577239460751066e-09,2.3947872620897484e-07,8.728880400473071e-07,0.0009488858649413386,2.170928647017155e-10,1.682673008723888e-07,1.9278077147236855e-19,5.226406837335758e-15
0.010782325587977894,0.05595639656,0.054,0.0,0.0,0.00010412305746193849,0.8261473356307036,0.07807253683762717,0.025548292883202373,1.4317565771268145e-06,0.013951586261097305,0.0,0.028681597399112635,3.3824025005512514e-08,3.2173990025538622e-12,2.878686649298179e-08,1.3805327516305118e-09,1.0009895010225722e-09,5.5740324092793e-09,2.3929079665843306e-07,8.722056276998764e-07,0.000948883964614313,2.167908951275811e-10,1.681649381187355e-07,1.9308393580554558e-19,5.2264377751956156e-15
0.010793397967286752,0.05595639656,0.054,0.0,0.0,0.00010404192964616716,0.8261392656129898,0.07808859357575368,0.02555364605687543,1.4328809896126761e-06,0.013940881834356317,0.0,0.02868168215490152,3.37975056393486e-08,3.2125916698886708e-12,2.8742284327539933e-08,1.3783666046554143e-09,1.0003230629340073e-09,5.570828704989629e-09,2.3910316770629823e-07,8.71524302880777e-07,0.0009488820669093642,2.164895563930119e-10,1.680626938522084e-07,1.933873270977972e-19,5.226468664096603e-15
0.01080447034659561,0.05595639656,0.054,0.0,0.0,0.0001039609307326975,0.826131208239492,0.07810462515604764,0.025558990842498637,1.4340053605801944e-06,0.013930194179366548,0.0,0.02868176677642712,3.3771028369298034e-08,3.2077957207104866e-12,2.8697806963390658e-08,1.376205556106835e-09,9.996576833854197e-10,5.567628343677154e-09,2.3891583861992284e-07,8.708440629488217e-07,0.000948880171819787,2.1618884673585473e-10,1.679605678914227e-07,1.9369094534527856e-19,5.22649950415696e-15
0.010814435487973582,0.05595639656,0.054,0.0,0.0,0.00010388814166305468,0.8261239673892765,0.0781190321178499,0.025563793994276003,1.4350172590220998e-06,0.013920589596732631,0.0,0.0286818428212739,3.3747236010770276e-08,3.203489101423385e-12,2.8657866841290856e-08,1.3742650345857767e-09,9.990597401794954e-10,5.564750873398214e-09,2.3874749822176484e-07,8.702327724048307e-07,0.0009488784684694333,2.1591874447454544e-10,1.6786875551851124e-07,1.9396439581182003e-19,5.226527218550149e-15
0.010824400629351555,0.05595639656,0.054,0.0,0.0,0.00010381545652575894,0.8261167367346305,0.07813341879381476,0.02556859038240958,1.4360291239630248e-06,0.013910998537879424,0.0,0.028681918757865233,3.3723477857682e-08,3.1991916914011304e-12,2.861801132707559e-08,1.3723287175822787e-09,9.984626392173811e-10,5.561876104845401e-09,2.3857939959565056e-07,8.6962235658433e-07,0.0009488767672278354,2.1564914910423026e-10,1.6777703868443522e-07,1.9423803010658366e-19,5.226554893563169e-15
0.010834365770729527,0.05595639656,0.054,0.0,0.0,0.00010374287509823836,0.8261095162537474,0.07814778522732865,0.025573380021364844,1.4370409554636938e-06,0.013901420973884384,0.0,0.028681994586433928,3.3699752109012734e-08,3.1949034138280785e-12,2.8578239915324578e-08,1.3703964772826188e-09,9.9786638716736e-10,5.559004035107419e-09,2.38411542220552e-07,8.690128136095202e-07,0.0009488750680915981,2.1538005934718148e-10,1.6768541726811707e-07,1.9451184822662145e-19,5.226582529280578e-15
0.0108443309121075,0.05595639656,0.054,0.0,0.0,0.00010367039715192134,0.8261023059248823,0.07816213146165155,0.025578162925565688,1.4380527535846519e-06,0.013891856875905818,0.0,0.028682070307216454,3.36760615431796e-08,3.1906242551124916e-12,2.853855246046863e-08,1.3684683433012695e-09,9.972709886767136e-10,5.556134661053006e-09,2.382439255620465e-07,8.684041415531828e-07,0.0009488733710546744,2.1511147394441856e-10,1.6759389112677655e-07,1.9478585016929846e-19,5.2266101257882384e-15
0.010854296053485472,0.05595639656,0.054,0.0,0.0,0.00010359802246299656,0.826095105726354,0.0781764575399202,0.02558293910939456,1.4390645183862578e-06,0.013882306215186187,0.0,0.028682145920445826,3.365240570809113e-08,3.1863542312581323e-12,2.8498948925348346e-08,1.3665443916953359e-09,9.966764268012882e-10,5.553267979892122e-09,2.3807654909674032e-07,8.67796338528258e-07,0.0009488716761127448,2.148433916596415e-10,1.6750246012275208e-07,1.950600359320621e-19,5.226637683170738e-15
0.010863264680725647,0.05595639656,0.054,0.0,0.0,0.00010353297334624578,0.8260886341912466,0.07818933381248903,0.02558723194077631,1.4399750782693823e-06,0.013873722085694328,0.0,0.02868221388058462,3.363114320981264e-08,3.1825189662777713e-12,2.8463377125733858e-08,1.3648163257201587e-09,9.961420390210065e-10,5.550690266932851e-09,2.3792611521761862e-07,8.672500572940453e-07,0.0009488701524537016,2.1460254672562253e-10,1.6742025346181363e-07,1.953069602823143e-19,5.226662451432096e-15
0.010872233307965821,0.05595639656,0.054,0.0,0.0,0.00010346800752514738,0.8260821708284812,0.07820219382476692,0.0255915193506998,1.4408856112562813e-06,0.013865148796307576,0.0,0.028682281753962414,3.360990857013475e-08,3.1786910387269777e-12,2.842787283079975e-08,1.363091583643684e-09,9.956083322942684e-10,5.5481147306764435e-09,2.3777587509292324e-07,8.66704477083797e-07,0.0009488686304849741,2.1436210738735796e-10,1.6733812366178333e-07,1.955540335225396e-19,5.226687188131742e-15
0.010881201935205996,0.05595639656,0.054,0.0,0.0,0.0001034031248383892,0.8260757156223814,0.07821503760794404,0.025595801349564275,1.44179611739055e-06,0.013856586326232984,0.0,0.028682349540747384,3.35887012818494e-08,3.1748704284077e-12,2.8392435859143937e-08,1.361370152787305e-09,9.950753042397132e-10,5.545541369026652e-09,2.3762582834527561e-07,8.661595965370523e-07,0.000948867110203611,2.141220727383934e-10,1.672560706276878e-07,1.958012556507273e-19,5.2267118933307385e-15
0.01089017056244617,0.05595639656,0.054,0.0,0.0,0.00010333832512452799,0.82606926855731,0.07822786519313002,0.025600077947742137,1.4427065967156596e-06,0.013848034654731065,0.0,0.02868241724110761,3.356752124867592e-08,3.171057115964589e-12,2.835706603695514e-08,1.3596520237665666e-09,9.945429534520932e-10,5.54297017985373e-09,2.3747597459703685e-07,8.656154142923187e-07,0.0009488655916064422,2.1388244187490474e-10,1.671740942634551e-07,1.9604862666487433e-19,5.2267365670901264e-15
0.010899139189686345,0.05595639656,0.054,0.0,0.0,0.00010327360822242875,0.8260628296176711,0.07824067661135418,0.025604349155579065,1.4436170492749576e-06,0.013839493761115774,0.0,0.028682484855210837,3.354636845836429e-08,3.1672510825030008e-12,2.8321763193805556e-08,1.3579371884080068e-09,9.940112786685284e-10,5.540401161022938e-09,2.3732631347129992e-07,8.650719289907186e-07,0.0009488640746902602,2.1364321389546992e-10,1.6709219447283048e-07,1.9629614656297453e-19,5.226761209470814e-15
0.01090810781692652,0.05595639656,0.054,0.0,0.0,0.00010320897397146371,0.8260563987879085,0.07825347189356595,0.02560861498339405,1.4445274751116685e-06,0.013830963624754403,0.0,0.028682552383224293,3.352524283503446e-08,3.163452309075753e-12,2.8286527158852088e-08,1.356225638156265e-09,9.93480278537614e-10,5.537834310404932e-09,2.3717684459234528e-07,8.645291392776518e-07,0.0009488625594519013,2.1340438790117444e-10,1.67010371159874e-07,1.9654381534301812e-19,5.226785820533529e-15
0.010926045071406869,0.05595639656,0.054,0.0,0.0,0.00010307995278237037,0.826043561395988,0.0782790141733522,0.025617130540101656,1.4463482467896085e-06,0.013813935541527616,0.0,0.028682687181648733,3.348307289455892e-08,3.155876466852392e-12,2.82162548334164e-08,1.3528123591143675e-09,9.92420297008334e-10,5.5327071052821495e-09,2.3687848207648746e-07,8.634456412151642e-07,0.000948859533995975,2.1292793828473332e-10,1.668469535834959e-07,1.9703959954087878e-19,5.22683494894719e-15
0.010943982325887218,0.05595639656,0.054,0.0,0.0,0.00010295126028032965,0.8260307562578982,0.07830449227849465,0.025625624699887124,1.4481689120928128e-06,0.013796950241048414,0.0,0.028682821637710288,3.344101101120006e-08,3.1483294390103638e-12,2.8146247705954043e-08,1.3494121192366677e-09,9.913629984000936e-10,5.527588547441884e-09,2.3658088406277898e-07,8.623649093365491e-07,0.0009488565152134046,2.12453085883744e-10,1.6668384076865248e-07,1.975359792423077e-19,5.2268839528138435e-15
0.010961919580367567,0.05595639656,0.054,0.0,0.0,0.00010282289519507246,0.826017983250625,0.07832990645373604,0.025634097544351447,1.4499894713626666e-06,0.013780007560156687,0.0,0.028682955752731394,3.33990567638147e-08,3.140811076266763e-12,2.8076504430505155e-08,1.3460248515858907e-09,9.903083722961486e-10,5.52247861984778e-09,2.36284047580169e-07,8.612869329296722e-07,0.0009488535030790585,2.119798235956657e-10,1.665210319515964e-07,1.9803295443110155e-19,5.2269328326137054e-15
0.010979856834847916,0.05595639656,0.054,0.0,0.0,0.00010269485626292232,0.8260052422517842,0.07835525694256429,0.02564254915467725,1.4518099249386248e-06,0.013763107336528791,0.0,0.02868308952802762,3.3357209735709904e-08,3.1333212303030413e-12,2.8007023669627066e-08,1.3426504896239052e-09,9.892564083340265e-10,5.517377305470094e-09,2.359879696731084e-07,8.602117013381003e-07,0.0009488504975679269,2.1150814435700848e-10,1.6635852637047934e-07,1.9853052509100374e-19,5.226981588824518e-15
0.010997794089328265,0.05595639656,0.054,0.0,0.0,0.00010256714222675743,0.8259925331396178,0.07838054398722084,0.025650979611631607,1.4536302731582247e-06,0.013746249408672051,0.0,0.028683222964907742,3.331546951082051e-08,3.1258597537758586e-12,2.7937804094434316e-08,1.3392889672543898e-09,9.882070962042577e-10,5.5122845872866274e-09,2.3569264740145956e-07,8.59139203960777e-07,0.000948847498655125,2.1103804114307544e-10,1.6619632326536115e-07,1.9902869120570462e-19,5.227030221921551e-15
0.011015731343808614,0.05595639656,0.054,0.0,0.0,0.00010243975183596584,0.8259798557929912,0.07840576782870876,0.025659388995568647,1.455450516357105e-06,0.013729433615919428,0.0,0.028683356064673735,3.3273835675715856e-08,3.118426500302658e-12,2.7868844384499e-08,1.3359402188045817e-09,9.8716042565185e-10,5.507200448282989e-09,2.3539807784039098e-07,8.580694302516447e-07,0.0009488445063158896,2.1056950696771562e-10,1.6603442187820634e-07,1.995274527588434e-19,5.2270787323776086e-15
0.011051605852769313,0.05595639656,0.054,0.0,0.0,0.00010218593702036128,0.8259545959149066,0.07845602686004377,0.025676144863757855,1.4590906890258474e-06,0.013695927797156197,0.0,0.028683621258037733,3.31908855322672e-08,3.103644081753916e-12,2.773169932062044e-08,1.3292807830835498e-09,9.850749685252888e-10,5.49705783979989e-09,2.3481118522662264e-07,8.559380119266628e-07,0.0009488385412596756,2.096371179793727e-10,1.6571152123518318e-07,2.0052676211473537e-19,5.227175387245888e-15
0.01108748036173001,0.05595639656,0.054,0.0,0.0,0.00010193340193982508,0.8259294616607513,0.07850603594012223,0.02569281739391896,1.462730445592529e-06,0.013662588611216721,0.0,0.028683885118401756,3.310835604086153e-08,3.088972822552146e-12,2.7595578081372806e-08,1.3226716654713112e-09,9.829999559744375e-10,5.486949344079808e-09,2.342272687355213e-07,8.538173630812546e-07,0.0009488326022036043,2.087109222642609e-10,1.6538981841525073e-07,2.01528453026789e-19,5.227271557163348e-15
0.011123354870690709,0.05595639656,0.054,0.0,0.0,0.00010168213681955966,0.8259044520834543,0.07855579695318338,0.025709407214286602,1.4663697886753916e-06,0.013629414801954206,0.0,0.028684147655942422,3.3026243970753315e-08,3.0744115855060736e-12,2.7460470401435476e-08,1.3161123555797675e-09,9.809353078564838e-10,5.47687482533518e-09,2.3364630550938332e-07,8.517074012908858e-07,0.0009488266889539042,2.0779086529560366e-10,1.650693074227387e-07,2.0253252536234255e-19,5.22736724582574e-15
0.011159229379651407,0.05595639656,0.054,0.0,0.0,0.0001014321319849496,0.8258795662455293,0.07860531176439804,0.025725914946737843,1.470008720863709e-06,0.013596405125933967,0.0,0.028684408880732128,3.294454612450707e-08,3.059959248105902e-12,2.7326366144794012e-08,1.3096023495228907e-09,9.788809448548391e-10,5.4668341479455666e-09,2.3306827292600565e-07,8.496080449773557e-07,0.0009488208013186925,2.068768931398604e-10,1.6474998229247114e-07,2.035389789879893e-19,5.227462456891021e-15
0.011230978397572805,0.05595639656,0.054,0.0,0.0,0.00010093586496749961,0.8258301620850526,0.07870361014806854,0.025758686604090777,1.4772853627716863e-06,0.013530873262482744,0.0,0.028684927431835237,3.2782380477420874e-08,3.031376854246573e-12,2.706112799216983e-08,1.296728265279497e-09,9.7480276100226e-10,5.446853775664803e-09,2.3192091035814935e-07,8.454408266349802e-07,0.0009488091021335025,2.0506699045389388e-10,1.6411486591043995e-07,2.0555902957236213e-19,5.227651460676095e-15
0.011295552513702064,0.05595639656,0.054,0.0,0.0,0.0001004934397791027,0.8257861123163992,0.07879125501251652,0.025787906466362816,1.4838329606280618e-06,0.013472443701548473,0.0,0.02868538973717949,3.2637816629954104e-08,3.0060141681384484e-12,2.6825746256820525e-08,1.2853052832095107e-09,9.711667914727016e-10,5.4289858213763875e-09,2.3089808461462637e-07,8.417257994119816e-07,0.0009487986585812587,2.0345835891533548e-10,1.635472575968113e-07,2.0738521775774413e-19,5.227819966640721e-15
0.011355133521059295,0.05595639656,0.054,0.0,0.0,0.00010008871816463416,0.8257458118149843,0.07887144003915755,0.02581463927930668,1.4898731274692822e-06,0.013418987335222414,0.0,0.02868581265624223,3.2505579030763504e-08,2.9829108128721565e-12,2.6611315332332206e-08,1.2749006280795837e-09,9.678404751730313e-10,5.412594894659611e-09,2.299624699269499e-07,8.383274290146873e-07,0.0009487890936279248,2.0199088590866029e-10,1.6302686661117438e-07,2.0907704006130416e-19,5.227974119053451e-15
0.011414714528416525,0.05595639656,0.054,0.0,0.0,9.968730686347602e-05,0.8257058365371015,0.07895097797269596,0.025841156340270274,1.495912205225333e-06,0.013365962360865362,0.0,0.02868623212710551,3.237442915510849e-08,2.9600887723249907e-12,2.639947981497905e-08,1.2646234049845846e-09,9.64541168230707e-10,5.396294909682445e-09,2.2903455090726138e-07,8.349569126268735e-07,0.00094877959602983,2.0053927383915493e-10,1.6250964233723803e-07,2.1077542828903495e-19,5.2281270168553975e-15
0.011474295535773756,0.05595639656,0.054,0.0,0.0,9.928916493498252e-05,0.8256661825116066,0.07902987671394295,0.02586746028350907,1.5019502047933067e-06,0.013313363511322167,0.0,0.028686648192396542,3.22443534776715e-08,2.9375433935936303e-12,2.619019758885319e-08,1.2544715225249602e-09,9.612685351543313e-10,5.380085253020118e-09,2.2811423186353288e-07,8.316139050797415e-07,0.0009487701649718102,1.9910329564658257e-10,1.6199555853300147e-07,2.1248038180716128e-19,5.228278675529444e-15
0.011533876543130987,0.05595639656,0.054,0.0,0.0,9.889425211670744e-05,0.8256268458323333,0.07910814403444155,0.02589355370017884,1.5079871368793402e-06,0.013261185605615487,0.0,0.028687060894037077,3.2115338698323113e-08,2.915270120734792e-12,2.59834273951302e-08,1.2444429323292435e-09,9.580222460422099e-10,5.3639653133039575e-09,2.272014186970613e-07,8.282980669327541e-07,0.0009487607996515582,1.976827282866262e-10,1.6148458918627764e-07,2.1419189997790343e-19,5.228429110302675e-15
0.011593457550488217,0.05595639656,0.054,0.0,0.0,9.85025288103068e-05,0.8255878226567583,0.0791857875791215,0.025919439139220887,1.5140230120034327e-06,0.01320942354717582,0.0,0.02868747027325803,3.1987371737435456e-08,2.893264492331053e-12,2.5779128811088403e-08,1.2345356279896684e-09,9.548019764654932e-10,5.347934481338932e-09,2.2629601886918857e-07,8.25009064354369e-07,0.0009487514992793702,1.9627735264704708e-10,1.6097670851396884e-07,2.159099821597424e-19,5.228578336151676e-15
0.011653038557845448,0.05595639656,0.054,0.0,0.0,9.811395606782242e-05,0.8255491092047019,0.07926281486888326,0.025945119108223492,1.5200578405040981e-06,0.013158072322118899,0.0,0.02868787637061375,3.186043973131255e-08,2.871522139129869e-12,2.557726222974463e-08,1.2247476440292943e-09,9.516074073544783e-10,5.331992150215575e-09,2.253979413689234e-07,8.217465690059967e-07,0.0009487422630778962,1.948869534659547e-10,1.6047189096129953e-07,2.1763462770767357e-19,5.2287263678076655e-15
0.011712619565202679,0.05595639656,0.054,0.0,0.0,9.772849557831092e-05,0.8255107017570631,0.07933923330311769,0.025970596074262126,1.5260916325428662e-06,0.013107126997565817,0.0,0.02868827922599591,3.173453002771073e-08,2.8500387817517648e-12,2.537778884007187e-08,1.2150770548989453e-09,9.484382248878034e-10,5.316137715415554e-09,2.2450709668138103e-07,8.18510257928884e-07,0.0009487330902819,1.9351131925202865e-10,1.5997011120097977e-07,2.193658359734479e-19,5.2288732197615734e-15
0.01177220057255991,0.05595639656,0.054,0.0,0.0,9.734610965478947e-05,0.82547259665458,0.07941505016216723,0.025995872464719873,1.5321243981086448e-06,0.013056582720002518,0.0,0.028688678878647077,3.160963018149705e-08,2.8288102284643456e-12,2.518067060776999e-08,1.205521974002484e-09,9.452941203842716e-10,5.300370574910528e-09,2.23623396756976e-07,8.152998134336853e-07,0.0009487239801380216,1.9215024220657357e-10,1.5947134413228165e-07,2.211036063058055e-19,5.229018906268914e-15
0.01183178157991714,0.05595639656,0.054,0.0,0.0,9.696676122149496e-05,0.8254347902966237,0.07949027260972778,0.02602095066808841,1.5381561470219415e-06,0.013006434713678188,0.0,0.028689075367173963,3.148572795040313e-08,2.8078323730201088e-12,2.4985870256573633e-08,1.1960805527496224e-09,9.421747901972885e-10,5.284690129254753e-09,2.2274675498135843e-07,8.121149229926874e-07,0.0009487149319045489,1.9080351814737358e-10,1.5897556488003996e-07,2.2284793805069827e-19,5.229163441354596e-15
0.01189136258727437,0.05595639656,0.054,0.0,0.0,9.659041380145917e-05,0.8253972791400203,0.07956490769519264,0.026045833034749343,1.54418688893896e-06,0.012956678279042996,0.0,0.02868946872956031,3.136281129086764e-08,2.7871011925568257e-12,2.4793351250087757e-08,1.1867509796357137e-09,9.390799356119443e-10,5.269095781672223e-09,2.218770861460979e-07,8.089552791347105e-07,0.0009487059448511899,1.8947094643435307e-10,1.584827487935974e-07,2.245988305515053e-19,5.2293068388176e-15
0.011950943594631601,0.05595639656,0.054,0.0,0.0,9.621703150439281e-05,0.8253600596979015,0.07963896235593819,0.026070521877736386,1.5502166333555625e-06,0.012907308791224193,0.0,0.028689859003179524,3.124086835400706e-08,2.7666127455585216e-12,2.4603077774134668e-08,1.177531479347726e-09,9.360092627446562e-10,5.253586938138589e-09,2.2101430642010078e-07,8.058205793426299e-07,0.0009486970182588548,1.8815232989700152e-10,1.5799287144569872e-07,2.2635628314923864e-19,5.2294491122355355e-15
0.012010524601988832,0.05595639656,0.054,0.0,0.0,9.584657901486461e-05,0.8253231285385831,0.07971244341955461,0.026095019473479062,1.5562453896111074e-06,0.012858321698538918,0.0,0.028690246224806922,3.111988748167806e-08,2.746363169874742e-12,2.4415014719593226e-08,1.1684203118953813e-09,9.329624824452647e-10,5.238163007457925e-09,2.201583333217251e-07,8.027105259533896e-07,0.0009486881514194395,1.8684747476349717e-10,1.575059086313322e-07,2.281202951827394e-19,5.229590274969087e-15
0.012070105609346063,0.05595639656,0.054,0.0,0.0,9.547902158076414e-05,0.8252864822844708,0.07978535760602393,0.026119328062528917,1.5622731668921757e-06,0.012809712521042254,0.0,0.02869063043063175,3.0999857202616273e-08,2.726348680795946e-12,2.422912766571236e-08,1.1594157717665555e-09,9.299393102015081e-10,5.2228234013345325e-09,2.1930908569156964e-07,7.996248260604262e-07,0.0009486793436356167,1.855561905914713e-10,1.570218363665199e-07,2.298908659888682e-19,5.2297303401663635e-15
0.012129686616703293,0.05595639656,0.054,0.0,0.0,9.511432500204117e-05,0.82525011761099,0.07985771152984629,0.026143449850268376,1.568299974236176e-06,0.012761476849109776,0.0,0.028691011656268913,3.088076622869364e-08,2.706565569183352e-12,2.404538286388489e-08,1.1505161871062177e-09,9.269394660457861e-10,5.207567534439957e-09,2.1846648366591657e-07,7.965631914184329e-07,0.0009486705942206313,1.8427829020037617e-10,1.5654063088705886e-07,2.316679949026857e-19,5.22986932076714e-15
0.012189267624060524,0.05595639656,0.054,0.0,0.0,9.47524556197162e-05,0.825214031245544,0.07992951170211547,0.0261673870076028,1.574325820534843e-06,0.012713610342053806,0.0,0.0286913899367703,3.0762603451262194e-08,2.6870101996515853e-12,2.3863747221868544e-08,1.1417199189182084e-09,9.239626744641812e-10,5.192394824475543e-09,2.1763044865081788e-07,7.935253383504193e-07,0.0009486619024980982,1.830135896054281e-10,1.5606226864722188e-07,2.3345168125762675e-19,5.23000722950697e-15
0.012248848631417755,0.05595639656,0.054,0.0,0.0,9.439338030515511e-05,0.8251782199664947,0.08000076453254534,0.026191141671636105,1.5803507145376314e-06,0.01266610872677256,0.0,0.02869176530663607,3.0645357937560704e-08,2.667679008802471e-12,2.3684188288440225e-08,1.133025360289166e-09,9.210086643076912e-10,5.177304692230762e-09,2.1680090329680614e-07,7.90510987657009e-07,0.0009486532678018072,1.8176190795307856e-10,1.5558672631841892e-07,2.3524192438566696e-19,5.230144078921266e-15
0.012308429638774985,0.05595639656,0.054,0.0,0.0,9.403706644959886e-05,0.825142680602168,0.08007147633144836,0.026214715946330423,1.5863746648550033e-06,0.012618967796431055,0.0,0.02869213779982541,3.052901892723575e-08,2.648568503508212e-12,2.350667423846897e-08,1.124430935633825e-09,9.180771687055708e-10,5.162296561637418e-09,2.1597777147421054e-07,7.875198645278985e-07,0.0009486446894755334,1.8052306745798096e-10,1.55113980787823e-07,2.370387236174829e-19,5.230279881349197e-15
0.012368010646132216,0.05595639656,0.054,0.0,0.0,9.368348195394135e-05,0.8251074100298821,0.08014165331166785,0.026238111903150375,1.592397679961623e-06,0.012572183409172958,0.0,0.02869250744976726,3.041357582895062e-08,2.629675259242402e-12,2.333117385839473e-08,1.115935099961042e-09,9.151679249807333e-10,5.147369859819977e-09,2.1516097824905967e-07,7.845516984554151e-07,0.0009486361668728471,1.7929689334139856e-10,1.5464400915696156e-07,2.388420782826054e-19,5.230414648937572e-15
0.012427591653489447,0.05595639656,0.054,0.0,0.0,9.333259521874816e-05,0.8250724051749996,0.08021130159046543,0.026261331581692273,1.5984197681994514e-06,0.012525751486862427,0.0,0.028692874289370618,3.029901821703289e-08,2.61099591845727e-12,2.3157656532099914e-08,1.1075363381598643e-09,9.122806745671833e-10,5.132524017142117e-09,2.1435044985955503e-07,7.816062231501175e-07,0.0009486276993569325,1.7808321377103152e-10,1.5417678874027648e-07,2.406519877095663e-19,5.230548393644574e-15
0.012487172660846677,0.05595639656,0.054,0.0,0.0,9.298437513451056e-05,0.8250376630100007,0.08028042719136408,0.026284376990298685,1.6044409377807518e-06,0.012479668013855326,0.0,0.028693238351034715,3.0185335828233123e-08,2.5925271890058383e-12,2.298609222716245e-08,1.0992331643050685e-09,9.094151629293801e-10,5.117758467249757e-09,2.1354611369310171e-07,7.786831764583874e-07,0.0009486192863004095,1.7688185980221796e-10,1.5371229706365602e-07,2.4246845122603926e-19,5.230681127243448e-15
0.012546753668203908,0.05595639656,0.054,0.0,0.0,9.263879107212786e-05,0.8250031805535775,0.0803490360459486,0.026307250106658752,1.6104611967910076e-06,0.01243392903579889,0.0,0.02869359966665888,3.0072518558587874e-08,2.5742658426075e-12,2.281645148147819e-08,1.09102412098154e-09,9.065711394834952e-10,5.103072647110664e-09,2.127478982638794e-07,7.757823002819545e-07,0.0009486109270851576,1.756926653204815e-10,1.5325051186294113e-07,2.44291468158975e-19,5.230812861326069e-15
0.012606334675561139,0.05595639656,0.054,0.0,0.0,9.229581287361226e-05,0.8249689548697505,0.08041713399562475,0.026329952878394625,1.6164805531917545e-06,0.012388530658459103,0.0,0.028693958267652246,2.996055646028612e-08,2.5562087133556555e-12,2.2648705390241375e-08,1.0829077786269095e-09,9.037483575205583e-10,5.088465997050883e-09,2.1195573319093974e-07,7.729033404993065e-07,0.0009486026211021455,1.745154669853868e-10,1.5279141108240833e-07,2.461210378347309e-19,5.23094360730646e-15
0.01266591568291837,0.05595639656,0.054,0.0,0.0,9.195541084300905e-05,0.8249349830670051,0.08048472679333767,0.02635248722363445,1.6224990148233278e-06,0.012343469046575026,0.0,0.02869431418494314,2.9849439738631056e-08,2.5383526962660683e-12,2.24828255932719e-08,1.0748827348918672e-09,9.009465741313621e-10,5.0739379607879925e-09,2.1116954917681446e-07,7.700460468889225e-07,0.0009485943677512647,1.733501041756689e-10,1.5233497287323e-07,2.4795715957919425e-19,5.2310733764241994e-15
0.0127254966902756,0.05595639656,0.054,0.0,0.0,9.16175557375274e-05,0.824901262297446,0.08055182010525101,0.02637485503157223,1.6285165894075345e-06,0.01229874042273938,0.0,0.028694667448988333,2.9739158749157106e-08,2.520694745864726e-12,2.2318784262679224e-08,1.0669476140176415e-09,8.981655501330994e-10,5.059487985461464e-09,2.1038927798662032e-07,7.672101730542876e-07,0.0009485861664411647,1.7219641893560677e-10,1.5188117559191627e-07,2.4979983271790137e-19,5.231202179747758e-15
0.01278507769763283,0.05595639656,0.054,0.0,0.0,9.128221875887558e-05,0.8248677897559739,0.08061841951238782,0.02639705816301488,1.634533284550248e-06,0.012254341066304646,0.0,0.02869501808978204,2.962970399470502e-08,2.5032318748139012e-12,2.2156554090852477e-08,1.0591010662300944e-09,8.954050499977581e-10,5.0451155216601895e-09,2.0961485242764913e-07,7.643954763506417e-07,0.0009485780165890946,1.7105425592260668e-10,1.5142999779873882e-07,2.5164905657615197e-19,5.231330028177779e-15
0.012844658704990061,0.05595639656,0.054,0.0,0.0,9.094937154479563e-05,0.8248345626794791,0.08068453051223426,0.026419098450916924,1.6405491077439265e-06,0.01221026731231402,0.0,0.02869536613686473,2.9521066122528293e-08,2.4859611525753084e-12,2.1996108278767005e-08,1.0513417671499265e-09,8.926648417821477e-10,5.030820023447366e-09,2.0884620632942813e-07,7.616017178134123e-07,0.0009485699176207451,1.699234623559731e-10,1.5098141825613996e-07,2.5350483047911725e-19,5.2314569324502546e-15
0.012904239712347292,0.05595639656,0.054,0.0,0.0,9.06189861607909e-05,0.8248015783460529,0.0807501585203066,0.02644097770090297,1.6465640663700618e-06,0.012166515550456588,0.0,0.028695711619331724,2.9413235921669327e-08,2.4688797041091866e-12,2.1837420524597816e-08,1.0436684172185183e-09,8.899446970594662e-10,5.016600948382749e-09,2.0808327452423919e-07,7.588286620882882e-07,0.0009485618689700977,1.688038879668214e-10,1.5053541592712652e-07,2.553671537519451e-19,5.231582903139641e-15
0.012963820719704523,0.05595639656,0.054,0.0,0.0,9.029103509204271e-05,0.8247688340742185,0.0808153088716834,0.02646269769177854,1.652578167701559e-06,0.012123082224046051,0.0,0.028696054565841584,2.930620432028113e-08,2.4519847086081674e-12,2.1680465012630597e-08,1.036079741138928e-09,8.872443908525311e-10,5.002457757542525e-09,2.07325992828082e-07,7.560760773628825e-07,0.0009485538700792732,1.6769538494912334e-10,1.5009196997365202e-07,2.5723602571985934e-19,5.231707950661914e-15
0.013023401727061753,0.05595639656,0.054,0.0,0.0,8.996549123551068e-05,0.8247363272221774,0.08087998682250296,0.026484260176029367,1.6585914189050497e-06,0.012079963829022359,0.0,0.028696395004624353,2.9199962382771345e-08,2.435273398264873e-12,2.1525216402461622e-08,1.0285744873315702e-09,8.845637015685561e-10,4.988389915536875e-09,2.065742980220743e-07,7.533437352999614e-07,0.0009485459203983863,1.665978079118394e-10,1.4965105975498982e-07,2.5911144570825597e-19,5.231832085277536e-15
0.013082982734418984,0.05595639656,0.054,0.0,0.0,8.964232789221115e-05,0.8247040551870745,0.08094419755142734,0.026505666880309444,1.664603827043141e-06,0.012037156912975723,0.0,0.02869673296348956,2.9094501307401597e-08,2.41874305707232e-12,2.1371649818477698e-08,1.0211514274041444e-09,8.819024109352374e-10,4.974396890525256e-09,2.0582812783427247e-07,7.506314109721766e-07,0.0009485380193854028,1.6551101383212324e-10,1.4921266482609413e-07,2.609934130427943e-19,5.231955317094364e-15
0.013142563741776215,0.05595639656,0.054,0.0,0.0,8.932151875966933e-05,0.824672015404277,0.08100794616107374,0.026526919505918366,1.6706153990766016e-06,0.011994658074192352,0.0,0.02869706846983409,2.898981242402925e-08,2.4023910196559993e-12,2.1219740839608105e-08,1.0138093556354318e-09,8.792603039384031e-10,4.960478154229598e-09,2.0508742092190158e-07,7.479388827982632e-07,0.0009485301665059978,1.6443486200956567e-10,1.4877676493595492e-07,2.6288192704948554e-19,5.232077656070503e-15
0.013202144749133445,0.05595639656,0.054,0.0,0.0,8.900303792454203e-05,0.824640205346673,0.08107123767941424,0.02654801972926793,1.6766261418664868e-06,0.01195246396072138,0.0,0.028697401550649836,2.888588719114989e-08,2.3862146701366377e-12,2.106946548934034e-08,1.006547088472473e-09,8.766371687612505e-10,4.946633181945553e-09,2.0435211685399164e-07,7.452659324806926e-07,0.0009485223612334211,1.6336921402145024e-10,1.4834334002594735e-07,2.647769870547749e-19,5.232199112017079e-15
0.013261725756490676,0.05595639656,0.054,0.0,0.0,8.86868598554047e-05,0.8246086225239816,0.08113407706114424,0.02656896920233843,1.6826360621762097e-06,0.011910571269462449,0.0,0.028697732232531217,2.878271719344922e-08,2.370211441022963e-12,2.092080022599186e-08,9.993634640407325e-10,8.740327967246014e-10,4.932861452551776e-09,2.0362215609439894e-07,7.426123449447044e-07,0.0009485146030483609,1.623139336790056e-10,1.479123702281751e-07,2.66678592385624e-19,5.232319694600961e-15
0.013321306763847907,0.05595639656,0.054,0.0,0.0,8.837295939569768e-05,0.8245772644820807,0.08119646918902124,0.026589769553125028,1.6886451666735508e-06,0.011868976745273385,0.0,0.02869806054168249,2.8680294140407448e-08,2.354378812133431e-12,2.077372193323053e-08,9.92257341666974e-10,8.714469822284884e-10,4.919162448517317e-09,2.0289747998520637e-07,7.399779082786947e-07,0.0009485068914388134,1.6126888698461743e-10,1.4748383586380802e-07,2.6858674236958576e-19,5.232439413347411e-15
0.013380887771205137,0.05595639656,0.054,0.0,0.0,8.806131175683057e-05,0.8245461288023492,0.08125841887517368,0.026610422386074115,1.6946534619326173e-06,0.011827677180097433,0.0,0.02869838650392494,2.8578609863354056e-08,2.3387143095457563e-12,2.0628207910836327e-08,9.85227601414391e-10,8.688795226956284e-10,4.905535655907371e-09,2.0217803073049633e-07,7.373624136759373e-07,0.0009484992258999533,1.602339420899795e-10,1.4705771744141835e-07,2.70501436334879e-19,5.232558277642685e-15
0.013440468778562368,0.05595639656,0.054,0.0,0.0,8.775189251144082e-05,0.824515213101024,0.0813199308623817,0.02663092928251034,1.7006609544357473e-06,0.011786669412109655,0.0,0.0286987101447039,2.847765631195055e-08,2.323215504573872e-12,2.048423586569717e-08,9.782731436294995e-10,8.663302185156943e-10,4.891980564387504e-09,2.014637513804873e-07,7.347656553776131e-07,0.0009484916059340106,1.5920896925517563e-10,1.466339956553205e-07,2.7242267361045805e-19,5.232676296736599e-15
0.013500049785919599,0.05595639656,0.054,0.0,0.0,8.744467758679598e-05,0.824484515028568,0.0813810098253295,0.026651291801054165,1.7066676505753641e-06,0.011745950324881826,0.0,0.028699031489095583,2.8377425554195393e-08,2.3078800127716816e-12,2.0341783903032348e-08,9.713928885006896e-10,8.637988729901637e-10,4.8784966672259786e-09,2.007545858160118e-07,7.321874306170539e-07,0.0009484840310501446,1.581938408086391e-10,1.4621265138389973e-07,2.743504535260793e-19,5.232793479744971e-15
0.01355963079327683,0.05595639656,0.054,0.0,0.0,8.71396432583408e-05,0.824454032269057,0.08144166037183094,0.026671511478030492,1.7126735566557838e-06,0.011705516846565534,0.0,0.0286993505618138,2.8277909775086972e-08,2.292705492961861e-12,2.0200830517837343e-08,9.645857756281773e-10,8.612852922797106e-10,4.865083461294621e-09,2.0005047873333578e-07,7.29627539565213e-07,0.0009484765007643235,1.571884311080008e-10,1.457936656879413e-07,2.7628477541236636e-19,5.232909835652081e-15
0.01361921180063406,0.05595639656,0.054,0.0,0.0,8.683676614339443e-05,0.8244237625395751,0.08150188704402829,0.02669158982786835,1.7186786788949696e-06,0.011665365949092928,0.0,0.028699667387216535,2.817910126966058e-08,2.2776896462894107e-12,2.0061354586542424e-08,9.578507636045066e-10,8.587892853528912e-10,4.851740447068856e-09,1.9935137562933106e-07,7.270857852774042e-07,0.000948469014599208,1.5619261650178367e-10,1.453770198089792e-07,2.782256386008707e-19,5.233025373313044e-15
0.01367879280799129,0.05595639656,0.054,0.0,0.0,8.653602319497806e-05,0.8243937035896257,0.08156169431956539,0.02671152834349202,1.7246830234262447e-06,0.011625494647394657,0.0,0.028699981989312354,2.808099244285751e-08,2.2628302153005933e-12,1.992333535887943e-08,9.51186829605518e-10,8.56310663933445e-10,4.838467128625941e-09,1.9865722278695776e-07,7.24561973641147e-07,0.0009484615720840372,1.5520627529193016e-10,1.4496269516763262e-07,2.8017304242412886e-19,5.233140101456143e-15
0.013738373815348521,0.05595639656,0.054,0.0,0.0,8.623739169576311e-05,0.8243638532005548,0.08162108661273554,0.026731328496703777,1.7306865962999594e-06,0.011585899998634627,0.0,0.02870029439176667,2.798357581584623e-08,2.2481249830446763e-12,1.9786752449952852e-08,9.445929689923155e-10,8.538492424503883e-10,4.8252630136410194e-09,1.979679672610322e-07,7.220559133250306e-07,0.0009484541727545081,1.5422928769713547e-10,1.4455067336191922e-07,2.821269862157196e-19,5.233254028685083e-15
0.013797954822705752,0.05595639656,0.054,0.0,0.0,8.594084925217329e-05,0.8243342091849855,0.0816800682756048,0.0267509917385584,1.7366894034851163e-06,0.011546579101461117,0.0,0.028700604617907934,2.7886844014371995e-08,2.233571772196755e-12,1.9651585832506583e-08,9.38068194922919e-10,8.514048379926045e-10,4.812127613383541e-09,1.9728355686435597e-07,7.195674157288809e-07,0.0009484468161526701,1.5326153581698048e-10,1.4414093616561784e-07,2.840874693103176e-19,5.2333671634812524e-15
0.013857535830062983,0.05595639656,0.054,0.0,0.0,8.56463737886242e-05,0.8243047693862663,0.08173864359911144,0.026770519499729747,1.7426914508709508e-06,0.011507529095273847,0.0,0.028700912690733594,2.7790789756504305e-08,2.2191684442051333e-12,1.9517815829378905e-08,9.31611537972367e-10,8.489772702588473e-10,4.799060442713198e-09,1.966039401541689e-07,7.170962949350866e-07,0.0009484395018268239,1.5230290359684194e-10,1.437334655266558e-07,2.860544910437431e-19,5.2334795142058735e-15
0.013917116837420213,0.05595639656,0.054,0.0,0.0,8.535394354183312e-05,0.8242755316779297,0.081796816814142,0.026789913190869513,1.7486927442684667e-06,0.01146874715950662,0.0,0.028701218632915984,2.769540587769504e-08,2.2049128984616595e-12,1.9385423106147407e-08,9.252220457636334e-10,8.465663615063792e-10,4.786061020071173e-09,1.9592906641877296e-07,7.14642367660528e-07,0.0009484322293314039,1.5135327679353737e-10,1.4332824356539476e-07,2.8802805075300683e-19,5.233591089102133e-15
0.013976697844777444,0.05595639656,0.054,0.0,0.0,8.506353705526232e-05,0.8242464939631626,0.08185459209258454,0.026809174202958422,1.7546932894119498e-06,0.011430230512925098,0.0,0.028701522466808148,2.7600685332612073e-08,2.190803071487226e-12,1.9254388663957208e-08,9.188987826092646e-10,8.44171936513077e-10,4.7731288674711635e-09,1.952588856644691e-07,7.122054532096318e-07,0.00094842499822686,1.5041254294170347e-10,1.4292525257294672e-07,2.900081477763631e-19,5.23370189629731e-15
0.014036278852134675,0.05595639656,0.054,0.0,0.0,8.477513317378598e-05,0.8242176541742883,0.0819119735483598,0.02682830390765002,1.7606930919604339e-06,0.01139197641293948,0.0,0.028701824214449403,2.7506621134227525e-08,2.1768369361388017e-12,1.91246938325144e-08,9.126408291580794e-10,8.417938225364491e-10,4.760263510496592e-09,1.9459334860301445e-07,7.09785373429307e-07,0.0009484178080795926,1.4948059132094623e-10,1.4252447500970537e-07,2.919947814533536e-19,5.233811943804773e-15
0.014095859859491905,0.05595639656,0.054,0.0,0.0,8.448871103837805e-05,0.8241890102722592,0.08196896523843059,0.0268473036576072,1.7666921574991014e-06,0.01135398215493148,0.0,0.028702123897570805,2.7413206382026277e-08,2.1630125008461516e-12,1.8996320263250623e-08,9.064472820496303e-10,8.394318492521539e-10,4.747464478290487e-09,1.939324066391367e-07,7.073819526640711e-07,0.0009484106584618575,1.4855731292364406e-10,1.4212589350369759e-07,2.939879511248356e-19,5.233921239525985e-15
0.014155440866849136,0.05595639656,0.054,0.0,0.0,8.420425008074381e-05,0.8241605602461596,0.08202557116379021,0.026866174786831763,1.7726904915406943e-06,0.011316245071595447,0.0,0.02870242153760072,2.7320434368462904e-08,2.149327808858514e-12,1.8869249922674437e-08,9.003172535855379e-10,8.370858487157955e-10,4.7347313035331765e-09,1.9327601185792744e-07,7.049950177107117e-07,0.0009484035489515844,1.476426004233697e-10,1.4172949084861035e-07,2.959876561330299e-19,5.234029791252489e-15
0.014215021874206367,0.05595639656,0.054,0.0,0.0,8.392173001836692e-05,0.8241323021127194,0.08208179527042994,0.026884918610987022,1.778688099526908e-06,0.011278762532293318,0.0,0.028702717155670087,2.7228298445670527e-08,2.1357809374964596e-12,1.8743465085869812e-08,8.942498714057817e-10,8.347556553533598e-10,4.72206352243977e-09,1.9262411701319317e-07,7.02624397776435e-07,0.0009483964791323236,1.4673634814410625e-10,1.413352500024283e-07,2.9799389582158327e-19,5.234137606667855e-15
0.014274602881563597,0.05595639656,0.054,0.0,0.0,8.364113084984778e-05,0.8241042339158386,0.08213764145028692,0.026903536427713787,1.7846849868296584e-06,0.011241531942422889,0.0,0.02870301077261723,2.7136791866419582e-08,2.122369997448538e-12,1.8618948330114633e-08,8.882442781567838e-10,8.324411058901114e-10,4.709460674769323e-09,1.919766755164808e-07,7.002699244394623e-07,0.0009483894485933068,1.4583845203018963e-10,1.4094315408644588e-07,3.0000666953557057e-19,5.234244693349396e-15
0.014334183888920828,0.05595639656,0.054,0.0,0.0,8.336243284956472e-05,0.8240763537261194,0.08219311354217208,0.02692202951693974,1.7906811587523168e-06,0.011204550742798957,0.0,0.02870330240899327,2.7045908166466475e-08,2.1090931320949156e-12,1.849568252870414e-08,8.822996311833485e-10,8.301420392640265e-10,4.696922303780479e-09,1.9133364142456222e-07,6.97931431603971e-07,0.000948382456929173,1.4494880961656702e-10,1.4055318638274424e-07,3.020259766214926e-19,5.234351058770139e-15
0.014393764896278059,0.05595639656,0.054,0.0,0.0,8.308561656247041e-05,0.8240486596404099,0.0822482153326786,0.02694039914118248,1.796676620531133e-06,0.01116781640904757,0.0,0.028703592085067547,2.695564129100776e-08,2.09594851678892e-12,1.837365084497197e-08,8.764151022539229e-10,8.278582966764853e-10,4.684447956188797e-09,1.9069496942723603e-07,6.956087554561784e-07,0.0009483755037396307,1.440673199996872e-10,1.4016533033174182e-07,3.040518164274085e-19,5.234456710300807e-15
0.01445334590363529,0.05595639656,0.054,0.0,0.0,8.281066280072393e-05,0.8240211497813575,0.08230295055707251,0.026958646545846253,1.8026713773364971e-06,0.011131326451012965,0.0,0.028703879820831644,2.6865984656882877e-08,2.0829343581726026e-12,1.8252836726311425e-08,8.705898772436892e-10,8.25589721594637e-10,4.672037182240588e-09,1.9006061483933204e-07,6.933017344357846e-07,0.0009483685886299265,1.431938838097194e-10,1.3977956953318566e-07,3.0608418830298916e-19,5.234561655211251e-15
0.01451292691099252,0.05595639656,0.054,0.0,0.0,8.253755263938983e-05,0.8239938222969697,0.082357322900165,0.026976772959512747,1.8086654342737425e-06,0.011095078412175798,0.0,0.028704165636003278,2.6776931382081246e-08,2.07004889361721e-12,1.8133223898307653e-08,8.648231557945062e-10,8.233361595036978e-10,4.659689535716461e-09,1.894305335905907e-07,6.910102091996223e-07,0.0009483617112110101,1.4232840318292234e-10,1.393958877451218e-07,3.0812309159930345e-19,5.2346659006718676e-15
0.01457250791834975,0.05595639656,0.054,0.0,0.0,8.226626740881817e-05,0.8239666753601849,0.08241133599716556,0.026994779594225818,1.8146587963844543e-06,0.011059069869083156,0.0,0.028704449550033647,2.6688476299239022e-08,2.0572903905798146e-12,1.8014796359345718e-08,8.591141511076373e-10,8.210974579061476e-10,4.647404573704016e-09,1.8880468220796148e-07,6.887340225575605e-07,0.0009483548710980377,1.4147078173322115e-10,1.39014268876128e-07,3.101685256689239e-19,5.2347694537562856e-15
0.014632088925706981,0.05595639656,0.054,0.0,0.0,8.199678869128126e-05,0.823939707168452,0.08246499343451796,0.027012667645770462,1.8206514686484737e-06,0.01102329843079221,0.0,0.02870473158211236,2.660061434645115e-08,2.0446571458108947e-12,1.789753837523553e-08,8.534620897460305e-10,8.188734667042844e-10,4.635181856651399e-09,1.8818301780764062e-07,6.864730194440167e-07,0.0009483480679104382,1.4062092452605103e-10,1.3863469698577867e-07,3.122204898664886e-19,5.2348723214431344e-15
0.014691669933064212,0.05595639656,0.054,0.0,0.0,8.172909832348231e-05,0.8239129159433181,0.08251829875072325,0.027030438293946163,1.8266434559842241e-06,0.010987761738324204,0.0,0.02870501175116556,2.651333672309273e-08,2.032147484873136e-12,1.7781434473250706e-08,8.478662111570932e-10,8.166640378598329e-10,4.623020948810235e-09,1.8756549810053347e-07,6.842270469385713e-07,0.0009483413012750678,1.3977873805505276e-10,1.3825715629655436e-07,3.1427898354825034e-19,5.234974510615351e-15
0.014751250940421443,0.05595639656,0.054,0.0,0.0,8.146317838650482e-05,0.8238862999300253,0.08257125543714275,0.027048092702834713,1.8326347632481413e-06,0.010952457464125296,0.0,0.02870529007586256,2.6426636614174874e-08,2.019759761849249e-12,1.7666469436929377e-08,8.423257673363588e-10,8.144690246370192e-10,4.6109214178238245e-09,1.8695208136901702e-07,6.819959541815725e-07,0.0009483345708241456,1.3894413021419615e-10,1.3788163118078624e-07,3.1634400607105913e-19,5.235076028062607e-15
0.014804873847042951,0.05595639656,0.054,0.0,0.0,8.122534953322094e-05,0.8238624938926591,0.0826186212246933,0.027063883235899346,1.8380263622913301e-06,0.01092088043615142,0.0,0.02870553900640442,2.6349102096985917e-08,2.0087137298146875e-12,1.7563962261797726e-08,8.373861567360209e-10,8.125057188646081e-10,4.6000839616995004e-09,1.8640348030065932e-07,6.800005697326173e-07,0.0009483285440502406,1.3819938786776772e-10,1.3754536907114205e-07,3.182081079712438e-19,5.235166824982586e-15
0.014846944392694269,0.05595639656,0.054,0.0,0.0,8.103974342909035e-05,0.8238439141177846,0.0826555885453135,0.027076207179627974,1.842256030467817e-06,0.010896235683310999,0.0,0.028705733281332222,2.6288593183199115e-08,2.0001148931114572e-12,1.748416924432442e-08,8.335413953685069e-10,8.109734072179776e-10,4.591615652971683e-09,1.8597535217233542e-07,6.784433483510379e-07,0.0009483238358054951,1.3761929414879757e-10,1.372826771333305e-07,3.1967431470867205e-19,5.235237686923096e-15
0.014889014938345586,0.05595639656,0.054,0.0,0.0,8.08549973034298e-05,0.8238254194747427,0.08269238647364638,0.027088474644998573,1.8464853657461672e-06,0.01087170385789565,0.0,0.028705926660378075,2.6228364111163805e-08,1.991574777488311e-12,1.7404924855785886e-08,8.2972332967727e-10,8.094480975527413e-10,4.583177391661325e-09,1.8554921680906682e-07,6.768933544167015e-07,0.0009483191451320043,1.3704286251314414e-10,1.3702097016151745e-07,3.211437758084041e-19,5.235308222566194e-15
0.014931085483996904,0.05595639656,0.054,0.0,0.0,8.067110512766698e-05,0.823807009373571,0.08272901618351648,0.027100686023385813,1.8507143697661242e-06,0.010847284177359064,0.0,0.028706119149820845,2.6168417705854194e-08,1.9830928364466386e-12,1.7326224038309915e-08,8.259317111444137e-10,8.079297402931271e-10,4.574769029177683e-09,1.851250601787075e-07,6.753505371792149e-07,0.0009483144719030959,1.3647006217124946e-10,1.3676024281884842e-07,3.2261649104633956e-19,5.235378434195536e-15
0.014973156029648221,0.05595639656,0.054,0.0,0.0,8.048806094290138e-05,0.8237886832297832,0.08276547883785194,0.027112841702530265,1.8549430441530653e-06,0.010822975866425803,0.0,0.028706310755871864,2.610874673531979e-08,1.9746685299167875e-12,1.7248061797418746e-08,8.221662961662878e-10,8.064182882757837e-10,4.566390418611123e-09,1.8470286841180869e-07,6.738148464763529e-07,0.0009483098159985184,1.3590086267169344e-10,1.3650048982925368e-07,3.24092460199295e-19,5.2354483240702365e-15
0.015004094252781125,0.05595639656,0.054,0.0,0.0,8.035398988916096e-05,0.8237752596178566,0.08279218715226114,0.027121745539510026,1.858052556050393e-06,0.010805170415146056,0.0,0.028706451100784198,2.6065041041052e-08,1.9685098512289743e-12,1.7190922913078826e-08,8.194138280108368e-10,8.053111600589581e-10,4.560247778381527e-09,1.843936389180991e-07,6.726900345993268e-07,0.0009483064030796079,1.3548455964414003e-10,1.3631008896488232e-07,3.251799480821482e-19,5.235499516321206e-15
0.015035032475914029,0.05595639656,0.054,0.0,0.0,8.022037189498082e-05,0.8237618808681355,0.08281880620132845,0.027130619613861425,1.8611618911912825e-06,0.010787424473691626,0.0,0.028706590973723717,2.6021484467714875e-08,1.9623818421935502e-12,1.7134070669324752e-08,8.166753035155827e-10,8.042077205469862e-10,4.554121090471629e-09,1.8408545914256014e-07,6.715690301663231e-07,0.0009483029994141442,1.3507017574639085e-10,1.361202101033921e-07,3.262691954635683e-19,5.235550536664249e-15
0.015065970699046933,0.05595639656,0.054,0.0,0.0,8.008720464576256e-05,0.8237485467537289,0.08284533643649039,0.027139464076101544,1.8642710502083808e-06,0.010769737741107906,0.0,0.028706730377102665,2.597807546901972e-08,1.9562842942016556e-12,1.7077503135484316e-08,8.139506273292815e-10,8.031079508604788e-10,4.548010297182918e-09,1.837783236983284e-07,6.704518136930465e-07,0.0009482996049545517,1.3465769918832e-10,1.3593085117940832e-07,3.2736020225512036e-19,5.235601385976749e-15
0.015100280058945315,0.05595639656,0.054,0.0,0.0,7.994005133489788e-05,0.8237338116303595,0.08287465418456928,0.02714923781508585,1.8677187888485744e-06,0.010750192676015489,0.0,0.028706884424168102,2.593010818496971e-08,1.9495577064772777e-12,1.7015102423041983e-08,8.109451412224255e-10,8.018926151055336e-10,4.541252167706624e-09,1.834389364416562e-07,6.692172675296843e-07,0.0009482958513302685,1.3420249397786945e-10,1.3572146455903374e-07,3.285721462693232e-19,5.2356575770638416e-15
0.015134589418843696,0.05595639656,0.054,0.0,0.0,7.979344640893006e-05,0.8237191308172547,0.08290386386777768,0.027158975523350764,1.8711663125164717e-06,0.010730719653685094,0.0,0.02870703789995869,2.5882320483628062e-08,1.942868046658953e-12,1.695304690980823e-08,8.079564435986397e-10,8.006817440618777e-10,4.534513436598183e-09,1.8310081967711882e-07,6.67987329786976e-07,0.000948292108904404,1.33749604200722e-10,1.3551271203761627e-07,3.2978625377722566e-19,5.235713560069317e-15
0.015168898778742078,0.05595639656,0.054,0.0,0.0,7.964738677794515e-05,0.8237045040115575,0.08293296608870011,0.027168677401808894,1.8746136220579623e-06,0.010711318272397108,0.0,0.028707190807694124,2.583471131860226e-08,1.9362150382015998e-12,1.6891334034193472e-08,8.049844086498062e-10,7.994753125118828e-10,4.527794026118018e-09,1.827639662142008e-07,6.667619744551506e-07,0.0009482883776130291,1.3329901416370655e-10,1.3530459083985826e-07,3.310025246587062e-19,5.235769336164284e-15
0.01520320813864046,0.05595639656,0.054,0.0,0.0,7.950186937519425e-05,0.8236899309126743,0.08296196144541543,0.027178343649870644,1.8780607183132672e-06,0.01069198813343557,0.0,0.028707343150569994,2.5787279720558654e-08,1.9295984071985793e-12,1.6829961258649306e-08,8.02028911834029e-10,7.982732954436364e-10,4.521093858872759e-09,1.8242836891652306e-07,6.655411757197175e-07,0.000948284657392598,1.3285070830585454e-10,1.3509709820527544e-07,3.322209587938611e-19,5.235824906511093e-15
0.015271826858437223,0.05595639656,0.054,0.0,0.0,7.921244910318594e-05,0.8236609446441752,0.08301963393626627,0.027197570045020065,1.8849542742978594e-06,0.010653540002477247,0.0,0.02870764615440485,2.5692945165992828e-08,1.916473194810897e-12,1.6708225975150028e-08,7.961670402089328e-10,7.958824056698304e-10,4.507750946317188e-09,1.8176091454195155e-07,6.631131457562441e-07,0.0009482772499128743,1.31960887538833e-10,1.3468398765967121e-07,3.346643163465555e-19,5.235935434565862e-15
0.01533358370625431,0.05595639656,0.054,0.0,0.0,7.895379498405211e-05,0.8236350377099008,0.0830711796116117,0.027214753914923426,1.891157753559357e-06,0.01061917639395848,0.0,0.02870791695760464,2.5608641316745634e-08,1.904782219194015e-12,1.6599802384293527e-08,7.909466903417646e-10,7.937454553561643e-10,4.49580736777649e-09,1.811644311978391e-07,6.609432473464046e-07,0.0009482706204159442,1.3116770730016404e-10,1.3431431046966797e-07,3.3687073527285696e-19,5.236034217639174e-15
0.015395340554071397,0.05595639656,0.054,0.0,0.0,7.869685103491014e-05,0.8236093002121619,0.08312238814675076,0.02723182537639027,1.8973605545854138e-06,0.010585037544077804,0.0,0.028708185979269645,2.552489743669145e-08,1.893204963131023e-12,1.64924423157026e-08,7.857780395411247e-10,7.91622427550166e-10,4.483924949937861e-09,1.8057190928515255e-07,6.58787719648434e-07,0.000948264025821937,1.303816917156718e-10,1.3394662757786782e-07,3.3908416128564854e-19,5.2361323517702896e-15
0.015457097401888484,0.05595639656,0.054,0.0,0.0,7.844160018649008e-05,0.8235837304770341,0.08317326287223809,0.027248785539888475,1.9035626820766203e-06,0.01055112123248378,0.0,0.02870845323718686,2.5441707781016466e-08,1.8817399199285746e-12,1.638613179840104e-08,7.806604023924921e-10,7.895131830914334e-10,4.4721032542226835e-09,1.799833090913009e-07,6.56646418991549e-07,0.0009482574657768963,1.2960275465359722e-10,1.3358092342219002e-07,3.4130459369299444e-19,5.236229843429394e-15
0.01551885424970557,0.05595639656,0.054,0.0,0.0,7.818802559727107e-05,0.8235583268527322,0.08322380707458234,0.0272656355012003,1.9097641406775826e-06,0.010517425268188614,0.0,0.02870871874890606,2.535906686984295e-08,1.8703856081049943e-12,1.628085709149134e-08,7.755931048814763e-10,7.874175846481729e-10,4.460341845676987e-09,1.7939859143580954e-07,6.54519203624897e-07,0.000948250939931297,1.2883081127085708e-10,1.3321718259190548e-07,3.4353203180506524e-19,5.236326699000505e-15
0.015580611097522658,0.05595639656,0.054,0.0,0.0,7.79361106496877e-05,0.8235330877092423,0.08327402399697527,0.02728237634166549,1.9159649349780867e-06,0.01048394748908208,0.0,0.028708982531743844,2.5276969391899737e-08,1.8591405708543275e-12,1.6176604679520257e-08,7.705754841515378e-10,7.853354967203492e-10,4.448640292949998e-09,1.788177176614001e-07,6.524059336854648e-07,0.0009482444479399795,1.280657779894634e-10,1.3285538982609081e-07,3.457664749341886e-19,5.236422924782929e-15
0.015642367945339745,0.05595639656,0.054,0.0,0.0,7.768583894709606e-05,0.8235080114379627,0.08332391684000733,0.027299009128419774,1.9221650695140434e-06,0.010450685761454796,0.0,0.028709244602786923,2.5195409743167692e-08,1.8480033755278985e-12,1.6073361268004537e-08,7.656068882756194e-10,7.832667856731201e-10,4.43699816831499e-09,1.782406496268416e-07,6.503064711724393e-07,0.0009482379894623975,1.2730757247446702e-10,1.3249553001336855e-07,3.4800792239487244e-19,5.2365185269924524e-15
0.015704124793156832,0.05595639656,0.054,0.0,0.0,7.743719430946363e-05,0.8234830964513528,0.08337348876236886,0.02731553491462873,1.9283645487683734e-06,0.010417637979530341,0.0,0.02870950497889633,2.5114382582529643e-08,1.8369726132019252e-12,1.5971113779162537e-08,7.606866760367751e-10,7.8121131959504e-10,4.425415047597995e-09,1.7766734969690948e-07,6.482206799109742e-07,0.0009482315641623016,1.2655611361239355e-10,1.321375881889815e-07,3.502563735038344e-19,5.2366135117628815e-15
0.01576588164097392,0.05595639656,0.054,0.0,0.0,7.719016076948243e-05,0.8234583411825847,0.08342274288153766,0.027331954739717005,1.9345633771718766e-06,0.010384802065006919,0.0,0.028709763676711384,2.5033882988148507e-08,1.82604689819673e-12,1.5869849347685784e-08,7.558142167346861e-10,7.791689682808038e-10,4.413890510134385e-09,1.770977807332653e-07,6.461484255193274e-07,0.0009482251717075195,1.258113214890271e-10,1.3178154953266439e-07,3.52511827579971e-19,5.236707885147476e-15
0.015827638488791006,0.05595639656,0.054,0.0,0.0,7.694472257031187e-05,0.8234337440852069,0.0834716822744528,0.027348269629592928,1.9407615591040594e-06,0.010352175966608597,0.0,0.028710020712652544,2.4953905505411165e-08,1.8152248675621737e-12,1.57695553165569e-08,7.509888899973343e-10,7.771396033552986e-10,4.40242413882823e-09,1.765319060890786e-07,6.44089575389674e-07,0.0009482188117704047,1.2507311736846465e-10,1.314273993695549e-07,3.547742839443525e-19,5.236801653119966e-15
0.015889395336608093,0.05595639656,0.054,0.0,0.0,7.670086416140026e-05,0.8234093036328116,0.08352030997817511,0.02736448059686875,1.9469590988939237e-06,0.010319757659644714,0.0,0.028710276102925376,2.4874444772126503e-08,1.8045051806733652e-12,1.567021923290972e-08,7.462100855012214e-10,7.751230980834097e-10,4.391015520074733e-09,1.7596968959930198e-07,6.420439986529924e-07,0.0009482124840274967,1.2434142367291462e-10,1.3107512316715028e-07,3.570437419202414e-19,5.236894821576022e-15
0.01595115218442518,0.05595639656,0.054,0.0,0.0,7.645857019375279e-05,0.8233850183187095,0.08356862899053405,0.027380588641076457,1.953156000820925e-06,0.010287545145577974,0.0,0.028710529863525187,2.4795496401545257e-08,1.7938865188222973e-12,1.5571828844178943e-08,7.414772028125109e-10,7.731193272580671e-10,4.379664243646102e-09,1.7541109556962715e-07,6.400115661391398e-07,0.0009482061881588564,1.2361616396124536e-10,1.3072470653116104e-07,3.5932020083310617e-19,5.2369873963349305e-15
0.016012909032242267,0.05595639656,0.054,0.0,0.0,7.621782551893977e-05,0.8233608866556096,0.0836166422707634,0.027396594748879524,1.9593522691158167e-06,0.010255536451601937,0.0,0.028710782010238852,2.4717055221668102e-08,1.7833675847032726e-12,1.547437209437349e-08,7.367896513200858e-10,7.711281675026182e-10,4.368369902822322e-09,1.7485608877401618e-07,6.379921503682683e-07,0.0009481999238489593,1.2289726290960755e-10,1.303761352085552e-07,3.6160366001064545e-19,5.237079383140215e-15
0.016074665880059354,0.05595639656,0.054,0.0,0.0,7.597861518602881e-05,0.823336907175307,0.08366435274012388,0.027412499894280455,1.965547907961217e-06,0.01022372963022562,0.0,0.028711032558647764,2.463911542454425e-08,1.7729471020062191e-12,1.5377837119898753e-08,7.321468498371847e-10,7.691494970777548e-10,4.357132094372459e-09,1.7430463444755296e-07,6.359856255250974e-07,0.0009481936907868009,1.2218464629340788e-10,1.3002939508631637e-07,3.638941187827379e-19,5.2371707876607605e-15
0.01613642272787644,0.05595639656,0.054,0.0,0.0,7.574092443449482e-05,0.823313078428377,0.08371176328251283,0.027428305038824364,1.9717429214925237e-06,0.0101921227588655,0.0,0.02871128152413406,2.4561673265156326e-08,1.762623815123294e-12,1.5282212245959395e-08,7.275482263937161e-10,7.671831954749936e-10,4.345950418269379e-09,1.7375669827000562e-07,6.339918673992365e-07,0.000948187488664141,1.2147824096587292e-10,1.2968447218234367e-07,3.661915764814465e-19,5.237261615493077e-15
0.016198179575693528,0.05595639656,0.054,0.0,0.0,7.550473869408974e-05,0.8232893989838725,0.08375887674506312,0.02744401113179863,1.977937313798935e-06,0.010160713939447808,0.0,0.028711528921882296,2.4484724487343558e-08,1.752396488640151e-12,1.5187485983628728e-08,7.229932184637185e-10,7.652291440012496e-10,4.334824477867956e-09,1.7321224636531453e-07,6.320107533837346e-07,0.0009481813171765745,1.2077797483940852e-10,1.2934135264989238e-07,3.684960324411693e-19,5.237351872161826e-15
0.016259936423510615,0.05595639656,0.054,0.0,0.0,7.527004358579337e-05,0.8232658674290294,0.08380569593873217,0.027459619110428577,1.9841310889236897e-06,0.010129501298017428,0.0,0.028711774766878934,2.4408262027936794e-08,1.7422639068290647e-12,1.509364702541935e-08,7.184812724310001e-10,7.63287225845874e-10,4.323753880141485e-09,1.7267124530368327e-07,6.300421624831105e-07,0.0009481751760253714,1.2008377687098564e-10,1.2900002278387092e-07,3.7080748599845703e-19,5.2374415631197215e-15
0.0163216932713277,0.05595639656,0.054,0.0,0.0,7.503682491038901e-05,0.8232424823689776,0.08385222363887566,0.027475129900069624,1.9903242508647473e-06,0.010098482984351256,0.0,0.028712019073921253,2.4332282296846054e-08,1.7322248735417786e-12,1.500068424144203e-08,7.140118430449526e-10,7.613573249505949e-10,4.312738235091345e-09,1.7213366207524198e-07,6.280859752174367e-07,0.000948169064913922,1.193955770403062e-10,1.286604690029076e-07,3.731259364918607e-19,5.237530693750768e-15
0.01638345011914479,0.05595639656,0.054,0.0,0.0,7.480506864550322e-05,0.8232192424264566,0.08389846258581106,0.02749054441439551,1.996516803576514e-06,0.010067657171583361,0.0,0.028712261857622223,2.4256783872032162e-08,1.7222782118103876e-12,1.4908586678043838e-08,7.095843942215276e-10,7.594393267806934e-10,4.301777155726825e-09,1.7159946408302605e-07,6.261420735970658e-07,0.0009481629835472343,1.1871330632993624e-10,1.283226778479632e-07,3.7545138326252175e-19,5.237619269371921e-15
0.016445206966961876,0.05595639656,0.054,0.0,0.0,7.457476095748643e-05,0.8231961462415376,0.08394441548537679,0.0275058635555831,2.002708750969753e-06,0.010037022055838757,0.0,0.02871250313240169,2.4181757646890596e-08,1.712422763003349e-12,1.4817343553253774e-08,7.051983986323977e-10,7.575331195306854e-10,4.29087025902365e-09,1.7106861917012072e-07,6.242103412222634e-07,0.0009481569316384045,1.1803689671666887e-10,1.2798663600978397e-07,3.7778382565391213e-19,5.237707295229992e-15
0.016500788129997255,0.05595639656,0.054,0.0,0.0,7.436871127571463e-05,0.8231754814776283,0.08398553073350364,0.027519569975146624,2.008280989273448e-06,0.01000961202495612,0.0,0.028712719001347357,2.4114633909831844e-08,1.7036299034182754e-12,1.473594650806447e-08,7.012860148605855e-10,7.558275217317126e-10,4.28110006396295e-09,1.7059369937518008e-07,6.224820917461737e-07,0.0009481515098715299,1.1743308386283143e-10,1.2768568311715128e-07,3.7988900452046233e-19,5.237786052738307e-15
0.016550811176729095,0.05595639656,0.054,0.0,0.0,7.418425216941772e-05,0.8231569810195347,0.08402233979668362,0.027531840849704878,2.0132955895184535e-06,0.009985072769753366,0.0,0.028712912256740362,2.4054547072082746e-08,1.6957780328650733e-12,1.4663267253133182e-08,6.977929093414871e-10,7.543005054626718e-10,4.272343921776029e-09,1.70168552815632e-07,6.209349469040395e-07,0.0009481466503133272,1.1689362508406199e-10,1.274160199799812e-07,3.817885094707123e-19,5.237856560432728e-15
0.016600834223460936,0.05595639656,0.054,0.0,0.0,7.400071943699233e-05,0.8231385725182588,0.08405896588492157,0.027544050717261112,2.0183097994269036e-06,0.009960655497067122,0.0,0.028713104547181626,2.3994762713530937e-08,1.6879840069367882e-12,1.4591129970309784e-08,6.943260899301264e-10,7.527810293861554e-10,4.263622657636024e-09,1.6974555034111901e-07,6.19395584054877e-07,0.0009481418095797958,1.1635789397849448e-10,1.271474813004991e-07,3.836926030869624e-19,5.237926716543181e-15
0.016650857270192776,0.05595639656,0.054,0.0,0.0,7.381810605427299e-05,0.823120255283189,0.08409541037232282,0.02755620003596788,2.0233236209963914e-06,0.009936359290834858,0.0,0.02871329587999242,2.3935277808419066e-08,1.6802472442709318e-12,1.4519529243301563e-08,6.908852910852263e-10,7.512690359445999e-10,4.254936073982052e-09,1.6932467562663003e-07,6.178639440993248e-07,0.0009481369875242337,1.1582585621880646e-10,1.2688006024307282e-07,3.856012850243346e-19,5.237996523733763e-15
0.016695878012251433,0.05595639656,0.054,0.0,0.0,7.36545343013512e-05,0.8231038472390408,0.08412805626682703,0.027567083028486983,2.027835730015936e-06,0.009914595467342191,0.0,0.02871346726674197,2.3881998540022293e-08,1.673332643658013e-12,1.4455542924331134e-08,6.878106035484983e-10,7.499145923322812e-10,4.2471476379949704e-09,1.6894769424988222e-07,6.164920228152829e-07,0.0009481326635220213,1.1535015199466543e-10,1.266403312419664e-07,3.873230214984724e-19,5.238059054059879e-15
0.01674089875431009,0.05595639656,0.054,0.0,0.0,7.349169656715306e-05,0.823087512073023,0.08416055714885322,0.027577917671349553,2.032347527516273e-06,0.009892928318221169,0.0,0.028713637888915015,2.3828959033272035e-08,1.6664635481084245e-12,1.439198303415108e-08,6.847565930713012e-10,7.485661232562203e-10,4.239386991987198e-09,1.6857241159817153e-07,6.151262674338393e-07,0.0009481283544256428,1.1487738742753234e-10,1.2640149710703672e-07,3.89048473984325e-19,5.23812130580157e-15
0.016785919496368748,0.05595639656,0.054,0.0,0.0,7.332958787867543e-05,0.823071249295945,0.08419291399174254,0.027588704289085737,2.0368590149175486e-06,0.009871357194583572,0.0,0.028713807751695186,2.3776156438439335e-08,1.6596395488962298e-12,1.432884576258593e-08,6.817230726527772e-10,7.472235878251527e-10,4.2316539947996875e-09,1.6819881611494497e-07,6.137666361153041e-07,0.0009481240601316511,1.1440753830154694e-10,1.2616355296622235e-07,3.9077764223234173e-19,5.238183280845155e-15
0.016826438164221538,0.05595639656,0.054,0.0,0.0,7.318430931466769e-05,0.823056674288348,0.08422191279429211,0.027598371449437463,2.040919089608893e-06,0.009852024753493107,0.0,0.028713959983166032,2.3728837805384252e-08,1.6535361730860784e-12,1.4272380444689671e-08,6.79010271199061e-10,7.460203458701392e-10,4.224717820778352e-09,1.6786401323198408e-07,6.125481696899562e-07,0.0009481202078363982,1.1398714697823432e-10,1.2595016017543734e-07,3.923370704267358e-19,5.238238823353913e-15
0.01686695683207433,0.05595639656,0.054,0.0,0.0,7.303961372002242e-05,0.8230421571726557,0.08425079640375814,0.02760800020243592,2.0449789152812448e-06,0.009832769107306327,0.0,0.02871411160740523,2.3681709621514193e-08,1.6474687067903494e-12,1.4216251682409363e-08,6.763137851324942e-10,7.448218487207169e-10,4.217803826696648e-09,1.675305593937903e-07,6.113346001721208e-07,0.0009481163673721668,1.1356908044632996e-10,1.2573748084822759e-07,3.9389950800617107e-19,5.238294144603499e-15
0.01690747549992712,0.05595639656,0.054,0.0,0.0,7.289549756081816e-05,0.8230276976012928,0.08427956551171081,0.02761759077866372,2.0490384929471205e-06,0.009813589794979915,0.0,0.028714262628096024,2.3634770870502416e-08,1.6414368615251549e-12,1.4160456786150785e-08,6.736334825788242e-10,7.436280674877187e-10,4.210911911342464e-09,1.6719844638900125e-07,6.101258978310499e-07,0.0009481125386648118,1.1315332156441063e-10,1.255255114996257e-07,3.9546495479013787e-19,5.238349245934269e-15
0.01694394230099463,0.05595639656,0.054,0.0,0.0,7.276628553709619e-05,0.8230147329024504,0.08430536037717344,0.02762618984521144,2.052691901632044e-06,0.0097963933012735,0.0,0.028714398033703976,2.3592687195815258e-08,1.6360384208711123e-12,1.4110524635141541e-08,6.712349398728129e-10,7.425576729218254e-10,4.20472798163126e-09,1.6690068436432537e-07,6.090422027819283e-07,0.0009481091028194828,1.1278109757102382e-10,1.2533534325456186e-07,3.968764296167188e-19,5.238398650200429e-15
0.01698040910206214,0.05595639656,0.054,0.0,0.0,7.26375374811929e-05,0.823001814285782,0.08433106354843052,0.02763475833933842,2.0563451109744306e-06,0.009779257936652595,0.0,0.028714532956039856,2.355075516036584e-08,1.630668395976246e-12,1.4060858837847257e-08,6.688493066610148e-10,7.414910545320101e-10,4.198561781190329e-09,1.6660399592626746e-07,6.079624049279978e-07,0.0009481056763845535,1.1241071674204571e-10,1.2514574477747134e-07,3.982903416220728e-19,5.238447878371038e-15
0.017016875903129648,0.05595639656,0.054,0.0,0.0,7.250925087593527e-05,0.822988941503661,0.08435667551818557,0.027643296425321366,2.0599981216979243e-06,0.009762183372650696,0.0,0.028714667397727198,2.3508974041935546e-08,1.6253265825414783e-12,1.4011457488848144e-08,6.664764895041594e-10,7.404281917313192e-10,4.192413237393756e-09,1.6630837522650592e-07,6.068864830931067e-07,0.0009481022593071749,1.1204216690562926e-10,1.249567135725685e-07,3.997066906754664e-19,5.2384969314008544e-15
0.017053342704197158,0.05595639656,0.054,0.0,0.0,7.238142322234279e-05,0.8229761143102431,0.08438219677559432,0.0276518042662541,2.063650934521675e-06,0.009745169283166379,0.0,0.028714801361370588,2.34673431919102e-08,1.6200127783210357e-12,1.3962318701432925e-08,6.641163965140662e-10,7.393690642345094e-10,4.186282277972493e-09,1.660138164591508e-07,6.058144162543562e-07,0.0009480988515348245,1.1167543599000073e-10,1.2476824715778997e-07,4.011254766464253e-19,5.238545810237728e-15
0.017089809505264668,0.05595639656,0.054,0.0,0.0,7.225405204025058e-05,0.8229633324614518,0.08440762780629696,0.02766028202405827,2.0673035501603637e-06,0.009728215344442218,0.0,0.028714934849555257,2.342586145864492e-08,1.6147267827944495e-12,1.3913440605080591e-08,6.617689363458398e-10,7.38313651918691e-10,4.180168831063516e-09,1.657203138621657e-07,6.047461835473216e-07,0.0009480954530156361,1.1131051202287912e-10,1.245803430662992e-07,4.0254669940473276e-19,5.238594515822501e-15
0.017126276306332178,0.05595639656,0.054,0.0,0.0,7.212713486693818e-05,0.8229505957149621,0.08443296909244959,0.02766872985949388,2.070955969324242e-06,0.00971132123504325,0.0,0.028715067864848037,2.3384528102305648e-08,1.6094683971136697e-12,1.3864821344585387e-08,6.594340178390899e-10,7.372619345804441e-10,4.174072825124868e-09,1.654278617142372e-07,6.036817642546138e-07,0.0009480920636978992,1.1094738313040757e-10,1.2439299884401305e-07,4.0397035882044636e-19,5.238643049089316e-15
0.017162743107399688,0.05595639656,0.054,0.0,0.0,7.200066925699791e-05,0.8229379038301831,0.08445822111275544,0.027677147932169743,2.0746081927192035e-06,0.009694486635836186,0.0,0.028715200409797602,2.334334272357541e-08,1.6042374244969481e-12,1.3816459083500344e-08,6.571115516086264e-10,7.362138923508899e-10,4.167994188940726e-09,1.6513645433444178e-07,6.026211378046939e-07,0.0009480886835300547,1.1058603753567492e-10,1.242062120495371e-07,4.0539645476388915e-19,5.238691410965698e-15
0.017199209908467197,0.05595639656,0.054,0.0,0.0,7.187465278382217e-05,0.8229252565682447,0.08448338434249643,0.027685536400553837,2.078260221046801e-06,0.009677711229969188,0.0,0.028715332486933455,2.330230405360807e-08,1.5990336698461417e-12,1.3768352001405773e-08,6.548014489695327e-10,7.35169505642059e-10,4.1619328517285085e-09,1.6484608608564164e-07,6.015642837843121e-07,0.0009480853124613846,1.1022646355840339e-10,1.2401998025737033e-07,4.068249871056418e-19,5.238739602372242e-15
0.017235676709534707,0.05595639656,0.054,0.0,0.0,7.174908303787683e-05,0.8229126536919806,0.08450845925356332,0.02769389542198353,2.081912055004256e-06,0.009660994702850879,0.0,0.028715464098767126,2.3261411179190053e-08,1.5938569395786339e-12,1.3720498291593999e-08,6.525036209253768e-10,7.341287546147328e-10,4.1558887430275195e-09,1.6455675137055492e-07,6.005111819241434e-07,0.0009480819504413719,1.0986864961405981e-10,1.2383430105473498e-07,4.082559557165539e-19,5.238787624222988e-15
0.017272143510602217,0.05595639656,0.054,0.0,0.0,7.162395762566529e-05,0.8229000949659143,0.08453344631448596,0.027702225152675702,2.085563695284558e-06,0.0096443367421299,0.0,0.028715595247793036,2.3220664110994862e-08,1.588707042201712e-12,1.367289616616431e-08,6.502179804541769e-10,7.330916197473548e-10,4.149861792644425e-09,1.6426844462934653e-07,5.99461812090006e-07,0.0009480785974193082,1.0951258421196736e-10,1.2364917203969851e-07,4.0968936046774544e-19,5.238835477425734e-15
0.017308610311669727,0.05595639656,0.054,0.0,0.0,7.149927417263864e-05,0.8228875801562425,0.08455834599046397,0.027710525747736726,2.089215142576476e-06,0.00962773703767591,0.0,0.0287157259364865,2.3180061499719785e-08,1.5835837878818319e-12,1.3625543853573166e-08,6.479444416061785e-10,7.320580820619075e-10,4.143851930856899e-09,1.6398116034627195e-07,5.98416154307187e-07,0.0009480752533455652,1.0915825595533005e-10,1.23464590827177e-07,4.111252012305948e-19,5.23888316288139e-15
0.017345077112737237,0.05595639656,0.054,0.0,0.0,7.137503032149401e-05,0.8228751090308211,0.08458315874339632,0.027718797361172425,2.0928663975645207e-06,0.009611195281559088,0.0,0.028715856167304883,2.313960192765445e-08,1.5784869881131268e-12,1.3578439593924852e-08,6.456829174303069e-10,7.310281220886749e-10,4.137859088300481e-09,1.6369489304582103e-07,5.973741887463374e-07,0.0009480719181709908,1.0880565354071248e-10,1.2328055504583192e-07,4.125634778767312e-19,5.2389306814842986e-15
0.017381543913804746,0.05595639656,0.054,0.0,0.0,7.125122372892116e-05,0.8228626813591506,0.0846078850319095,0.027727040145897813,2.096517460929088e-06,0.009594711168029773,0.0,0.02871598594268999,2.3099286072833368e-08,1.5734164565239637e-12,1.3531581645949854e-08,6.434333230131351e-10,7.300017204870068e-10,4.1318831957659985e-09,1.6340963728522954e-07,5.963358956961147e-07,0.0009480685918455717,1.0845476575533312e-10,1.2309706233178783e-07,4.1400419027805895e-19,5.238978034123129e-15
0.017418010714872256,0.05595639656,0.054,0.0,0.0,7.112785207058015e-05,0.8228502969123612,0.08463252531138807,0.027735254253746823,2.100168333346531e-06,0.009578284393500811,0.0,0.02871611526506482,2.305911280553904e-08,1.5683720083937028e-12,1.3484968285958973e-08,6.411955752710425e-10,7.289788589942919e-10,4.125924184544778e-09,1.631253876658384e-07,5.95301255604762e-07,0.0009480652743205384,1.0810558147746483e-10,1.2291411033869336e-07,4.1544733830676877e-19,5.23902522167978e-15
0.017454477515939766,0.05595639656,0.054,0.0,0.0,7.100491304096842e-05,0.822837955463198,0.08465708003400373,0.027743439835481866,2.103819015488964e-06,0.009561914656527977,0.0,0.028716244136833304,2.3019079500308942e-08,1.5633534600983863e-12,1.3438597799417299e-08,6.38969589279698e-10,7.279595186339973e-10,4.119981986416418e-09,1.628421388328481e-07,5.94270249079199e-07,0.0009480619655484691,1.0775808967690724e-10,1.2273169673774187e-07,4.168929218352642e-19,5.239072245029172e-15
0.017490944317007276,0.05595639656,0.054,0.0,0.0,7.08824043454567e-05,0.8228256567860077,0.08468154964874137,0.027751597040803336,2.1074695080244687e-06,0.009545601657788755,0.0,0.028716372560386085,2.297918767781732e-08,1.5583606302460348e-12,1.3392468489462262e-08,6.367552818237738e-10,7.269436799181439e-10,4.11405653312899e-09,1.6255988545705445e-07,5.932428568182507e-07,0.0009480586654799813,1.0741227941082074e-10,1.2254981920207218e-07,4.183409407361995e-19,5.239119105041374e-15
0.017527411118074786,0.05595639656,0.054,0.0,0.0,7.076032370713489e-05,0.8228134006567229,0.08470593460142886,0.027759726018358993,2.1111198116173472e-06,0.00952934510006627,0.0,0.0287165005380963,2.293943742898228e-08,1.5533933390909375e-12,1.334657867939463e-08,6.345525728301798e-10,7.259313253678027e-10,4.108147756875196e-09,1.622786222504546e-07,5.922190596697663e-07,0.0009480553740665184,1.0706813982414358e-10,1.2236847542047383e-07,4.197913948826067e-19,5.2391658025801576e-15
0.017560231239035547,0.05595639656,0.054,0.0,0.0,7.06508152589361e-05,0.8228024063349023,0.0847278090387511,0.027767018085435743,2.1144049238506957e-06,0.0095147622112188,0.0,0.028716615338783398,2.2903778845232062e-08,1.5489444646740734e-12,1.330548124128178e-08,6.325799827351505e-10,7.250231700533577e-10,4.102844061755182e-09,1.6202632763328367e-07,5.913007003899693e-07,0.0009480524191572487,1.0675983372807391e-10,1.2220572048929056e-07,4.21098885644464e-19,5.2392076921575825e-15
0.01759305135999631,0.05595639656,0.054,0.0,0.0,7.054165007180899e-05,0.8227914461355269,0.08474961557901795,0.027774287514482056,2.117689884053673e-06,0.009500224586795177,0.0,0.02871672978195008,2.2868233290663616e-08,1.544516002903416e-12,1.3264575239471841e-08,6.306166611203424e-10,7.24117807953312e-10,4.097553771626857e-09,1.6177482700558394e-07,5.903852240039756e-07,0.0009480494711861,1.0645286437259665e-10,1.2204339437663836e-07,4.224083487601452e-19,5.239249451446196e-15
0.017622589468860993,0.05595639656,0.054,0.0,0.0,7.044369354739343e-05,0.8227816109984337,0.08476918367660681,0.027780810732907387,2.120646218643737e-06,0.009487179250343362,0.0,0.02871683247652115,2.2836338824680104e-08,1.5405477345115633e-12,1.322792253003617e-08,6.288575490035114e-10,7.23305359819981e-10,4.092803931521298e-09,1.6154915218003143e-07,5.89563748824334e-07,0.0009480468239156805,1.0617772847380016e-10,1.2189766614492713e-07,4.2358855185065666e-19,5.2392869239189566e-15
0.017652127577725676,0.05595639656,0.054,0.0,0.0,7.034601257356268e-05,0.8227718032548066,0.08478869726648329,0.027787315777537226,2.123602430819836e-06,0.009474170252144294,0.0,0.02871693488409854,2.2804532128555995e-08,1.5365958040111516e-12,1.3191423051859802e-08,6.27105855565739e-10,7.224951548703368e-10,4.0880648749707405e-09,1.6132411470135632e-07,5.88744587837232e-07,0.0009480441822142084,1.0590366347357609e-10,1.2175228272018509e-07,4.2477035240614705e-19,5.239324291803348e-15
0.01768166568659036,0.05595639656,0.054,0.0,0.0,7.024860597328576e-05,0.8227620227892837,0.08480815657818332,0.027793802724903793,2.1265585209255825e-06,0.00946119743917232,0.0,0.028717037005907164,2.2772817134281684e-08,1.532660119591534e-12,1.3155075942585445e-08,6.253615371792738e-10,7.216871818233122e-10,4.0833365663929726e-09,1.6109971183647647e-07,5.879277311427801e-07,0.0009480415460545768,1.0563066380781747e-10,1.2160724289449765e-07,4.2595375035971887e-19,5.2393615555451775e-15
0.017708249984568575,0.05595639656,0.054,0.0,0.0,7.016117366154987e-05,0.82275324359827,0.08482562373954142,0.027799625567279315,2.1292188979332797e-06,0.009449552720089323,0.0,0.028717128672204984,2.2744350311423314e-08,1.5291318187986312e-12,1.3122493119374108e-08,6.237979240328566e-10,7.209619078415225e-10,4.079090249343922e-09,1.6089828962155291e-07,5.871945222059958e-07,0.0009480391782295961,1.0538587040211405e-10,1.214769998472892e-07,4.270201742381622e-19,5.239395004235807e-15
0.017732175852748968,0.05595639656,0.054,0.0,0.0,7.008267309691727e-05,0.8227453610696044,0.08484130688929711,0.02780485369047753,2.131613153142288e-06,0.009439097336407002,0.0,0.028717210975530105,2.271879086056751e-08,1.5259674813381878e-12,1.3093273001609412e-08,6.223957267141884e-10,7.20310695654339e-10,4.07527596240632e-09,1.6071744564322768e-07,5.865362173717674e-07,0.0009480370509946672,1.051662869984052e-10,1.2136001753052236e-07,4.2798106192040925e-19,5.239425036503543e-15
0.01775610172092936,0.05595639656,0.054,0.0,0.0,7.000435048958453e-05,0.8227374962351129,0.08485695483103438,0.02781007007472692,2.1340073288663514e-06,0.009428665424592777,0.0,0.028717293093509243,2.2693289854972286e-08,1.5228136417245791e-12,1.3064151347713151e-08,6.209982955433085e-10,7.196609317125954e-10,4.071468665212418e-09,1.6053701325338744e-07,5.85879407064225e-07,0.0009480349273529444,1.0494739278974984e-10,1.212432585418649e-07,4.289429975369763e-19,5.239455001224799e-15
0.017780027589109754,0.05595639656,0.054,0.0,0.0,6.992620523017375e-05,0.8227296490347265,0.08487256768427276,0.02781527475987755,2.136401425284876e-06,0.009418256904967762,0.0,0.028717375026777736,2.266784683685649e-08,1.5196702523364753e-12,1.3035127712794538e-08,6.196056088534434e-10,7.190126111486803e-10,4.06766833935662e-09,1.6035699103705378e-07,5.852240861579881e-07,0.0009480328072917231,1.047291848889888e-10,1.2112672225628763e-07,4.2990598105252025e-19,5.239484898630824e-15
0.017803953457290148,0.05595639656,0.054,0.0,0.0,6.984823671180195e-05,0.8227218194086503,0.08488814556798771,0.02782046778559814,2.1387954425765926e-06,0.009407871698215633,0.0,0.028717456775968236,2.2642461552512494e-08,1.5165372657760328e-12,1.3006201653844722e-08,6.182176448149486e-10,7.183657289789406e-10,4.063874966472481e-09,1.601773775850727e-07,5.845702495486949e-07,0.0009480306907982203,1.0451166042390556e-10,1.210104080504305e-07,4.3087001243175267e-19,5.2395147289519e-15
0.01782787932547054,0.05595639656,0.054,0.0,0.0,6.977044433018168e-05,0.822714007297361,0.08490368860061376,0.02782564919137706,2.1411893809195457e-06,0.00939750972538054,0.0,0.02871753834171061,2.2617133897005667e-08,1.5134146350446444e-12,1.2977372731341912e-08,6.168343821422159e-10,7.177202803096798e-10,4.060088528241431e-09,1.5999817149434925e-07,5.839178921538585e-07,0.000948028577859635,1.0429481653722736e-10,1.2089431530278482e-07,4.3183509163943302e-19,5.239544492417298e-15
0.017851805193650934,0.05595639656,0.054,0.0,0.0,6.969282748405702e-05,0.8227062126416052,0.08491919690004777,0.027830819016523404,2.143583240491083e-06,0.009387170907865198,0.0,0.028717619724631632,2.2591863593088775e-08,1.5103023133331987e-12,1.2948640507698387e-08,6.154557994347986e-10,7.170762602543301e-10,4.056309006421524e-09,1.5981937136884723e-07,5.83267008916525e-07,0.0009480264684633403,1.0407865038678602e-10,1.2077844339459807e-07,4.3280121864036553e-19,5.23957418925515e-15
0.017875731061831327,0.05595639656,0.054,0.0,0.0,6.961538557479166e-05,0.822698435382399,0.08493467058365199,0.027835977300167975,2.1459770214678598e-06,0.009376855167428727,0.0,0.028717700925355298,2.256665047226265e-08,1.5072002541226591e-12,1.2920004547889561e-08,6.14081875447246e-10,7.164336639246351e-10,4.05253638282126e-09,1.5964097581864308e-07,5.826175948018172e-07,0.0009480243625967139,1.0386315914522412e-10,1.2066279170907689e-07,4.33768393399397e-19,5.239603819692593e-15
0.01789965693001172,0.05595639656,0.054,0.0,0.0,6.953811800648521e-05,0.8226906754610246,0.08495010976825687,0.027841124081264327,2.148370724025857e-06,0.009366562426184678,0.0,0.028717781944502765,2.254149435228967e-08,1.5041084111638479e-12,1.2891464419448196e-08,6.127125891012041e-10,7.157924864824876e-10,4.048770639308582e-09,1.59462983460187e-07,5.819696447978918e-07,0.0009480222602471845,1.036483399998613e-10,1.205473596316428e-07,4.347366158814243e-19,5.239633383955728e-15
0.017923582798192114,0.05595639656,0.054,0.0,0.0,6.946102418599857e-05,0.822682932819031,0.08496551457016442,0.027846259398589777,2.1507643483403815e-06,0.009356292606599035,0.0,0.028717862782692342,2.2516395014192432e-08,1.5010267384623956e-12,1.286301969224604e-08,6.113479193969755e-10,7.151527230983746e-10,4.0450117578132184e-09,1.5928539291636173e-07,5.813231539161561e-07,0.0009480201614022498,1.0343419015263855e-10,1.204321465500068e-07,4.35705886051391e-19,5.239662882269615e-15
0.017971434534552903,0.05595639656,0.054,0.0,0.0,6.930735542927506e-05,0.8226674991407001,0.08499622148846978,0.02785649579616185,2.1555513629368923e-06,0.009335821424016955,0.0,0.028718023918657035,2.2466365952487654e-08,1.4948937211814292e-12,1.280641473330482e-08,6.086323465709951e-10,7.13877419300785e-10,4.0375145088759576e-09,1.5893141179525085e-07,5.800345296773165e-07,0.0009480159741763759,1.0300788723305195e-10,1.2020237493561201e-07,4.376475693151585e-19,5.23972168194481e-15
0.018019286270913693,0.05595639656,0.054,0.0,0.0,6.91543746131391e-05,0.822652133885051,0.0850267922585245,0.02786668679961542,2.160338066646491e-06,0.009315441006382805,0.0,0.028718184338139816,2.24165617515208e-08,1.4888008395613134e-12,1.2750186278489939e-08,6.059349914489406e-10,7.126077143575608e-10,4.030044492606022e-09,1.5857902156337813e-07,5.787516826282987e-07,0.0009480118008201266,1.0258422829148752e-10,1.1997347201092765e-07,4.39593442911201e-19,5.2397802204983164e-15
0.018067138007274483,0.05595639656,0.054,0.0,0.0,6.900207708870575e-05,0.8226368365938848,0.08505722779201703,0.027876832712925056,2.165124460847676e-06,0.009295150745908773,0.0,0.028718344045986725,2.236698087628691e-08,1.4827477349965924e-12,1.2694330973245466e-08,6.032556903908377e-10,7.113435704398441e-10,4.022601566534225e-09,1.5822821142808275e-07,5.774745736708763e-07,0.0009480076412354409,1.0216319146153398e-10,1.197454329557765e-07,4.415435065607616e-19,5.23983849969413e-15
0.018114989743635273,0.05595639656,0.054,0.0,0.0,6.885045824907858e-05,0.8226216068131103,0.0850875289924612,0.027886933837339718,2.1699105469084713e-06,0.009274950040256831,0.0,0.028718503047000046,2.2317621832640746e-08,1.4767340529221987e-12,1.2638845500437662e-08,6.005942815772678e-10,7.10084950059932e-10,4.015185589111303e-09,1.5787897069454825e-07,5.762031640604424e-07,0.0009480034953250825,1.0174475510229178e-10,1.1951825298424645e-07,4.434977599858269e-19,5.239896521280344e-15
0.018162841479996063,0.05595639656,0.054,0.0,0.0,6.869951352895348e-05,0.8226064440926996,0.08511769675528782,0.02789699047141338,2.1746963261865485e-06,0.009254838292477542,0.0,0.028718661345938784,2.2268483109127182e-08,1.4707594427724217e-12,1.2583726579935888e-08,5.979506050235532e-10,7.088318160728134e-10,4.007796419706857e-09,1.5753128876487334e-07,5.749374154026647e-07,0.0009479993629926649,1.0132889779563285e-10,1.1929192734455723e-07,4.454562029091315e-19,5.239954286989316e-15
0.018210693216356853,0.05595639656,0.054,0.0,0.0,6.854923840412891e-05,0.8225913479866417,0.08514773196793536,0.027907002911035247,2.179481800029347e-06,0.009234814910949624,0.0,0.028718818947519112,2.221956322354252e-08,1.464823557919211e-12,1.2528970968067098e-08,5.953245025284854e-10,7.075841316662646e-10,4.00043391860126e-09,1.571851551369322e-07,5.736772896493739e-07,0.0009479952441426466,1.0091559834354698e-10,1.1906645131873083e-07,4.474188350541563e-19,5.240011798537821e-15
0.01830639668907843,0.05595639656,0.054,0.0,0.0,6.82506790463896e-05,0.8225613538533569,0.08520740825301813,0.027926896377333952,2.1890518367482517e-06,0.009195030906448654,0.0,0.02871913207725784,2.212237410582879e-08,1.4530665969781964e-12,1.2420536875058247e-08,5.901243957507541e-10,7.051049660063581e-10,3.98578836692869e-09,1.5649749125030963e-07,5.711737563716234e-07,0.0009479870465118223,1.0009658929551315e-10,1.1861802940421101e-07,4.513566659069826e-19,5.240126065943704e-15
0.018402100161800005,0.05595639656,0.054,0.0,0.0,6.795474478724211e-05,0.8225316209238143,0.08526656479073867,0.027946616551176435,2.1986206676438e-06,0.009155593398102072,0.0,0.028719442473106725,2.2026042864477324e-08,1.4414604738852676e-12,1.231351798334197e-08,5.849927306282654e-10,7.026471651632195e-10,3.97124783433705e-09,1.55815896893278e-07,5.686922666212311e-07,0.0009479789016849708,9.928756267498989e-11,1.1817295016298584e-07,4.553112503468991e-19,5.2402393369272356e-15
0.01849780363452158,0.05595639656,0.054,0.0,0.0,6.766140086669231e-05,0.8225021457700271,0.08532520840185238,0.027966165706735154,2.2081883031373476e-06,0.009116497838773068,0.0,0.02871975017130138,2.1930558098554786e-08,1.430002552129006e-12,1.2207889607995449e-08,5.799283037173599e-10,7.002104463476647e-10,3.956811235240519e-09,1.5514029138895647e-07,5.662325280860406e-07,0.0009479708089273214,9.848835655091214e-11,1.1773117704040792e-07,4.592825861881855e-19,5.240351624679534e-15
0.018593507107243158,0.05595639656,0.054,0.0,0.0,6.737061313936385e-05,0.8224729250241113,0.08538334578753293,0.02798554607831183,2.217754753496305e-06,0.00907773976104541,0.0,0.028720055207437138,2.1835908608938635e-08,1.4186902533128933e-12,1.2103627602739573e-08,5.749299380476194e-10,6.977945317898724e-10,3.942477498021862e-09,1.544705954922382e-07,5.6379425362959e-07,0.0009479627675166599,9.769881226313425e-11,1.1729267399609725e-07,4.632706712567482e-19,5.240462942158907e-15
0.018689210579964734,0.05595639656,0.054,0.0,0.0,6.708234806108269e-05,0.8224439553769681,0.08544098353199102,0.028004759861210718,2.227320028837366e-06,0.00903931477547736,0.0,0.028720357616482933,2.1742083387791715e-08,1.4075210556132024e-12,1.2000708345830482e-08,5.699964824114439e-10,6.953991486252052e-10,3.928245564845937e-09,1.5380673135842874e-07,5.61377161178014e-07,0.0009479547767431752,9.691877434387613e-11,1.1685740549571383e-07,4.672755033900712e-19,5.2405733020958836e-15
0.01878491405268631,0.05595639656,0.054,0.0,0.0,6.679657267568743e-05,0.8224152335770025,0.08549812810502747,0.028023809212589675,2.236884139129553e-06,0.009001218568899917,0.0,0.02872065743279499,2.1649071629802127e-08,1.396492492289431e-12,1.1899108726422256e-08,5.651268106926939e-10,6.930240287857987e-10,3.91411439146662e-09,1.5314862251243058e-07,5.589809736088928e-07,0.0009479468359092271,9.614809044142775e-11,1.1642533650262347e-07,4.712970804371089e-19,5.240682716998211e-15
0.018880617525407886,0.05595639656,0.054,0.0,0.0,6.651325460207074e-05,0.8223867564288717,0.08555478586452067,0.028042696252289646,2.246447094197162e-06,0.008963446902758281,0.0,0.028720954690130366,2.155686271566718e-08,1.3856021502306336e-12,1.1798806131288161e-08,5.603198212099909e-10,6.906689088975045e-10,3.900082947030339e-09,1.524961938184411e-07,5.566054186419424e-07,0.0009479389443290381,9.53866112452543e-11,1.159964324695277e-07,4.75335400258187e-19,5.240791199155729e-15
0.018976320998129462,0.05595639656,0.054,0.0,0.0,6.62323620215722e-05,0.8223585207922672,0.08561096305884938,0.028061423063642416,2.256008903722653e-06,0.008925995611496844,0.0,0.028721249421660138,2.1465446206828522e-08,1.3748476685497656e-12,1.1699778431949561e-08,5.555744360789797e-10,6.883335301742698e-10,3.886150213882433e-09,1.5184937145048213e-07,5.542502287327008e-07,0.0009479311013283999,9.463419041332959e-11,1.1557065933026011e-07,4.79390460724905e-19,5.240898760645206e-15
0.01907202447085104,0.05595639656,0.054,0.0,0.0,6.595386366577652e-05,0.8223305235807298,0.08566666582925103,0.02807999169425694,2.2655695772495253e-06,0.00888886060098691,0.0,0.028721541659982027,2.137481185286173e-08,1.3642267372230614e-12,1.1602003972215149e-08,5.508896005965461e-10,6.860176383182784e-10,3.8723151873802284e-09,1.5120808286388845e-07,5.519151409696679e-07,0.000947923306244448,9.389068450173402e-11,1.1514798349186209e-07,4.834622597200651e-19,5.241005413334899e-15
0.019167727943572615,0.05595639656,0.054,0.0,0.0,6.567772880467297e-05,0.822302761760496,0.0857219002121189,0.028098404156785217,2.2751291241850973e-06,0.008852037846995299,0.0,0.028721831437132802,2.1284949577689575e-08,1.3537370957714266e-12,1.1505461556098217e-08,5.462642826436366e-10,6.837209834247978e-10,3.858576875711015e-09,1.5057225676764286e-07,5.49599896974502e-07,0.0009479155584254612,9.315595289629696e-11,1.1472837182687854e-07,4.875507951375886e-19,5.241111168889059e-15
0.01926343141629419,0.05595639656,0.054,0.0,0.0,6.540392723506546e-05,0.8222752323493714,0.08577667214124061,0.028116662429668666,2.284687553803178e-06,0.008815523393692013,0.0,0.028722118784600244,2.1195849474335967e-08,1.3433765319812195e-12,1.1410130436081763e-08,5.416974721044945e-10,6.81443319885288e-10,3.844934299709113e-09,1.4994182309729645e-07,5.473042428043132e-07,0.000947907857230626,9.242985774594283e-11,1.1431179166569423e-07,4.916560648824199e-19,5.241216038772292e-15
0.019359134889015767,0.05595639656,0.054,0.0,0.0,6.513242926923176e-05,0.8222479324156344,0.08583098744997966,0.028134768457865462,2.294244875246671e-06,0.008779313352195903,0.0,0.02872240373333503,2.110750181273688e-08,1.3331428806615112e-12,1.1315990301728366e-08,5.371881803039586e-10,6.791844062947111e-10,3.831386492672347e-09,1.4931671298846916e-07,5.450279288560447e-07,0.000947900202029782,9.171226389772682e-11,1.138982107889186e-07,4.957780668704313e-19,5.241320034253866e-15
0.019454838361737344,0.05595639656,0.054,0.0,0.0,6.486320572392606e-05,0.822220859076969,0.08588485187340128,0.028152724153559367,2.303801097530128e-06,0.00874340389915746,0.0,0.028722686313762198,2.101989702643191e-08,1.3230340224391332e-12,1.1223021268630164e-08,5.327354394618377e-10,6.769440053634482e-10,3.81793250018421e-09,1.4869685875115698e-07,5.427707097737624e-07,0.0009478925922032014,9.100303883373949e-11,1.1348759742000547e-07,4.999167990283361e-19,5.2414231664118694e-15
0.01955054183445892,0.05595639656,0.054,0.0,0.0,6.45962279096908e-05,0.8221940094994218,0.08593827105034395,0.02817053139685037,2.3133562295422448e-06,0.00870779127537779,0.0,0.028722966555792238,2.0933025705205146e-08,1.313047882592213e-12,1.1131203867689555e-08,5.283383021627345e-10,6.747218838278741e-10,3.804571379939924e-09,1.4808219384476668e-07,5.40532344358567e-07,0.0009478850271413931,9.030205260982012e-11,1.130799202180545e-07,5.040722592935984e-19,5.241525446137259e-15
0.019646245307180496,0.05595639656,0.054,0.0,0.0,6.433146762039633e-05,0.8221673808963886,0.08599125052543864,0.028188192036427986,2.322910280048282e-06,0.008672471784462463,0.0,0.028723244488831987,2.08468786068111e-08,1.3031824299172744e-12,1.1040519034716358e-08,5.239958408422707e-10,6.725178123643672e-10,3.79130220157194e-09,1.4747265285368586e-07,5.383125954804276e-07,0.0009478775062448915,8.960917779588127e-11,1.1267514827065699e-07,5.082444456143407e-19,5.241626884137796e-15
0.019741948779902072,0.05595639656,0.054,0.0,0.0,6.406889712305272e-05,0.8221409705276242,0.08604379575107737,0.028205707890227513,2.3324632576924233e-06,0.00863744179150924,0.0,0.02872352014179525,2.0761446643872786e-08,1.2934356756284169e-12,1.0950948100322081e-08,5.197071472886795e-10,6.70331565508388e-10,3.77812404647854e-09,1.468681714634868e-07,5.361112299923002e-07,0.000947870028924042,8.892428941777182e-11,1.1227325108689069e-07,5.124333559492534e-19,5.241727490941924e-15
0.01983765225262365,0.05595639656,0.054,0.0,0.0,6.380848914790207e-05,0.822114775698278,0.08609591208933215,0.02822308074606995,2.342015171000076e-06,0.008602697721828617,0.0,0.02872379354311312,2.067672087035629e-08,1.2838056722905995e-12,1.086247278010525e-08,5.154713321576298e-10,6.681629215716261e-10,3.76503600765631e-09,1.4626868643778575e-07,5.339280186466106e-07,0.0009478625945988085,8.824726490071012e-11,1.118741985904863e-07,5.166389882675037e-19,5.2418272769025115e-15
0.019933355725345225,0.05595639656,0.054,0.0,0.0,6.355021687872217e-05,0.8220887937579531,0.08614760481382648,0.028240312362285906,2.351566028380108e-06,0.008568236059696342,0.0,0.028724064720744066,2.0592692500926225e-08,1.274290512784147e-12,1.0775075165129438e-08,5.112875245019126e-10,6.660116625613535e-10,3.752037189532261e-09,1.4567413559560334e-07,5.317627360135349e-07,0.0009478552026985728,8.757798401426217e-11,1.1147796111304117e-07,5.208613405486368e-19,5.241926252200511e-15
0.0200290591980668,0.05595639656,0.054,0.0,0.0,6.329405394339174e-05,0.8220630220997901,0.08619887911155988,0.02825740446832398,2.3611158381270535e-06,0.008534053347136951,0.0,0.028724333702183774,2.0509352900905558e-08,1.2648883292983862e-12,1.0688737712675704e-08,5.071548713160866e-10,6.638775741065815e-10,3.739126707799497e-09,1.4508445778933547e-07,5.296151604014822e-07,0.0009478478526619401,8.691632881879486e-11,1.1108450938739077e-07,5.251004107824961e-19,5.2420244268485424e-15
0.020124762670788377,0.05595639656,0.054,0.0,0.0,6.30399744047375e-05,0.8220374581595716,0.08624974008468762,0.028274358765344114,2.3706646084232352e-06,0.008500146182737424,0.0,0.02872460051447467,2.0426693557795796e-08,1.2555972923563092e-12,1.0603443237252679e-08,5.030725370924397e-10,6.617604453818877e-10,3.72630368925847e-09,1.4449959288338223e-07,5.274850737799534e-07,0.0009478405439365759,8.6262183613342e-11,1.1069381454119587e-07,5.293561969691229e-19,5.242121810694352e-15
0.020220466143509953,0.05595639656,0.054,0.0,0.0,6.27879527515317e-05,0.8220120994148509,0.0863001927522563,0.02829117692679626,2.3802123473408402e-06,0.008466511220490022,0.0,0.028724865184215284,2.0344706111555718e-08,1.2464156098670986e-12,1.0519174901869422e-08,4.990397033894232e-10,6.596600690305159e-10,3.713567271655279e-09,1.4391948173313148e-07,5.253722617036689e-07,0.0009478332759790121,8.561543488480103e-11,1.1030584809049382e-07,5.336286971186614e-19,5.242218413424212e-15
0.02031616961623153,0.05595639656,0.054,0.0,0.0,6.253796388970181e-05,0.8219869433840994,0.08635024205189697,0.028307860598984946,2.389759062843964e-06,0.008433145168663569,0.0,0.02872512773756941,2.0263382359676094e-08,1.2373415262038139e-12,1.0435916209560558e-08,4.950555684151891e-10,6.575762410969804e-10,3.7009166035215778e-09,1.4334406616444085e-07,5.232765132384888e-07,0.0009478260482544445,8.497597125848733e-11,1.0992058193334556e-07,5.37917909251274e-19,5.2423142445662525e-15
0.020411873088953106,0.05595639656,0.054,0.0,0.0,6.228998313388714e-05,0.8219619876258785,0.08639989284147691,0.028324411401619978,2.3993047627906012e-06,0.008400044788702326,0.0,0.028725388200274957,2.0182714196506496e-08,1.228373321310296e-12,1.0353650995140753e-08,4.911193466212889e-10,6.55508760958757e-10,3.68835084402554e-09,1.4277328895392635e-07,5.211976208902578e-07,0.000947818860236599,8.434368345003219e-11,1.0953798834385499e-07,5.422238313970592e-19,5.242409313493671e-15
0.020507576561674682,0.05595639656,0.054,0.0,0.0,6.204398619911357e-05,0.8219372297380275,0.08644914990071123,0.02834083092835373,2.4088494549345464e-06,0.008367206894151586,0.0,0.028725646597652497,2.0102693648965363e-08,1.2195093098345774e-12,1.0272363417198145e-08,4.872302683053828e-10,6.534574312512769e-10,3.6758691628189335e-09,1.422070938095317e-07,5.191353805346481e-07,0.000947811711407576,8.37184642185067e-11,1.0915803996611988e-07,5.465464615959304e-19,5.242503629427852e-15
0.02060328003439626,0.05595639656,0.054,0.0,0.0,6.179994919253685e-05,0.8219126673568753,0.08649801793273527,0.028357120747305488,2.418393146927299e-06,0.008334628349609387,0.0,0.028725902954613972,2.0023312932980702e-08,1.2107478402824444e-12,1.0192037950324982e-08,4.833875792298691e-10,6.514220578048373e-10,3.6634707398773952e-09,1.4164542535126488e-07,5.170895913475885e-07,0.0009478046012576118,8.310020832071039e-11,1.0878070980802818e-07,5.508857978975408e-19,5.242597201441516e-15
0.020698983507117834,0.05595639656,0.054,0.0,0.0,6.155784860564132e-05,0.8218882981564671,0.0865465015656391,0.02837328240157304,2.427935846319952e-06,0.008302306069703561,0.0,0.028726157295670803,1.994456433736993e-08,1.2020872941974926e-12,1.0112659377544741e-08,4.795905402514821e-10,6.494024495875145e-10,3.6511547653602733e-09,1.4108822909298726e-07,5.1506005573952e-07,0.0009477975292849627,8.248881246672682e-11,1.084059712356693e-07,5.552418383612271e-19,5.242690038461677e-15
0.02079468697983941,0.05595639656,0.054,0.0,0.0,6.131766130664158e-05,0.8218641198478134,0.08659460535396526,0.028389317409732016,2.4374775605649217e-06,0.008270237018093245,0.0,0.028726409644941782,1.986644021874521e-08,1.193526085368813e-12,1.0034212782948766e-08,4.758384269536953e-10,6.473984186313802e-10,3.6389204394733477e-09,1.4053545142467778e-07,5.130465792913624e-07,0.0009477904949958315,8.188417527663725e-11,1.0803379796787184e-07,5.596145810558641e-19,5.2427821492725046e-15
0.020890390452560987,0.05595639656,0.054,0.0,0.0,6.107936453262394e-05,0.821840130178154,0.08664233378017053,0.028405227266323312,2.4470182970176884e-06,0.008238418206494309,0.0,0.028726660026161185,1.9788933194076306e-08,1.1850626590537498e-12,9.956683544574559e-09,4.721305292949333e-10,6.454097799666506e-10,3.6267669723035808e-09,1.3998703959411156e-07,5.110489706883177e-07,0.0009477834979040732,8.12861972382213e-11,1.0766416406996533e-07,5.640040240597546e-19,5.24287354251828e-15
0.020986093925282563,0.05595639656,0.054,0.0,0.0,6.084293588221212e-05,0.8218163269302418,0.08668969125605258,0.0284210134423288,2.4565580629386527e-06,0.008206846693728278,0.0,0.02872690846268657,1.9712035982299542e-08,1.1766954912220163e-12,9.880057327454469e-09,4.684661512750644e-10,6.43436351581009e-10,3.614693583679177e-09,1.3944294168974794e-07,5.090670416580712e-07,0.0009477765375310098,8.069478066583918e-11,1.0729704394831766e-07,5.684101654606606e-19,5.2429642267062126e-15
0.02108179739800414,0.05595639656,0.054,0.0,0.0,6.060835330892534e-05,0.8217927079216418,0.08673668212414351,0.028436677385635857,2.4660968654947324e-06,0.008175519584793553,0.0,0.02872715497750569,1.963574118451458e-08,1.1684230878321188e-12,9.804320076813516e-09,4.6484461059538685e-10,6.414779543544801e-10,3.6026995030665573e-09,1.3890310662520984e-07,5.071006069147969e-07,0.0009477696134055736,8.010982966049751e-11,1.0693241234599125e-07,5.728330033556493e-19,5.243054210208985e-15
0.021177500870725716,0.05595639656,0.054,0.0,0.0,6.037559511368232e-05,0.8217692710040483,0.08678331065906986,0.028452220521490774,2.4756347117607972e-06,0.008144434029958413,0.0,0.028727399593243958,1.956004173480446e-08,1.1602439841194691e-12,9.729458011534163e-09,4.612652383250034e-10,6.395344119742667e-10,3.5907839694002097e-09,1.3836748412182009e-07,5.051494840960277e-07,0.0009477627250639959,7.953125007065073e-11,1.0657024433647642e-07,5.772725358508248e-19,5.243143501267427e-15
0.021273204343447292,0.05595639656,0.054,0.0,0.0,6.01446399373198e-05,0.8217460140626164,0.08682958106887996,0.02846764425294162,2.485171608721596e-06,0.00811358722387602,0.0,0.028727642332172638,1.94849309382206e-08,1.1521567438936321e-12,9.655457617812065e-09,4.577273786063162e-10,6.376055509071407e-10,3.578946230904349e-09,1.378360246911805e-07,5.032134936996659e-07,0.0009477558720492603,7.895894945398599e-11,1.0621051531721712e-07,5.817287610615133e-19,5.2432321079935175e-15
0.021368907816168868,0.05595639656,0.054,0.0,0.0,5.991546675529993e-05,0.8217229350153108,0.08687549749634157,0.02848294996127059,2.494707563273459e-06,0.008082976404720062,0.0,0.02872788321621458,1.9410401598508695e-08,1.144159958876605e-12,9.582305642830897e-09,4.542303883525197e-10,6.356912003754409e-10,3.5671855450534614e-09,1.3730867962276414e-07,5.012924590393087e-07,0.0009477490539116024,7.839283704069707e-11,1.0585320100722775e-07,5.862016771123078e-19,5.24332003837247e-15
0.021464611288890444,0.05595639656,0.054,0.0,0.0,5.9688054871340925e-05,0.82170003181227,0.08692106402020905,0.02849813900641637,2.504242582225068e-06,0.008052598853339435,0.0,0.028728122266949988,1.9336446602328965e-08,1.1362522480592614e-12,9.509989088703312e-09,4.5077363691015204e-10,6.337911922352743e-10,3.5555011784514714e-09,1.3678540096905195e-07,4.993862061905752e-07,0.0009477422702086781,7.783282369731164e-11,1.0549827744237498e-07,5.906912821363272e-19,5.243407300264812e-15
0.02156031476161202,0.05595639656,0.054,0.0,0.0,5.9462383908221525e-05,0.8216773024351827,0.0869662846564589,0.02851321272738657,2.513776672299265e-06,0.008022451892433823,0.0,0.0287283595056262,1.9263060137948048e-08,1.1284322570409133e-12,9.438495206791215e-09,4.473565057907075e-10,6.319053609085872e-10,3.5438924065117963e-09,1.3626614152421836e-07,4.974945639138112e-07,0.0009477355205039664,7.727882189072306e-11,1.0514572096486887e-07,5.951975742753726e-19,5.2434939014099536e-15
0.021656018234333597,0.05595639656,0.054,0.0,0.0,5.923843380329883e-05,0.8216547448966819,0.08701116335949802,0.028528172442660663,2.523309840135813e-06,0.007992532885749602,0.0,0.028728594953163916,1.9190235660583182e-08,1.1206986574125465e-12,9.367811491840055e-09,4.439783884497403e-10,6.30033543469025e-10,3.532358513447597e-09,1.3575085481360387e-07,4.95617363616238e-07,0.0009477288043671249,7.673074565433347e-11,1.0479550822183564e-07,5.997205516809845e-19,5.243579849428463e-15
0.021751721707055173,0.05595639656,0.054,0.0,0.0,5.901618480679187e-05,0.8216323572397506,0.08705570402334753,0.028543019450583556,2.532842092291218e-06,0.007962839237291118,0.0,0.02872882863015744,1.911796496619833e-08,1.1130501461937772e-12,9.297925676102998e-09,4.406386899304218e-10,6.281755795461612e-10,3.52089879244088e-09,1.3523949508950844e-07,4.937544393372087e-07,0.0009477221213764588,7.61885105555395e-11,1.044476161691645e-07,6.042602125130036e-19,5.243665151822113e-15
0.02184742517977675,0.05595639656,0.054,0.0,0.0,5.879561746924324e-05,0.8216101375371427,0.08709991048279442,0.028557755029750196,2.5423734352385985e-06,0.007933368390549929,0.0,0.02872906055688569,1.9046242885154418e-08,1.1054854452171403e-12,9.228825724402033e-09,4.3733682653258383e-10,6.263313110339653e-10,3.509512545073083e-09,1.3473201730225677e-07,4.919056276429844e-07,0.000947715471115977,7.565203366131153e-11,1.041020220538206e-07,6.08816554938084e-19,5.243749815977923e-15
0.021943128652498325,0.05595639656,0.054,0.0,0.0,5.8576712631367e-05,0.8215880838908171,0.0871437865145124,0.028572380439381286,2.551903875373528e-06,0.007904117827758428,0.0,0.028729290753327502,1.8975065863714954e-08,1.0980033005163322e-12,9.160499829103044e-09,4.3407222575838945e-10,6.245005822686679e-10,3.4981990809095275e-09,1.3422837707674033e-07,4.900707675415244e-07,0.0009477088531719171,7.512123350551118e-11,1.0375870340063718e-07,6.133895771334866e-19,5.243833849173726e-15
0.0220388321252199,0.05595639656,0.054,0.0,0.0,5.835945143497651e-05,0.8215661944313823,0.08718733583817148,0.028586896919690415,2.561433419015464e-06,0.00787508506915592,0.0,0.02872951923915099,1.8904423365148423e-08,1.0906024818493283e-12,9.092936403812438e-09,4.308443260562899e-10,6.226832403601248e-10,3.4869577185007764e-09,1.3372853073713485e-07,4.882497005735034e-07,0.0009477022671407932,7.459603006184579e-11,1.0341763804053204e-07,6.179792772872388e-19,5.2439172585742656e-15
0.022124965250669322,0.05595639656,0.054,0.0,0.0,5.8165306316940965e-05,0.8215466327752927,0.08722625392329747,0.02859986962740137,2.5700092469491278e-06,0.007849139789526515,0.0,0.028729723429822294,1.8841297039066303e-08,1.0840102806128858e-12,9.032771830813577e-09,4.2797013978458245e-10,6.210589535052307e-10,3.4769015828367926e-09,1.3328187724340942e-07,4.866224044113092e-07,0.0009476963666717173,7.412806713526951e-11,1.0311258768981568e-07,6.221242655845343e-19,5.24399179952161e-15
0.0222024850635738,0.05595639656,0.054,0.0,0.0,5.7991690113092954e-05,0.8215291386229892,0.08726105865293818,0.02861147119731227,2.577726879258303e-06,0.007825936735041073,0.0,0.028729906041656875,1.8784848298120764e-08,1.0781320711352082e-12,8.979137157227223e-09,4.2540808141426017e-10,6.196061721122116e-10,3.467900127123492e-09,1.3288246120297915e-07,4.851671894701406e-07,0.0009476910778402753,7.371067545301059e-11,1.028395746937174e-07,6.258663030352748e-19,5.2440584634426045e-15
0.022280004876478278,0.05595639656,0.054,0.0,0.0,5.7819119694033286e-05,0.8215117489610907,0.087295655461612,0.02862300344331713,2.5854439343537635e-06,0.007802872293784421,0.0,0.028730087565155656,1.8728740786695186e-08,1.072305107247059e-12,8.925982842513655e-09,4.228691381675492e-10,6.181619089301286e-10,3.4589447920708765e-09,1.3248545881669827e-07,4.837207502157627e-07,0.0009476858092484822,7.329681804468382e-11,1.0256800157346677e-07,6.29619279692377e-19,5.244124730477801e-15
0.022357524689382756,0.05595639656,0.054,0.0,0.0,5.7647585571143074e-05,0.8214944628488294,0.08733004622123923,0.028634466989552642,2.5931604154475105e-06,0.0077799452178184325,0.0,0.028730268010214638,1.8672970532489272e-08,1.066528778270591e-12,8.873303133318976e-09,4.203530311630374e-10,6.167260868230447e-10,3.4500352308741867e-09,1.3209084811245675e-07,4.822830069227702e-07,0.0009476805606921286,7.288645500313757e-11,1.0229785707519677e-07,6.333831946071464e-19,5.244190604232333e-15
0.022435044502287234,0.05595639656,0.054,0.0,0.0,5.747707836934424e-05,0.821477279356761,0.08736423278121226,0.02864586245264389,2.600876325720522e-06,0.007757154274221693,0.0,0.028730447386608866,1.8617536230660888e-08,1.0608024828383026e-12,8.82109236390508e-09,4.178594858775422e-10,6.152986295737279e-10,3.441171099948504e-09,1.3169860738248588e-07,4.808538808226851e-07,0.0009476753319694008,7.247954699518533e-11,1.0202913005632131e-07,6.371580468355426e-19,5.244256088267317e-15
0.022512564315191712,0.05595639656,0.054,0.0,0.0,5.73075888323702e-05,0.8214601975665897,0.08739821696874098,0.02865719044181911,2.608591668322044e-06,0.007734498244863387,0.0,0.02873062570399057,1.8562433180132323e-08,1.0551256285489652e-12,8.769344953140028e-09,4.153882321161488e-10,6.138794623608806e-10,3.432352059406346e-09,1.3130871519474545e-07,4.794332941460345e-07,0.000947670122883345,7.207605524069676e-11,1.0176180949884711e-07,6.409438354354707e-19,5.2443211860991915e-15
0.02259008412809619,0.05595639656,0.054,0.0,0.0,5.713910781175095e-05,0.821443216571004,0.08743200058918128,0.028668451559020595,2.6163064463695945e-06,0.007711975926180333,0.0,0.028730802971899134,1.8507658977517386e-08,1.049497631905516e-12,8.718055401957602e-09,4.1293900323199485e-10,6.124685105620318e-10,3.4235777724008955e-09,1.309211503675305e-07,4.780211700296925e-07,0.0009476649332375467,7.167594149702081e-11,1.0149588448991627e-07,6.447405594685138e-19,5.244385901203281e-15
0.02265985195971022,0.05595639656,0.054,0.0,0.0,5.698832970047229e-05,0.8214280191131744,0.08746223583748963,0.028678529880683992,2.623249266471105e-06,0.007691819178817055,0.0,0.028730961623511582,1.8458641642531683e-08,1.044473732982248e-12,8.67228179763968e-09,4.107533117124936e-10,6.112056174316052e-10,3.4157189024730123e-09,1.3057431461178274e-07,4.767574310187316e-07,0.0009476602790163182,7.131869615089783e-11,1.0125773624254268e-07,6.481669601205709e-19,5.24444382040433e-15
0.02272961979132425,0.05595639656,0.054,0.0,0.0,5.6838354650220656e-05,0.8214129019265072,0.08749231135734017,0.02868855494658131,2.6301916340157575e-06,0.007671768916523485,0.0,0.028731119439481107,1.8409885900718455e-08,1.0394885298619895e-12,8.626870778477958e-09,4.0858505952162056e-10,6.099492668126438e-10,3.407895771640206e-09,1.3022933198224056e-07,4.755004304275441e-07,0.0009476556402438709,7.096412932067806e-11,1.0102070183845612e-07,6.516022170364661e-19,5.244501434853182e-15
0.022799387622938278,0.05595639656,0.054,0.0,0.0,5.668917621803484e-05,0.821397864371744,0.08752222842071888,0.028698527180818362,2.637133551214972e-06,0.007651824291314656,0.0,0.02873127642652621,1.8361389388889237e-08,1.0345416149815599e-12,8.581818501326998e-09,4.0643406003491514e-10,6.086994057356577e-10,3.40010814110298e-09,1.298861875627078e-07,4.7425011412545637e-07,0.0009476510167823222,7.061221421499059e-11,1.0078477355241471e-07,6.550463295394607e-19,5.244558746997544e-15
0.022869155454552308,0.05595639656,0.054,0.0,0.0,5.6540788026700796e-05,0.8213829058164352,0.08755198828606728,0.028708447002985443,2.6440750202610202e-06,0.007631984464233772,0.0,0.028731432591296326,1.8313151815226078e-08,1.0296325864651284e-12,8.537121176279747e-09,4.043001297813875e-10,6.074559818167684e-10,3.392355773870436e-09,1.295448665901505e-07,4.7300642853611504e-07,0.0009476464084936352,7.026292438469696e-11,1.0054994372215846e-07,6.58499296954902e-19,5.244615759260038e-15
0.022938923286166337,0.05595639656,0.054,0.0,0.0,5.6393183772112925e-05,0.8213680256348447,0.08758159219846787,0.02871831482821826,2.651016043327017e-06,0.007612248605232441,0.0,0.028731587940366413,1.8265169193644675e-08,1.0247610468086693e-12,8.492775066503508e-09,4.02183088910936e-10,6.062189466803526e-10,3.3846384352816953e-09,1.2920535447175514e-07,4.717693206998826e-07,0.0009476418152432851,6.991623372741652e-11,1.0031620476347543e-07,6.619611186092569e-19,5.244672474036198e-15
0.023008691117780367,0.05595639656,0.054,0.0,0.0,5.624635721512437e-05,0.8213532232078631,0.08761104138981796,0.02872813106725638,2.6579566225671366e-06,0.0075926158930509375,0.0,0.02873174248024236,1.8217439711623495e-08,1.0199266048632088e-12,8.448776476752276e-09,4.0008275727938463e-10,6.049882472606768e-10,3.376955892646255e-09,1.2886763676411918e-07,4.705387381986885e-07,0.0009476372368973528,6.957211642622334e-11,1.0008354915896163e-07,6.654317938322693e-19,5.2447288936963306e-15
0.023071482166232993,0.05595639656,0.054,0.0,0.0,5.6114873139915775e-05,0.8213399669973469,0.0876374143832093,0.028736921912173686,2.6642027661779853e-06,0.007575033970838929,0.0,0.0287318808795931,1.817469941542032e-08,1.0156070065839421e-12,8.40947186545212e-09,3.9820659975489223e-10,6.038859928341895e-10,3.370071163892569e-09,1.2856521323106804e-07,4.694367502200061e-07,0.0009476331290186674,6.926459001662866e-11,9.98750792183904e-08,6.685629707816627e-19,5.244779421005799e-15
0.02313427321468562,0.05595639656,0.054,0.0,0.0,5.598400954357422e-05,0.8213267728297075,0.08766366391968156,0.02874567159481336,2.6704485535651634e-06,0.007557534352804354,0.0,0.028732018633358045,1.8132161147713743e-08,1.011316865697138e-12,8.370443174584504e-09,3.963437077196109e-10,6.027887955111805e-10,3.363214265998964e-09,1.2826422128270508e-07,4.683399683234915e-07,0.0009476290330088574,6.895910904127478e-11,9.966747537106301e-08,6.717013180941298e-19,5.244829712864288e-15
0.023197064263138247,0.05595639656,0.054,0.0,0.0,5.585376201524622e-05,0.8213136402670358,0.08768979087058283,0.028754380405700445,2.6766939862613314e-06,0.007540116458052688,0.0,0.02873215574613703,1.8089822747514614e-08,1.0070559080544893e-12,8.331687810221007e-09,3.944939548715875e-10,6.016966170909172e-10,3.35638503352431e-09,1.2796465070911565e-07,4.6724835545310595e-07,0.0009476249487736998,6.865565533739594e-11,9.946073227881221e-08,6.748468352853203e-19,5.244879770947729e-15
0.023259855311590874,0.05595639656,0.054,0.0,0.0,5.572412618146244e-05,0.8213005688755564,0.08771579609903471,0.02876304863261767,2.6829390657877333e-06,0.007522779711171678,0.0,0.028732292222489877,1.8047685109237964e-08,1.0028238638531259e-12,8.293203211210991e-09,3.9265721698090894e-10,6.006094178479107e-10,3.349583301964845e-09,1.2766649138774167e-07,4.6616187486872997e-07,0.0009476208762177944,6.835421095220148e-11,9.925484463699312e-08,6.779995218723592e-19,5.244929596917503e-15
0.0233226463600435,0.05595639656,0.054,0.0,0.0,5.5595097715481166e-05,0.8212875582255776,0.08774168046003493,0.028771676560638577,2.6891837936537773e-06,0.0075055235421674785,0.0,0.028732428066929362,1.800574522787601e-08,9.986204592039428e-13,8.254986854434424e-09,3.9083337423621195e-10,5.9952717703736e-10,3.3428089083286967e-09,1.2736973330584662e-07,4.650804902279556e-07,0.0009476168152489212,6.805475817610494e-11,9.904980719121059e-08,6.811593773728016e-19,5.244979192417961e-15
0.023379158303650865,0.05595639656,0.054,0.0,0.0,5.547948785171863e-05,0.821275900222693,0.08776487374344666,0.028779407473756048,2.69480374930161e-06,0.007490061417363219,0.0,0.028732549790334575,1.7968166868673904e-08,9.948616665399853e-13,8.220819405255113e-09,3.8920283855924234e-10,5.985573599343244e-10,3.3367351944051442e-09,1.271038408885827e-07,4.641115713085232e-07,0.0009476131702080937,6.778693895199368e-11,9.88659961023093e-08,6.840093763473455e-19,5.245023632663557e-15
0.02343567024725823,0.05595639656,0.054,0.0,0.0,5.5364363383899706e-05,0.8212642907680537,0.08778797042230474,0.028787106177574594,2.700423422401734e-06,0.007474663695256095,0.0,0.02873267100874288,1.7930747229260038e-08,9.911256689396727e-13,8.186865398663151e-09,3.875825611415871e-10,5.975914975237835e-10,3.3306833760906428e-09,1.2683906826449636e-07,4.631467248934395e-07,0.0009476095344112896,6.752070602277181e-11,9.868286567795987e-08,6.868651814033678e-19,5.245067888725906e-15
0.023492182190865595,0.05595639656,0.054,0.0,0.0,5.52497212408274e-05,0.8212527295567112,0.08781097110339389,0.02879477287440872,2.7060428140309507e-06,0.007459329971325854,0.0,0.02873279172535748,1.789348485971228e-08,9.87412276672866e-13,8.153123050409285e-09,3.859724556585617e-10,5.966295659761636e-10,3.3246533371401182e-09,1.265754083259295e-07,4.6218592518360156e-07,0.0009476059077924462,6.725604684950736e-11,9.850041217467474e-08,6.897267921924027e-19,5.245111961772146e-15
0.02354869413447296,0.05595639656,0.054,0.0,0.0,5.513555837691284e-05,0.8212412162862791,0.08783387638840119,0.028802407764873243,2.711661925258779e-06,0.007444059844450383,0.0,0.028732911943354582,1.7856378711096857e-08,9.837213028478483e-13,8.119590594851609e-09,3.8437243661685606e-10,5.956715397647345e-10,3.3186449620803896e-09,1.2631285402471695e-07,4.612291465953963e-07,0.0009476022902859494,6.699294901731561e-11,9.831863187523378e-08,6.925942083669011e-19,5.245155852959595e-15
0.023605206078080324,0.05595639656,0.054,0.0,0.0,5.5021871772207564e-05,0.8212297506569061,0.08785668687396973,0.028810011047901207,2.7172807571474678e-06,0.007428852916870009,0.0,0.028733031665883414,1.7819427933088457e-08,9.800525619182973e-13,8.086266285179422e-09,3.8278241957068874e-10,5.947173950375369e-10,3.312658136225463e-09,1.2605139837223968e-07,4.602763637609284e-07,0.0009475986818267716,6.673140023438605e-11,9.813752108900897e-08,6.954674295801673e-19,5.2451995634357466e-15
0.023661718021687688,0.05595639656,0.054,0.0,0.0,5.49086584326555e-05,0.8212183323712489,0.0878794031517515,0.028817582920761434,2.722899310752006e-06,0.007413708794152675,0.0,0.028733150896066314,1.778263140143612e-08,9.764058706345274e-13,8.053148392566509e-09,3.8120232087131135e-10,5.937671073156153e-10,3.306692745705756e-09,1.2579103443997383e-07,4.5932755153005933e-07,0.000947595082350624,6.647138832982722e-11,9.795707615282456e-08,6.983464554863261e-19,5.245243094338311e-15
0.023718229965295053,0.05595639656,0.054,0.0,0.0,5.4795915389042195e-05,0.8212069611344474,0.08790202580845917,0.028825123579075955,2.7285175871202145e-06,0.007398627085159032,0.0,0.02873326963699968,1.7745988201701072e-08,9.727810476677764e-13,8.020235206205261e-09,3.7963205774994444e-10,5.928206522938047e-10,3.300748677410146e-09,1.255317553570597e-07,4.5838268496154767e-07,0.000947591491793583,6.62129012520954e-11,9.777729342918009e-08,7.01231285740324e-19,5.245286446795545e-15
0.023774741908902417,0.05595639656,0.054,0.0,0.0,5.468363969698655e-05,0.821195636654097,0.08792455542591789,0.028832633216837204,2.734135587292896e-06,0.0073836074020080895,0.0,0.028733387891754107,1.7709497409469716e-08,9.69177913376378e-13,7.987525033107065e-09,3.7807154833547815e-10,5.918780063314277e-10,3.294825818997054e-09,1.2527355431027165e-07,4.5744173932296536e-07,0.0009475879100921906,6.595592706746421e-11,9.759816930653375e-08,7.041219199979756e-19,5.245329621926319e-15
0.02383125385250978,0.05595639656,0.054,0.0,0.0,5.45718284369379e-05,0.8211843586402244,0.0879469925811164,0.028840112026425103,2.739753312303883e-06,0.007368649360043122,0.0,0.02873350566337432,1.767315799803372e-08,9.655962901574386e-13,7.955016197756052e-09,3.765207115850265e-10,5.9093914559763e-10,3.2889240589046033e-09,1.2501642454401397e-07,4.5650469009070305e-07,0.0009475843371836011,6.570045395899246e-11,9.741970019956695e-08,7.070183579159465e-19,5.245372620840091e-15
0.02394427773972451,0.05595639656,0.054,0.0,0.0,5.434958765583518e-05,0.8211619408640211,0.0879915917888056,0.02885497792263754,2.7509879409415566e-06,0.00733891667696546,0.0,0.028733739769264438,1.7600929668718344e-08,9.584968754678236e-13,7.890595924761565e-09,3.734477361369588e-10,5.890726860099881e-10,3.2771833911993028e-09,1.245053521119775e-07,4.546421837697814e-07,0.0009475772174958207,6.519396427803143e-11,9.70647128183419e-08,7.128286433636915e-19,5.245458094408358e-15
0.024044327060381086,0.05595639656,0.054,0.0,0.0,5.4154381059272146e-05,0.8211422488382485,0.08803076816941151,0.028868036243666476,2.7609319830107368e-06,0.007312799196885079,0.0,0.02873394541769591,1.7537488994840372e-08,9.522825351802195e-13,7.834226745710489e-09,3.707590318675053e-10,5.874328927465037e-10,3.2668598362477157e-09,1.2405645888069356e-07,4.530062530317494e-07,0.0009475709438555871,6.475051397330913e-11,9.67526278731487e-08,7.179913045207322e-19,5.2455331785497456e-15
0.024144376381037662,0.05595639656,0.054,0.0,0.0,5.39605875534464e-05,0.8211226982227592,0.088069663161609,0.028881000746036566,2.770875177784694e-06,0.00728686930810662,0.0,0.0287341495962432,1.747450886336707e-08,9.461330409670852e-13,7.778464322901274e-09,3.6809946973848594e-10,5.858046178544061e-10,3.256600775645982e-09,1.2361082484815643e-07,4.5138217715984016e-07,0.0009475646968577265,6.43115968463298e-11,9.64425434760306e-08,7.23172151295927e-19,5.245607726554486e-15
0.024244425701694237,0.05595639656,0.054,0.0,0.0,5.3768191747335814e-05,0.8211032874884291,0.08810827980805189,0.02889387244423121,2.7808175307686748e-06,0.007261124982206676,0.0,0.028734352320957137,1.741198452746242e-08,9.40047467783318e-13,7.723299931794565e-09,3.654686279519578e-10,5.84187736546906e-10,3.246405615725798e-09,1.231684144064465e-07,4.4976982688051234e-07,0.0009475584761703782,6.387715114456977e-11,9.613444058607867e-08,7.283711818119792e-19,5.24568174427152e-15
0.024344475022350813,0.05595639656,0.054,0.0,0.0,5.3577178474169734e-05,0.8210840151282149,0.0881466211074588,0.02890665233808486,2.7907590474039075e-06,0.00723556422005203,0.0,0.028734553607654964,1.7349910920893364e-08,9.340249072938196e-13,7.668725004696537e-09,3.6286609235012844e-10,5.825821257960193e-10,3.2362737699412876e-09,1.2272919246799147e-07,4.4816907480586783e-07,0.0009475522814666075,6.344711616485008e-11,9.582830040121558e-08,7.3358839419959435e-19,5.2457552374648e-15
0.02444452434300739,0.05595639656,0.054,0.0,0.0,5.3387532787533176e-05,0.8210648796567556,0.08818469001540757,0.02891934141304791,2.800699733068457e-06,0.007210185051269912,0.0,0.028734753471924133,1.72882827789949e-08,9.280644676776746e-13,7.614731127436685e-09,3.602914562496776e-10,5.809876639491021e-10,3.2262046587767855e-09,1.2229312445653447e-07,4.4657979540098346e-07,0.0009475461124244957,6.302143223281495e-11,9.552410435485541e-08,7.388237865973145e-19,5.2458282118146055e-15
0.024544573663663964,0.05595639656,0.054,0.0,0.0,5.319923995568835e-05,0.8210458796099817,0.08822248944511106,0.02893194064044546,2.810639593078141e-06,0.007184985533730139,0.0,0.028734951929127818,1.72270957642601e-08,9.221652728232328e-13,7.561310036146241e-09,3.5774432024082263e-10,5.794042315719716e-10,3.2161977095319416e-09,1.2186017629398434e-07,4.450018649361843e-07,0.0009475399687263016,6.260004068162077e-11,9.522183410898013e-08,7.440773571513674e-19,5.245900672919519e-15
0.02464462298432054,0.05595639656,0.054,0.0,0.0,5.30122854589648e-05,0.8210270135447331,0.08826002226817713,0.02894445097773072,2.8205786326875046e-06,0.007159963753039214,0.0,0.02873514899440837,1.716634527804698e-08,9.163264621514033e-13,7.508453613964783e-09,3.552242921013708e-10,5.778317111643916e-10,3.206252356313345e-09,1.2143031439424171e-07,4.4343516146485076e-07,0.0009475338500588315,6.218288383093277e-11,9.492147155322649e-08,7.493491040156584e-19,5.245972626297772e-15
0.024744672304977115,0.05595639656,0.054,0.0,0.0,5.282665498726558e-05,0.8210082800383861,0.08829729131535202,0.028956873368732663,2.8305168570905096e-06,0.007135117822045165,0.0,0.028735344682690043,1.7106025766749053e-08,9.105471907999773e-13,7.456153887810711e-09,3.5273098663414227e-10,5.762699860486842e-10,3.196368040025073e-09,1.2100350565737305e-07,4.418795648024539e-07,0.0009475277561139945,6.176990496793262e-11,9.46229988040055e-08,7.546390253515449e-19,5.246044077388209e-15
0.02484472162563369,0.05595639656,0.054,0.0,0.0,5.264233443300737e-05,0.8209896776884892,0.0883342993772465,0.028969208743898398,2.8404542714215696e-06,0.007110445880351897,0.0,0.02873553900868517,1.7046133172028102e-08,9.048266285634785e-13,7.404403025385503e-09,3.5026402537048797e-10,5.747189416651019e-10,3.186544208046468e-09,1.205797174533364e-07,4.4033495646736086e-07,0.0009475216865873369,6.136104832750853e-11,9.432639819451615e-08,7.599471193277121e-19,5.2461150315524375e-15
0.024944770946290266,0.05595639656,0.054,0.0,0.0,5.24593098881947e-05,0.8209712051124031,0.08837104920504683,0.028981458020530385,2.850390880757055e-06,0.00708594609384586,0.0,0.028735731986898178,1.6986663892875727e-08,8.991639594493976e-13,7.353193332386076e-09,3.4782303661249655e-10,5.731784660062853e-10,3.176780314191324e-09,1.201589176150849e-07,4.3880121965597616e-07,0.0009475156411781001,6.095625907226311e-11,9.403165227291469e-08,7.652733841205599e-19,5.246185494076412e-15
0.025044820266946842,0.05595639656,0.054,0.0,0.0,5.2277567645911776e-05,0.8209528609469526,0.08840754351121347,0.02899362210301864,2.860326690115552e-06,0.007061616654232321,0.0,0.02873592363162485,1.6927611696663734e-08,8.935583826298009e-13,7.302517249378218e-09,3.454076553723555e-10,5.716484471334669e-10,3.1670758189543248e-09,1.1974107444189449e-07,4.37278239255227e-07,0.0009475096195914787,6.055548327634628e-11,9.373874380895633e-08,7.706178179138206e-19,5.2462554701701875e-15
0.025144869587603418,0.05595639656,0.054,0.0,0.0,5.2097094191481e-05,0.8209346438480829,0.08844378497016185,0.029005701883068155,2.8702617044581087e-06,0.007037455778578581,0.0,0.028736113956959224,1.686897207189816e-08,8.880091112023615e-13,7.252367348672285e-09,3.430175227930939e-10,5.701287745635694e-10,3.1574301890554765e-09,1.1932615667904392e-07,4.3576590176853395e-07,0.0009475036215364445,6.015866790688496e-11,9.344765578019667e-08,7.759804188977962e-19,5.246324964970225e-15
0.025244918908259993,0.05595639656,0.054,0.0,0.0,5.1917876194646566e-05,0.820916552490525,0.08847977621892673,0.029017698239921303,2.8801959286907346e-06,0.007013461708870134,0.0,0.028736302976802464,1.681074376360462e-08,8.825153706957478e-13,7.202736332279149e-09,3.406522863071207e-10,5.686193419216201e-10,3.1478428970636447e-09,1.1891413349966534e-07,4.342640952497946e-07,0.0009474976467232667,5.976576080237885e-11,9.315837136035296e-08,7.813611852705278e-19,5.2463939835428095e-15
0.02534496822891657,0.05595639656,0.054,0.0,0.0,5.173990051904731e-05,0.8208985855674666,0.08851551985781948,0.029029612040575636,2.890129367664968e-06,0.006989632711578224,0.0,0.02873649070485645,1.675292003200716e-08,8.770764013494836e-13,7.153617029129935e-09,3.3831160001524715e-10,5.671200423371353e-10,3.1383134221703317e-09,1.1850497452635953e-07,4.3277270938273746e-07,0.0009474916948690404,5.937671066013809e-11,9.287087394135221e-08,7.867601152379366e-19,5.2464625308817824e-15
